mu[1,1] mu[1,2] mu[2,1] mu[2,2] tau[1,1,1] tau[1,2,1] tau[2,1,1] tau[2,2,1] tau[1,1,2] tau[1,2,2] tau[2,1,2] tau[2,2,2] probdiff predOne[1] predOne[2] predTwo[1] predTwo[2]
0.547373656689139 0.598476651072102 0.946743269503314 0.46440132119548 85.3241853003302 -52.6919129913895 -52.6919129913895 37.4355059548599 7.81861551932347 -6.86428228771014 -6.86428228771014 6.46971659682738 0.00426015745303275 0.506460525523877 1.05164594328446 0.767063658347909 0.678116343109378
0.578964923611153 0.65799530929987 0.98974347114828 0.541391449677456 79.7455711460648 -47.624922462588 -47.624922462588 32.3564484864085 14.7237506170872 -4.79877995721055 -4.79877995721055 7.75416955529194 0.0187436053443148 0.545596606025915 1.02029833244586 0.469352967740662 0.506940788165117
0.591572846772128 0.637826778805009 1.00585276780551 0.502865997219847 81.4151430965109 -49.0952163044515 -49.0952163044515 34.3692077152933 13.3846143410516 -4.40990823059459 -4.40990823059459 7.51250680687906 0.0281966076272 0.841121101702666 1.38513096734907 0.402897712006666 0.143530935480336
0.571314643795808 0.637625931341445 0.977758025824832 0.47223393087569 81.3690135381814 -49.8179506674194 -49.8179506674194 34.7468884208647 14.6694838576677 -4.86988679197545 -4.86988679197545 8.60501041562261 0.0630620507278504 0.168394668871157 0.231004554714054 1.1421802682709 1.28597065007748
0.596342087324835 0.620929153275571 1.00495873657755 0.435296717516422 79.9160444221189 -48.3284866400876 -48.3284866400876 33.7243201916573 13.9832945005159 -5.42365196436976 -5.42365196436976 12.2036323100109 0.127355135789357 0.610670188325396 0.891231999595165 0.872946989240013 0.943881135305971
0.600987122580649 0.638626930940505 1.02621111878464 0.393025696525613 88.8160316188554 -54.2639391426538 -54.2639391426538 37.7941370699459 14.8896535015759 -7.07381849148619 -7.07381849148619 18.7793828412391 0.186465460296915 0.661854563658815 1.05076499952561 0.637837089620902 0.148503198718144
0.596543856816467 0.61939933116475 1.00969769799007 0.33856936461383 80.8948240882171 -50.005787664008 -50.005787664008 35.3311765528382 15.8697222172369 -12.6591011760982 -12.6591011760982 33.4693516742906 0.226622634183342 0.715018756617343 1.07742777425858 0.0587073515419289 -0.076653965531769
0.588710461198208 0.63052531134447 1.00419897149477 0.320263169103172 88.458173772936 -53.5876124226463 -53.5876124226463 36.9500089630682 19.9144485242301 -21.1749800306305 -21.1749800306305 56.4710648285337 0.232594322993549 0.484821494428558 0.715031330508694 1.15393247836199 0.138316146278127
0.594125947396636 0.634391963879641 1.00449910307782 0.31466102545175 86.8898584503155 -52.616377413237 -52.616377413237 36.1675073924548 22.4987566758147 -26.5594835618802 -26.5594835618802 62.3417861516392 0.270477787495439 0.562103139244212 1.0277529340729 1.00727546563185 0.487940888050947
0.566849534104743 0.637468305177109 0.97649957530497 0.32646427014811 86.2817260844016 -52.0671646126513 -52.0671646126513 36.2456252453981 25.8376065344994 -28.7136147724625 -28.7136147724625 59.6390544225248 0.282224554750742 0.672403101235693 1.42435198010561 0.73327827145429 0.433753906511938
0.582346650978681 0.654658236046102 0.984231730153753 0.315365969877291 83.3958403919617 -51.2390699070487 -51.2390699070487 36.141564238708 23.5085579698219 -28.2355837266374 -28.2355837266374 63.763998196236 0.295817192746509 0.499133034638111 0.971201335391129 0.77268381432836 0.444933464899924
0.547685996603191 0.673923411343996 0.928315027980445 0.332161004552174 82.0955736476149 -49.7860132430345 -49.7860132430345 35.0674230446707 28.0961780951999 -35.5996356703146 -35.5996356703146 73.1324864782653 0.335277608420597 0.301034653599244 0.722370712582222 0.655082764336791 0.182071167459504
0.579937643700903 0.678928157956928 0.969752735497446 0.331530528451352 89.1268041899551 -54.8922263432471 -54.8922263432471 38.3146141965898 30.9125602606912 -38.3882212419641 -38.3882212419641 80.6103217207292 0.309539516140534 0.40749451799327 0.57235109598931 0.530602304085919 0.291984586779951
0.577615048933736 0.686658874131504 0.969715759790187 0.326364746037082 79.3090132782625 -48.3043015896239 -48.3043015896239 34.2940384876507 30.5764472416581 -40.7318160720502 -40.7318160720502 85.2069340183708 0.299137905253172 0.689346896832842 1.08156751933133 0.90470712216139 0.518605365794649
0.586569472426635 0.668117008925096 0.975138934448974 0.320322388749058 84.4382890468294 -50.9002157610979 -50.9002157610979 35.8060909844686 30.5683768167974 -38.7351434259269 -38.7351434259269 77.5288900755397 0.291101271196062 0.566039307338023 1.09489265481127 0.447971420380145 -0.0120307614863047
0.589053916247449 0.673299662089544 0.982947634098431 0.328517782401157 83.0734784547409 -49.5211866080495 -49.5211866080495 34.3097864374388 31.9972575306256 -39.9667656401139 -39.9667656401139 81.3652285742555 0.336415632984407 0.485590883306777 0.823780735259757 0.485305576024683 0.164894361692683
0.58827106599293 0.675398118533555 0.996865220166091 0.321027388009287 82.4392455083541 -48.9207532246468 -48.9207532246468 34.0729295698673 33.1399054513805 -43.8791203428319 -43.8791203428319 87.2023932309511 0.353073964874464 0.838813974249605 1.40313160952152 1.06850918653743 0.483053350072103
0.598948722477344 0.666033345124365 1.01761516434121 0.319289506926714 85.4872880334628 -51.39152271326 -51.39152271326 35.2948421929504 26.5656896975934 -33.9878597226606 -33.9878597226606 72.5983095506491 0.338866794285067 0.0140285538003029 0.108091224152615 0.459213499908544 0.300317039298462
0.592625048469604 0.678167360543516 0.998512285826776 0.319745852933847 82.9475727629412 -49.7112388879352 -49.7112388879352 34.5313845676947 30.8565266367365 -40.9419659654124 -40.9419659654124 83.8919241397607 0.317655501815801 0.842239708156145 1.31429252612316 0.629777418871896 0.282276605090735
0.580048221332458 0.658823642844222 0.984841283625378 0.308767574488746 78.4806258256904 -47.1851114130031 -47.1851114130031 33.1643386971664 28.0586928348821 -37.5098209280888 -37.5098209280888 79.6124373505701 0.304091966269903 0.514287040654308 1.12223308658836 1.19069218588957 0.48991427251702
0.57062026012352 0.659388546379024 0.96357387164789 0.326368982123609 79.9473945487814 -47.6976023187518 -47.6976023187518 33.3835830833163 29.2102699182818 -35.7172407738504 -35.7172407738504 72.0844800984893 0.296797681838391 0.267431733486635 0.395431672755384 0.358669904999092 0.173388032649461
0.582074082195183 0.674776135684383 0.990167742367901 0.326017302778582 81.2023570964665 -48.7701874963823 -48.7701874963823 33.9554696165393 31.610295510239 -40.2956257448962 -40.2956257448962 78.6596728634123 0.336909183638715 0.716934887192667 0.896461226657434 0.843847585367564 0.430383996179415
0.57371233528975 0.66122347010812 0.976918660279914 0.309387853427133 85.4678119560513 -52.0042783780543 -52.0042783780543 36.4726622167385 31.9108369366471 -41.2976347011467 -41.2976347011467 81.6271278930787 0.302682809531589 0.606805905009715 1.13491052934085 0.368301380024083 0.225816623862709
0.56674701385476 0.66603936060934 0.960167112788134 0.326886829235953 78.9464997115217 -47.2811572007758 -47.2811572007758 33.1215306901707 29.0033999987807 -38.8657730752662 -38.8657730752662 82.3985896756889 0.338666275215523 0.266140201182498 0.513376295310246 0.627643156303193 0.244759813403572
0.573600434066061 0.647602084449867 0.973424176643319 0.317721305132272 87.1713802538703 -51.4738473872525 -51.4738473872525 35.2798598065935 28.6600618129227 -36.6397089695717 -36.6397089695717 73.9577209515842 0.356180429639605 -0.0600227307129596 0.107030896713454 0.135528400542744 0.115754917180008
0.565646631422661 0.683113063875967 0.95536593205459 0.320413111981828 83.768518457522 -49.8366794800687 -49.8366794800687 34.3291746128271 26.687469003889 -32.7226512365102 -32.7226512365102 73.375424623757 0.323180873843811 0.366407851938293 0.68026058917458 1.00045576996475 0.420588496337174
0.604419047885191 0.671911949781965 1.01539933863261 0.316532818048221 81.8205088167042 -49.3180469017184 -49.3180469017184 34.6495510814796 30.9046526843829 -42.8498521092343 -42.8498521092343 90.64086696072 0.324660892118753 0.491679032822966 0.794157953282524 0.885639287675271 0.344788248968302
0.570518857006992 0.678683218030254 0.978573557564361 0.33122668380977 84.6345005089274 -50.931379683255 -50.931379683255 35.4831441959926 29.2792179120269 -38.2597667487778 -38.2597667487778 78.8156942585509 0.288093728012597 0.727659436511093 1.12873907934816 0.426963173730125 0.264395695346797
0.572641503928074 0.67968753856459 0.959427717881774 0.336218591622128 81.7544715522696 -49.6938619540155 -49.6938619540155 35.0058263276632 26.461492162383 -33.6462249328984 -33.6462249328984 73.2473888240337 0.273934433607614 0.437048931835789 0.842296316875663 0.297292614249715 0.111927980837478
0.585721197134889 0.643939353579574 0.983318281416367 0.307365108957728 78.7484914936241 -47.0039017589028 -47.0039017589028 32.3155133720347 26.9387928985473 -35.6631450556013 -35.6631450556013 77.9612582974989 0.321720037889839 0.855622129044616 1.55217953684952 0.639984847372346 0.11324682984639
0.572363939148675 0.666790745066682 0.980031896816401 0.320734400417776 83.6457594933986 -50.258236640511 -50.258236640511 35.2635078684898 25.534875774058 -32.9587682682417 -32.9587682682417 70.7092946559458 0.336482946327615 0.63194217614694 1.08505144205448 0.874036399453243 0.45171978698671
0.57933939228243 0.693073261323803 0.976768267665514 0.330965089344553 81.5427239185071 -49.2419020045949 -49.2419020045949 34.7075744581828 34.1674509563838 -45.8662500790949 -45.8662500790949 92.2645262126304 0.317942297363777 0.518148296797774 0.74857226747094 0.746876709982964 0.312072454292152
0.582867649502507 0.683027797739001 0.986023045521981 0.330964382041812 79.4728678655746 -48.1712464910338 -48.1712464910338 33.7100399406397 29.9883230700447 -36.9237520671134 -36.9237520671134 74.640843587402 0.310624844671075 0.64324198699605 1.09963971840317 0.633951288290395 0.22544591110187
0.553060663614916 0.676950445577304 0.946920091624727 0.320615471963389 77.8943920120955 -46.3631803843238 -46.3631803843238 31.8798220586766 28.0358222947151 -36.4667325734708 -36.4667325734708 77.1807444277367 0.308973704380747 0.649465369998928 1.03764099100061 0.713570565919456 0.457412915260649
0.577355758719913 0.679627516922014 0.969238542392747 0.32510821005782 78.5823226606563 -47.6668383246081 -47.6668383246081 33.5366886678827 29.440498777637 -37.0630522182562 -37.0630522182562 75.7561098540201 0.312613357158773 0.96927179969801 1.19444107143946 0.936613642085315 0.276584956687464
0.576502706954666 0.683675142073839 0.976705322048295 0.323724651419088 82.3490215560517 -50.2268539006259 -50.2268539006259 35.1591108825244 30.5481382803753 -38.2767824173044 -38.2767824173044 76.3273170853015 0.327754933099535 0.985122344202681 1.60871554596917 0.822102109277636 0.177237019993153
0.578869397425035 0.690829438399316 0.985037631953085 0.334550035615789 83.3519205746642 -50.3208523926379 -50.3208523926379 34.9187065578852 31.487144475304 -40.2605752728605 -40.2605752728605 80.5626312954843 0.302695626514846 0.309228331970368 0.658727023661856 0.603157411196649 0.186109666549852
0.596377765155425 0.654902781367869 1.00415708817631 0.312125319216063 77.1656223289231 -45.8938266721844 -45.8938266721844 32.217231847071 26.8738329123233 -34.48313070723 -34.48313070723 74.8848295401182 0.294459347630962 0.834649370467637 1.52332601324034 0.622568713348778 0.384206529453343
0.590050135241918 0.655938212170044 1.00562409990894 0.31011651600837 83.6755878392931 -50.8134536432824 -50.8134536432824 35.6035501162462 30.2143005167095 -37.8630681863621 -37.8630681863621 77.2430207801375 0.286732213035552 -0.181914960565322 0.248870467665838 0.633909292877457 0.188756717916991
0.584165479983158 0.690664062567674 0.992664322839543 0.325441810702161 77.5367988779608 -46.9112790460818 -46.9112790460818 33.2489981056966 31.8223311100282 -40.2987171335595 -40.2987171335595 78.6285391573893 0.302871594389337 0.305430593226997 0.703296550139785 0.240338222225621 0.129115084826502
0.570816611648884 0.69529899076504 0.967401215608283 0.331898704930905 80.377767048755 -47.7799532559757 -47.7799532559757 33.1561568148514 29.9465437671133 -38.0102907963261 -38.0102907963261 73.2927494568597 0.321054067184425 0.72775823655755 1.28334490740958 0.681803264298842 0.33510385169467
0.574143951527895 0.686222839372739 0.974572713968816 0.322205409898478 79.235401338772 -46.8823256491575 -46.8823256491575 32.3466342422304 28.7220577472258 -34.3127432331931 -34.3127432331931 70.5854341059958 0.30083674016933 -0.359288535554621 -0.38453258081967 0.782552474085415 0.250600043272644
0.562418374582623 0.688187056673125 0.955041468868478 0.325918782253682 80.3678021451558 -48.2158747185013 -48.2158747185013 33.4526770496139 27.6022031412658 -33.3275101850349 -33.3275101850349 70.9976492048539 0.289757392798288 0.383712493067527 0.698823773826162 0.8321997004865 0.545963869235801
0.601167660848009 0.660094803317798 1.00739175390728 0.322473564544947 78.7928297145663 -47.5485787295183 -47.5485787295183 33.2331027511789 27.2358117612289 -32.9222883006935 -32.9222883006935 72.4210926212679 0.31229148960537 0.808928362174533 1.29270661148788 0.509814733527503 -0.0367451238844807
0.584107230024264 0.659311255224456 0.980626432770924 0.329401702509861 82.9080959867037 -51.0309849033958 -51.0309849033958 35.9305214228309 26.4923379020598 -31.6520820076469 -31.6520820076469 66.431361716862 0.307217528166393 0.395820478771905 0.80151153268196 0.487787558093169 0.213807880776254
0.570096828375638 0.688242672183756 0.960679524321727 0.338216782906418 84.7580013541936 -50.916192859502 -50.916192859502 34.9325758613815 26.7757639333288 -32.0977524442859 -32.0977524442859 67.719591636918 0.285974826381216 0.366873711367654 0.44240230112944 0.658776388467739 0.405301039670812
0.581726982080884 0.660488026025354 0.987470868838672 0.321168945439754 84.3711518459694 -50.0533800089853 -50.0533800089853 34.3591553321712 23.4918067247933 -29.5957503801801 -29.5957503801801 66.9840180742602 0.31958623699516 0.691205729324803 1.12684265870947 0.443086666216252 0.30354994125647
0.571012822080185 0.682476040386858 0.973237365598447 0.33817741312282 89.565779247167 -54.481162180644 -54.481162180644 37.7702311737809 25.9106345759282 -30.4568499275372 -30.4568499275372 64.6578250159877 0.306877784872146 0.200207191186011 0.314191486280972 0.149113980184892 0.258560827793196
0.57728048446665 0.660540809672172 0.977486361807087 0.31197288062781 77.7404146737402 -46.9375672255386 -46.9375672255386 32.861260779837 27.696691551185 -37.026377846487 -37.026377846487 77.7234240366246 0.296809207665631 0.748126705533313 1.62518615915578 0.110685772492902 0.0666970944162214
0.574358957965069 0.68981094457102 0.970864041001319 0.334391787630346 76.4845875367254 -46.4340943871186 -46.4340943871186 33.1449222643985 27.085328639573 -35.6989645348383 -35.6989645348383 75.1808122438597 0.332138825929223 0.362786928079965 0.990514408113759 0.216198887499897 0.0833853808398215
0.552853351328362 0.648709871878355 0.939445336375828 0.307861475216501 80.0991127445749 -48.1000930134477 -48.1000930134477 33.8967181917601 28.4715613847434 -37.0242676410684 -37.0242676410684 79.2856096508362 0.314341615234255 0.386836111730147 0.562935493781289 0.476671281806636 0.188226699704776
0.559711344529241 0.687571382728348 0.947692089326323 0.331265193048024 76.2769178197667 -46.0573378835696 -46.0573378835696 32.4428665421287 27.0685239496342 -33.9434805015643 -33.9434805015643 69.5702232945346 0.287399740392952 0.796436469688194 1.46099305438478 1.46850813595983 0.71670450379549
0.577268465587637 0.678037639560428 0.979621233009392 0.337960619977903 78.4101938806202 -47.2490460418518 -47.2490460418518 33.2117466331988 27.4470302808113 -33.5091681027089 -33.5091681027089 70.7405000924026 0.275619605625675 0.517443387375688 0.909033506988228 0.345705323316951 0.237988112933534
0.577756569553161 0.646832456395295 0.974692302285514 0.310217130221991 79.9545759129696 -47.7761371436407 -47.7761371436407 33.5088854048103 28.8196934077879 -33.2033697809524 -33.2033697809524 68.3012076988674 0.303370192272264 0.414654420320714 0.707925629923963 0.447326495259387 0.209765832686486
0.581970706361105 0.674812717936697 0.977196990015833 0.331021988302792 76.8985739135771 -46.0500825512165 -46.0500825512165 32.4910373253144 28.1329421485005 -36.2361587418196 -36.2361587418196 76.9544225236041 0.309530139628253 0.546138843941161 1.33301378304942 1.22203318132846 0.404134827882786
0.58205135973117 0.662286461929741 0.982665060782386 0.309800755893864 84.1772188363277 -49.9529273239038 -49.9529273239038 34.4844610757125 32.9872636399148 -41.0802538925372 -41.0802538925372 82.3144062214161 0.326867267825438 0.25640207597596 0.602264835841613 0.895515289196581 0.441225658150338
0.576608674680176 0.656606438338185 0.966398439283356 0.312948976885512 81.3007023072617 -49.6010669032241 -49.6010669032241 34.8917246195378 33.3475861631043 -43.0709070549535 -43.0709070549535 82.9704888028158 0.318188316787198 0.595583323427329 1.1486230096867 0.842062597619248 0.302448237379236
0.572201452051053 0.686707328455872 0.953504461103283 0.334894677069489 78.2177345021031 -46.8223102769914 -46.8223102769914 32.4407718265366 30.1605484985162 -40.4353830389707 -40.4353830389707 83.1445948086909 0.296939329267872 0.672781119944448 1.13206789888864 0.0652356495291402 0.146507718373046
0.576007387007724 0.680363849305918 0.967840583884225 0.324163743010652 82.8974359779285 -48.40405585765 -48.40405585765 33.3024438557896 26.1605881038506 -35.4229130838786 -35.4229130838786 76.290964134431 0.327940609398721 0.319964095634887 0.594351113671862 0.369726088593184 0.0865658934697144
0.591418441296846 0.647383060974813 0.985454388078077 0.316252382750062 85.239705536285 -51.5066918449307 -51.5066918449307 35.9332691214109 29.8454071285377 -37.8310271508278 -37.8310271508278 76.8529766409387 0.307440629285375 0.55442321902061 0.825030251892343 0.35545144602691 0.207072299479359
0.580617354086739 0.662334250796318 0.973816051291006 0.324839506122027 83.016384442849 -49.7532923710864 -49.7532923710864 34.8441758659036 30.2472522702082 -38.4356946291388 -38.4356946291388 74.955276106161 0.288615659685791 0.555473999824615 1.01762613677919 0.500500791886279 0.307438186394474
0.603456315717649 0.659266798350683 1.01888756765233 0.313344454330748 77.5904539973242 -46.3733558948019 -46.3733558948019 32.4719222579387 29.6646025093442 -35.5991638700818 -35.5991638700818 72.2229763177412 0.309147814007761 1.19096477618405 2.02578113641736 0.557226856244344 0.372694017112384
0.563358085626572 0.655983951464297 0.95736301031016 0.305161011438345 78.8578067131753 -47.5256333937312 -47.5256333937312 33.5748458234106 24.6742276330136 -31.782719412937 -31.782719412937 68.4457619244099 0.287656117988678 0.582386099112157 1.27605489503152 0.382781296487123 0.232076507786894
0.587737556254484 0.656645877545268 0.998323967336377 0.32122534240945 82.12665729935 -50.2581135784007 -50.2581135784007 35.2716315721086 24.958621179601 -32.3415760069574 -32.3415760069574 70.2844505097164 0.309795338300969 0.445577088231787 0.969507837087876 1.14816955872551 0.466107184882367
0.591451736121732 0.686250137024715 0.995182287101617 0.33433074775768 85.2175280619947 -52.6905700706219 -52.6905700706219 37.7020432819127 28.7175050304808 -35.1339768348127 -35.1339768348127 73.9097433930561 0.324621173319241 0.658987348479947 1.13954788232972 0.0404003139402689 0.0786726246143798
0.574084292198786 0.661946107793243 0.969917266460802 0.32712043834903 86.1872514075328 -52.1038005942282 -52.1038005942282 36.6002430366821 25.9248706912978 -32.8405752282106 -32.8405752282106 71.8789998373645 0.316665346452886 0.753813280557279 1.47887726098217 0.095942461608224 -0.0196708279647889
0.573514840277857 0.659997870930129 0.973640655696417 0.315930936207463 76.4496888554216 -46.745916364888 -46.745916364888 33.3804645707198 27.4875801807837 -35.816392473889 -35.816392473889 76.0604554771975 0.306232542208514 0.868704651224257 1.40004039601566 0.966768821477345 0.532458439936492
0.579352739009726 0.64524281328688 0.976364486739909 0.305819628021517 80.6695239429046 -48.1147756498572 -48.1147756498572 33.2944190882907 27.7651248487481 -37.024623690605 -37.024623690605 77.9968106585533 0.312247720705865 0.7086521878457 1.18210621764473 0.849646499899307 0.557317094208088
0.59746293498519 0.676813556895896 1.01111367104114 0.327076655069009 88.0328881606667 -52.9263267891704 -52.9263267891704 36.2006392818073 26.3984121452279 -33.0262628818258 -33.0262628818258 68.9845492351853 0.322550637466956 0.368099808227727 0.725593178130307 0.636935075946278 0.363226595171802
0.588910741370435 0.688675720731068 0.996335075680926 0.324019175143122 79.0549472066324 -48.4144101764106 -48.4144101764106 34.4321192419664 27.1588525370469 -35.699658969406 -35.699658969406 73.0821263105839 0.328345714091415 0.677459807560083 0.771867045737221 0.846634024930056 0.78152586995588
0.579363371423374 0.685475813674654 0.962994795404778 0.322069471617842 73.2663942199887 -44.1120040871034 -44.1120040871034 31.2391018320982 30.1163882943826 -38.1460225878238 -38.1460225878238 79.0587706983844 0.29309009453785 0.305144437655188 0.387117771086507 0.449602206468615 0.112739965747118
0.580964300250137 0.684677635923565 0.979303067495339 0.331420360517744 84.5934640446372 -49.4465515546525 -49.4465515546525 33.6077018188199 33.0165351438959 -40.5071389187949 -40.5071389187949 79.9301679188998 0.336940359245116 0.288847704522713 0.673996288184756 0.6385988486987 0.291248269762693
0.565189459642086 0.674690736147412 0.958247129104611 0.329428377640234 78.8822916100151 -47.4224165802652 -47.4224165802652 33.0170601396785 29.8647095097933 -35.5345279519995 -35.5345279519995 71.925271032221 0.313226403480439 0.816095570774395 1.20603151078777 0.440935312879261 0.12299045967876
0.563738036930005 0.63877500462453 0.964153513098863 0.307079137948212 78.1879151991234 -47.4380581703125 -47.4380581703125 33.1788121245916 29.2335385534753 -36.7449243110026 -36.7449243110026 72.4952176570309 0.290872793643761 0.10174090574154 0.000271717959145837 0.24320017750836 0.0829032789397029
0.553862728831755 0.670743121143534 0.952270293496968 0.322586829845033 81.764248739622 -50.8593502576595 -50.8593502576595 35.7360852472019 26.5136370125471 -31.5076630550761 -31.5076630550761 65.4721734014204 0.311662772812592 0.211821719123538 0.523174862487994 1.14366042134575 0.564571316427818
0.574789643209193 0.671491543174818 0.973672480804993 0.32821414253751 77.3713110225809 -46.9649884196018 -46.9649884196018 33.1466574652029 27.5753326913087 -31.9769241805928 -31.9769241805928 68.5032150900362 0.313466555156206 0.636274249851086 1.08327781447602 0.648939566916353 0.202884842870295
0.586359959839587 0.660265668995263 0.985141664059176 0.318168093258895 76.7284876479492 -45.9601653245756 -45.9601653245756 31.9775869032405 25.0723587427164 -30.3630451539902 -30.3630451539902 63.7220513805415 0.307824931713328 0.0696855924146589 0.152732352646313 0.855042610139177 0.411661856985309
0.571147117208049 0.647069699614627 0.960614248143796 0.320546162413325 83.0812006176483 -50.4751976573121 -50.4751976573121 35.3405630940614 29.8667352132827 -36.1868300419748 -36.1868300419748 69.6564903813151 0.335757674659768 1.04900498520232 1.55236723058655 0.968925825309863 0.410177970691825
0.585565198557449 0.66500401906358 0.985101040308261 0.31706226845161 83.699970333739 -51.0438875443423 -51.0438875443423 35.7610164118531 33.2428594415841 -44.3593861137961 -44.3593861137961 88.3933421951608 0.278287757006897 0.370428415047072 0.51045983719606 0.658995042511267 0.506597516730537
0.560902693081565 0.66511442425949 0.955362308062134 0.314665301250568 86.0655075155297 -52.3673886131278 -52.3673886131278 36.242399562517 33.1721507644527 -44.9900317568853 -44.9900317568853 88.5335625335627 0.339682334890361 0.760675871373452 1.51226881044077 1.48146644536027 0.775414415232428
0.581177996279133 0.678516597771263 0.977222128111721 0.325882100356093 79.5315886600618 -48.3042347703453 -48.3042347703453 34.0692447826979 27.8124546358108 -36.3749349049529 -36.3749349049529 77.8625859337598 0.306755251923881 0.178604754750933 0.263833662295765 0.246524865125447 0.169642792866717
0.563355752025628 0.689192167386168 0.955096366628935 0.329713430560861 83.7127076687577 -49.9364460153286 -49.9364460153286 34.4703658116824 31.8431060229142 -40.1514710534042 -40.1514710534042 77.8715447173321 0.294353579918218 0.634470372803651 0.92329156818134 0.728048458697344 0.137041362910902
0.570377357698293 0.679010501340086 0.970150224138915 0.321709301193059 83.1278456239041 -49.4111445453278 -49.4111445453278 33.7460153200744 31.0983408947314 -40.4402328686046 -40.4402328686046 80.2480736701082 0.28312718679048 0.816045730447988 1.47968890148862 0.662296291488793 0.265118646757237
0.5701974931798 0.675771349329153 0.953277039408875 0.316171335052203 77.2807316018388 -46.6991190730672 -46.6991190730672 33.0264999054775 31.4849618068752 -40.9956648970138 -40.9956648970138 83.0085869951654 0.299165635740819 1.26210904096669 2.0660684486281 1.35779784972885 0.626139056451795
0.582601581687907 0.665180135920193 0.985587983605526 0.322152376161781 76.3310751576243 -44.8569132275165 -44.8569132275165 31.3732483000988 29.9427575161554 -41.3199209979186 -41.3199209979186 85.0520503332021 0.295796718810488 0.394681891369632 0.687012088366942 0.538394549086284 0.20566567934002
0.588576547512856 0.651959276745078 0.987804129851885 0.314871119270609 85.1814240364934 -52.0364345039774 -52.0364345039774 36.6800214329028 32.0662734432236 -41.1177804418584 -41.1177804418584 82.549481505722 0.299258710376026 0.185127956886133 0.428367034680929 1.11124475257873 0.483739583349988
0.591267454411929 0.676768207979444 0.992718539805835 0.32321828384496 84.3763550732344 -50.7980320452157 -50.7980320452157 34.8562944142701 27.7903940372736 -36.6998254517448 -36.6998254517448 78.4687280926726 0.320368710272126 1.22608528112073 1.86469448306073 0.617765495707839 0.242786652589318
0.580061655285306 0.671652027192902 0.979982694661596 0.312111329416628 80.3012279205686 -47.6710097756718 -47.6710097756718 32.9715576523357 33.1544805323698 -42.1148633858109 -42.1148633858109 83.7099608235331 0.334049343283059 0.872123440083418 1.60873228987766 1.08635971032411 0.569440176008748
0.562968271575222 0.68819397819655 0.960261416540134 0.327332583666509 87.6342405726766 -52.8597145208145 -52.8597145208145 36.9463431685699 34.7190369683644 -41.3815716101251 -41.3815716101251 79.8614820119753 0.323861368153344 0.857251467006587 1.15069000320839 0.51274906073137 0.322912278128204
0.59975003452671 0.651980329378354 1.00882866586641 0.318183713281943 78.1781383980955 -47.2822714936328 -47.2822714936328 33.0025460529112 30.6040315826379 -39.9248598177253 -39.9248598177253 81.9584569078115 0.280534849962076 0.826911972367647 1.10244019769161 0.786871330682127 0.327594140708279
0.580763717823536 0.67134584733081 0.982798820450996 0.315660837081898 83.2717143300903 -49.8505051402869 -49.8505051402869 34.4973931787167 28.7717013406485 -36.2081069756325 -36.2081069756325 73.8636322088938 0.308913299804349 0.641052674783237 1.33524689337661 1.06038017437605 0.620317841193412
0.574051755475495 0.688447873350007 0.968752233049514 0.327823687886103 77.6257673098875 -46.4592913819388 -46.4592913819388 32.5023069488094 33.5571875045033 -42.1323103807176 -42.1323103807176 79.3687862066071 0.318402499134329 0.558688387512246 0.944623606752172 0.334409148349876 0.0622299034956426
0.593416732551193 0.684376111423667 1.00363309576258 0.321728506381168 81.9718924961861 -48.7906012369727 -48.7906012369727 33.8916951304415 32.2265446333886 -43.3102588289301 -43.3102588289301 87.0819380207625 0.326591801295444 0.679444178923604 1.14384521338467 0.760581250901313 0.327518978822837
0.584283569534367 0.670078782508884 0.972338888209379 0.322588099015242 80.3448684733889 -48.2915490035592 -48.2915490035592 33.4056053509328 32.0548404347618 -41.1510936668285 -41.1510936668285 80.0358466841277 0.327610017775518 0.609449726335532 1.30037740335415 -0.00942302147037374 -0.174885832365055
0.565614060805796 0.69413258144545 0.958571804206709 0.332819765795736 81.3268729611928 -48.1330208969943 -48.1330208969943 33.1863977124224 28.9360690768235 -35.8920869434215 -35.8920869434215 72.1563795279352 0.314863078286384 0.468924536665092 0.954576355100052 0.847057211443082 0.398546140837566
0.57789269334441 0.674334720308003 0.981200683619908 0.325495951553692 74.7626586060742 -45.2611726415525 -45.2611726415525 32.2490416631435 30.2573469034814 -38.0551169190664 -38.0551169190664 76.3226797274041 0.315440328696412 1.161504733193 1.87306030739148 1.01284763947196 0.41696499339261
0.587898718159734 0.664410624442778 0.986675726295077 0.312009113630957 82.4882866006377 -49.5443855753778 -49.5443855753778 34.3839953992798 28.095215182487 -36.2223578853274 -36.2223578853274 76.1982207585812 0.309673109291471 0.2714211871526 0.274769679470945 0.642485510531397 0.278330385157388
0.579278510933243 0.663242607270136 0.986681333956748 0.321117083806564 81.2434189226983 -49.4890889740954 -49.4890889740954 34.7952170362129 30.8528553778272 -40.3509913940436 -40.3509913940436 80.3622099911823 0.303747659229976 0.353100116558982 0.716395939019086 0.539070740789843 0.330050140463881
0.59327748658047 0.673647565067378 0.99894783104487 0.325544978379834 78.9633772213886 -47.4802778179905 -47.4802778179905 33.3574560874053 30.2280453888296 -38.8134619833755 -38.8134619833755 81.3039372751044 0.324754453358567 1.25244449517232 1.83022619428671 0.757109289314079 0.174382779308804
0.579441440987817 0.666625242336469 0.977769108681957 0.322394067597597 80.8148232706854 -48.627048166955 -48.627048166955 34.3131721521529 33.1590291672743 -41.2794493536198 -41.2794493536198 83.9559694973179 0.33916316470759 0.751155034578948 1.29283529362011 0.783548719727251 0.332591797089044
0.583556629516273 0.676476087754512 0.987424345765758 0.328353429802735 86.7458083200912 -51.5503694289594 -51.5503694289594 35.430797770924 32.6924921738091 -39.8337917680991 -39.8337917680991 76.0737146209596 0.299551897240765 0.520854872559866 1.08510485069021 0.754778803124927 0.295568623077231
0.578373795884539 0.675864941107294 0.966544989158377 0.3284736718474 71.7926687257891 -41.8476114462685 -41.8476114462685 29.2187673642703 25.0775283173169 -31.2088192859009 -31.2088192859009 69.2265677081416 0.317021039312786 1.24570869043709 2.24138129883608 0.641051911971551 0.386571632309099
0.56518075662123 0.661243980799283 0.948715654459362 0.315498806050938 77.2565726267213 -45.7714536976979 -45.7714536976979 32.1274866244677 27.643296947453 -33.9511731265095 -33.9511731265095 70.2011875614984 0.303996743645039 -0.166517660959095 0.224420623928369 0.0955374519358338 0.0995982874792682
0.571901189629084 0.665224873272282 0.972138782885358 0.330685693034443 77.1902401977385 -46.5737028742781 -46.5737028742781 32.7862453111355 26.8725177722574 -32.8677178561047 -32.8677178561047 68.0205874631149 0.309527817391177 0.956309933747075 1.48318332554394 0.659883930056961 0.389203521375773
0.57143230518686 0.670030416461627 0.970833476455184 0.325111955382131 80.0009713614274 -47.3885953827032 -47.3885953827032 33.1190611695208 26.2184636862741 -32.2609930453358 -32.2609930453358 70.0483279415151 0.307131155883662 1.09514529718465 1.66286627836039 1.02183757703913 0.552838724772602
0.5952843298988 0.667431874542691 0.997237176933526 0.321853047494399 76.4333446921312 -45.1332047871317 -45.1332047871317 31.0605415450341 26.4834045058927 -29.7940197993394 -29.7940197993394 64.5856041944484 0.275780776725029 0.524244196315739 0.769855288856821 0.867226732316913 0.436912375776046
0.602347904172925 0.669851417027861 1.02312258281293 0.321903087375202 78.5323002600321 -47.5611496773272 -47.5611496773272 33.5621923560887 25.9943141825793 -32.5769789374012 -32.5769789374012 70.176809905534 0.288037308525503 0.56446382470276 0.835637806442787 0.732030384845186 0.520754935107199
0.584859062371929 0.663689759039955 0.988060727632357 0.330179606362464 83.9626805447307 -50.8003930127168 -50.8003930127168 35.4243371541329 27.8146644607538 -33.3930424210296 -33.3930424210296 72.5683995389886 0.291236400083986 0.573097119272321 0.937466019013327 0.211974954933839 0.133793205054809
0.574799230982805 0.662026815728766 0.977042056735696 0.332480875665002 78.5619859547064 -46.5762098116761 -46.5762098116761 32.7670328986996 25.4263924990393 -31.2206899630381 -31.2206899630381 66.6640814640135 0.273445955357759 0.177287659847855 -0.138843724816027 0.925523480759558 0.457514707835713
0.595712800795154 0.665336044719865 1.00851588804766 0.326186718324368 76.5066331082659 -46.5192205240899 -46.5192205240899 33.0517579502005 25.3165325276852 -29.9272749351115 -29.9272749351115 64.8856440459944 0.311468372905618 0.883124512091033 1.29000627410135 1.094507824932 0.553501683737301
0.592465692251752 0.672535964006809 0.993874276584027 0.328145845799996 87.9692154982939 -52.6250152053772 -52.6250152053772 36.1364681675577 23.5818393164171 -29.6995523098439 -29.6995523098439 66.0691442053248 0.282435611292922 0.765988389629406 1.31074576405969 0.445394741793114 0.301198891626908
0.5734131125829 0.680755004135331 0.971299554672183 0.327781214514715 81.277542784727 -49.5052672006721 -49.5052672006721 34.8039859068305 27.9753238923832 -33.4993400050979 -33.4993400050979 71.6645986920294 0.281433359276201 0.816917017623898 1.13824966891397 0.484350204338258 0.295323024292406
0.564963293620918 0.667563419407939 0.954821701438826 0.326775736773942 78.0594425286403 -46.5135138582531 -46.5135138582531 32.6418777569655 27.7788636944835 -35.3306004150495 -35.3306004150495 74.4730823293434 0.301411109617448 0.8631732249677 1.45633636281041 0.584104696967085 0.339968541493056
0.570957434429418 0.681448680746503 0.963301493445099 0.3231650904132 82.2695690612942 -49.1867940927948 -49.1867940927948 34.4138676312395 32.250303766161 -38.6879512757399 -38.6879512757399 77.7100279146387 0.325280699642701 0.464870768452489 0.743365915472123 0.891338366153142 0.344543167086744
0.565834546742039 0.659065722540735 0.946241043201211 0.31337862942991 79.0834838037168 -47.0453004624486 -47.0453004624486 32.8156232064928 29.6731989184684 -39.2120200354809 -39.2120200354809 79.0864567189674 0.353243644036611 0.865960031130128 1.18668134087761 1.03869488457212 0.687173145285236
0.577375292564816 0.664071233371488 0.97380012952975 0.318410574365681 77.5305182000702 -46.6684442985777 -46.6684442985777 32.9447928533033 29.1045962089545 -34.7995215158326 -34.7995215158326 71.0467700389184 0.325406879848038 0.483505704791119 0.978721527632337 0.378021018851588 0.226304101712654
0.573232817601674 0.681663056359087 0.973366631618691 0.327299362069572 77.0559001179951 -46.2687408086659 -46.2687408086659 32.507380620824 31.4219557462038 -39.3001506972483 -39.3001506972483 76.0794775342683 0.317959122285025 0.203297609543044 0.226336441543631 1.03938647086625 0.374965035807475
0.566152967105939 0.651216370135188 0.964732061744955 0.315855425275465 88.6252353808279 -52.7955747738853 -52.7955747738853 36.045800140732 31.2226055033949 -41.1438303021433 -41.1438303021433 82.2147896993066 0.304585028905296 0.918726862647116 1.38392607198764 0.725901018252688 0.259220004818055
0.573752095418677 0.655783525563295 0.965260557055958 0.320162730912717 79.8974516998358 -47.9478420709766 -47.9478420709766 33.4274518647835 29.6257504048019 -35.995356572031 -35.995356572031 74.7376680269793 0.326153826417541 0.847438216954661 1.2519716250503 1.23882381771485 0.516844847112301
0.579989974073434 0.690353093035421 0.983757736287328 0.325843402295798 84.7372746367809 -51.577709928094 -51.577709928094 35.9435385754686 28.2736124827174 -35.502495804043 -35.502495804043 74.8204161276701 0.325143213617275 0.55844916809831 0.994234001650473 0.837162468149225 0.432946627220396
0.584550070430523 0.676466374302671 0.981684567835083 0.322531374444236 77.1939350999414 -46.2673103408749 -46.2673103408749 32.977547520032 25.8120439201161 -32.4851733894802 -32.4851733894802 70.6263444188391 0.305133878355374 0.702436483369631 1.0950284413406 0.655348779628437 0.394232891023307
0.577365872569872 0.679032597394333 0.983710248911179 0.32530101986163 78.8714799495353 -47.9682523639 -47.9682523639 34.0971740222056 31.9975030901518 -39.6213728051152 -39.6213728051152 76.7404972528545 0.305673841245154 0.0906619574173168 0.411362059836749 1.37288266666428 0.486513922122747
0.585348593670134 0.679139742458682 0.988895643601554 0.330468838723366 73.2559103747449 -43.6876592049575 -43.6876592049575 30.8091245659947 30.4297522395833 -41.4140321547266 -41.4140321547266 80.7686710179812 0.300930632668293 0.630517536299146 0.831283768719789 0.0724691993576544 0.195839049548397
0.578921185613228 0.660074774178262 0.978513395691854 0.321311534856007 74.7592512426254 -44.5592885236312 -44.5592885236312 30.8035509227894 29.5420195531672 -39.1626877421203 -39.1626877421203 81.7121923167173 0.322954493858433 0.621871869115403 1.33328407921893 0.852332507667294 0.446096268059544
0.58572214424909 0.678788791868028 0.993571808956926 0.325702140098419 82.9490514091459 -49.1980763594437 -49.1980763594437 33.7441261067075 26.0264391971724 -32.290207023551 -32.290207023551 66.4857353558932 0.320805356305226 0.465239364794708 0.684328771700167 -0.223863680075838 -0.0185894293488517
0.584563182104729 0.654028014746368 0.987093405789961 0.311618316021331 78.5749384100518 -46.9014128874601 -46.9014128874601 32.6787717374626 27.7170600966426 -35.5214462907357 -35.5214462907357 76.1032240495263 0.335913930289564 0.62493027221611 0.701264643087255 0.34562180776297 0.168487969501907
0.587570901942968 0.664978359542452 0.989062469805512 0.326792917991558 88.7270317332487 -52.2873903541778 -52.2873903541778 35.8129662876782 28.2725678450083 -34.8408402207135 -34.8408402207135 70.8826143933133 0.314738957128268 0.449935523979324 0.940580310757019 0.752411261101412 0.391354900770461
0.557475516868799 0.67826526675105 0.951176561259871 0.326607668631845 80.2849648648924 -47.8747166575721 -47.8747166575721 33.5160825300896 26.4438033480928 -34.4276174030756 -34.4276174030756 74.4208208405041 0.332078230332377 0.423734414298474 0.822007699088343 0.591464930847603 0.39804640929743
0.591070026931384 0.674659872510358 0.996302095126086 0.323298102825713 82.3015443467445 -50.5807238554388 -50.5807238554388 35.7451021887473 28.5767041800696 -35.6105112770036 -35.6105112770036 72.4445787335374 0.283875289060667 0.0542049146797635 0.0718119527662932 0.822941668082009 0.432277164726686
0.581752486674307 0.668482255393783 0.985155268700581 0.317511620743479 82.3236501326365 -49.7969134746937 -49.7969134746937 34.7374911976679 32.0396447039007 -39.6880285392983 -39.6880285392983 80.2434388026255 0.324034164955818 0.175273100666497 0.405441925736005 0.62002729330448 0.165094291764867
0.581742463764679 0.677776834032869 0.980367979602694 0.321437937716236 82.0809338869941 -48.5697673576872 -48.5697673576872 33.5770670735631 27.6829885730111 -33.901332510554 -33.901332510554 69.8232810240606 0.32997501558863 0.314478504951573 0.477807712454852 1.38482381374357 0.581974289268114
0.582918614975984 0.673017653657458 0.980174842398253 0.323895492275571 82.4548150362302 -51.2335422917868 -51.2335422917868 36.4910763987943 29.8710446826856 -36.3231908495408 -36.3231908495408 72.3729218047931 0.310716871918303 0.572245103778479 0.780558878360482 0.390479964457928 0.18575897813607
0.578888825239155 0.653092873337155 0.988720527750042 0.319883793240208 82.5966543413674 -51.1792244638952 -51.1792244638952 36.4132487668862 26.4776683972948 -32.3935540604781 -32.3935540604781 69.4857531002468 0.288566827543413 0.804345252798684 1.35416883831812 1.08229817160583 0.393093779283517
0.584293035892069 0.662310695160449 0.984061660411875 0.323144189108999 81.3933217888952 -49.2087359834901 -49.2087359834901 35.0699994121895 23.5067584086281 -29.8289321824778 -29.8289321824778 68.0784508566483 0.283000234011237 0.320599666744791 0.471923364159807 0.374096555386398 0.332693405628225
0.582010995976487 0.675403793113961 0.982629269664366 0.332938820405321 79.9165837790578 -47.8206664352257 -47.8206664352257 33.0690961843265 29.2028111810361 -33.8453217524163 -33.8453217524163 68.426645961811 0.308251811983298 0.588618384612677 0.922245750961991 0.317029259938317 0.322368519838737
0.59822215197222 0.651605195737537 1.01443965289739 0.31693021140242 82.4586246782218 -49.86478056003 -49.86478056003 34.734821626264 24.2427175951588 -27.7370634457067 -27.7370634457067 61.8198387671908 0.316438018017978 1.0642832212264 1.91400186397963 0.593602361938081 0.354774010876151
0.593674115981622 0.651718183820955 0.990978470982186 0.323124676273121 84.9893128187986 -50.9633691450208 -50.9633691450208 35.6326591114319 24.9263838005154 -29.8724831763454 -29.8724831763454 64.4619690108403 0.288360499150738 0.831845467944822 1.33589136864463 0.826120269419612 0.414152373009774
0.572012298923233 0.638129841034517 0.971277489135651 0.311271011890466 72.3877877124567 -43.7539763681637 -43.7539763681637 31.3644312865849 28.1433955535128 -35.2996403433499 -35.2996403433499 76.0165337427291 0.301006468761624 -0.0384759368965665 -0.00132402264791943 0.75585833844167 0.460192350761874
0.580705536527635 0.661023624956137 0.978396484957173 0.321902948000956 76.9050420255099 -46.7484058517376 -46.7484058517376 33.6524725533625 27.9232402102554 -33.8755064555852 -33.8755064555852 72.6208151753476 0.278210180447518 0.572978990050728 0.715935934654038 0.333188678241106 0.190311129784357
0.581668665815793 0.673799036954707 0.983912440606143 0.325084277912795 81.0083527975253 -49.3722684589093 -49.3722684589093 34.8436544308673 29.1919430142862 -39.5541980720347 -39.5541980720347 82.7054254856893 0.284460261505768 0.682300098222393 1.06158984563708 0.289080013172052 0.298818635681497
0.568069121268919 0.657133384128196 0.957538567760663 0.311571840600152 75.187347305467 -44.9935779996578 -44.9935779996578 31.5118127870165 30.9036698236046 -40.0574383540985 -40.0574383540985 81.104447319658 0.33943611623053 -0.019645289791024 0.405158102976219 0.82319852436353 0.454836759066775
0.570824646435283 0.68935163663914 0.958102580095373 0.325660516233993 77.8613822933197 -47.5869781003232 -47.5869781003232 33.75008873974 28.0288613860812 -37.1258292066475 -37.1258292066475 80.1040582094986 0.280232016143998 0.554555440958073 0.925336828848634 0.669656759708773 0.271194941483707
0.573757764283846 0.662873905182067 0.964896193389158 0.316261975659879 76.8124249633635 -45.3824594789751 -45.3824594789751 31.4336493828691 32.3479812133511 -43.6525707695822 -43.6525707695822 88.4693441012031 0.321545617095543 0.667909847926323 0.967782506632907 1.28547263811161 0.664391092572871
0.57423239676205 0.675290019047602 0.966931004234036 0.317640537730737 77.3457766408581 -45.9248125711409 -45.9248125711409 31.7427115286496 32.811847342653 -42.4395137988829 -42.4395137988829 85.6793767868067 0.321147193361201 1.27820905688351 2.12961020947384 0.919303127610532 0.46160548808149
0.572134378788969 0.676703442203889 0.970672188186751 0.330957888975809 81.5004722977442 -49.9256122361726 -49.9256122361726 35.1004708205515 30.9823721499283 -37.5762392545314 -37.5762392545314 73.4686185163622 0.350015821023293 0.567159263476694 1.1582512182497 0.99430041448561 0.343634724648833
0.56139296447421 0.677768653914222 0.967629095409934 0.335793619385648 85.8624969949891 -52.7714613321039 -52.7714613321039 36.7929429373917 28.2666226855621 -33.4282879558587 -33.4282879558587 67.5035120034215 0.303640219492014 0.587235536837476 1.06013163781544 0.423492303267079 0.278594742154081
0.584983285823929 0.657910048323603 0.994750776169844 0.316923244987416 92.2237149773521 -56.3435199069077 -56.3435199069077 39.4463545522087 26.606963056028 -32.5659560632407 -32.5659560632407 72.7194626796839 0.302451242922192 0.52875468060761 0.912510101238157 0.681359130389265 0.351201727047476
0.569897073436082 0.675157850185232 0.968023319980619 0.325106985497882 74.395759219403 -45.720506208076 -45.720506208076 32.9796246113049 25.3429705435191 -30.2880184736999 -30.2880184736999 65.6227725617177 0.323402655218219 0.155985709350093 0.339942897367693 0.841691188016515 0.591168125471678
0.572068805047127 0.656200060513118 0.975465206692965 0.313757532829053 83.7247398683539 -49.3994732077618 -49.3994732077618 33.9254245085845 29.173254481305 -36.3724532970764 -36.3724532970764 72.5439830905835 0.285120084417383 0.760803471135627 1.39292347676144 0.634256353701626 0.254652380091974
0.589071086729082 0.655144298852486 0.989845826728929 0.304931259745169 87.5474639268883 -52.679947944903 -52.679947944903 36.7135832941838 25.9672637005868 -33.2608119636041 -33.2608119636041 71.1888100687975 0.328476772785576 0.608756078545225 0.874659081033235 0.970737880698198 0.470591760739469
0.591193834017125 0.657713949602372 1.00506181937423 0.313916904615438 78.1564988077386 -46.7091023230289 -46.7091023230289 32.4624958817034 29.3201592415934 -37.6757031242099 -37.6757031242099 76.8296512683451 0.300687230967443 0.422649411978709 0.71149133740805 1.43404577275142 0.942501651859716
0.582013698037238 0.658924164612588 0.977179778016954 0.317758949553452 82.0599313419605 -50.067707308512 -50.067707308512 35.4241989407519 27.835416923697 -35.4864839749333 -35.4864839749333 74.4109958188648 0.323701799863927 0.558199852078719 1.07850078904152 0.932836200062445 0.369001118845888
0.584688103975557 0.666636908405987 0.991268307189949 0.329488183189182 79.7913430145157 -47.0890699653844 -47.0890699653844 32.4769302361231 28.4792386392517 -35.55271340536 -35.55271340536 69.6041281737401 0.313867869672682 0.511649221705348 0.848997957585271 0.730492915372676 0.460099863087539
0.594236571688348 0.681044364821947 1.00201962060096 0.325399539703622 77.9992731739046 -48.3164446284941 -48.3164446284941 34.5528045999686 29.8281544117461 -37.7620366937495 -37.7620366937495 74.6404376687805 0.333382574807741 1.17704051798376 1.96502238811878 0.0160703650340143 0.0634993172031314
0.586160596664853 0.680975627772629 0.982675974017434 0.328102073672677 81.1264019597448 -50.4430607753764 -50.4430607753764 35.980184997417 27.9048522516274 -37.3403810656254 -37.3403810656254 80.8305857746575 0.309861569514135 0.173950824050718 0.309243948906625 0.698824223269434 0.441921233695177
0.580957571419693 0.665276248607975 0.992011060150837 0.325206953072781 89.4607617707935 -53.8668255126329 -53.8668255126329 37.3153670886547 29.0751707649788 -37.2787813295324 -37.2787813295324 77.5808355259057 0.310632683689958 0.353582258416998 0.73054675290406 0.807617649487853 0.288663216800678
0.583061371697589 0.672165125096485 0.991727778081229 0.327388601799284 87.1111722751619 -51.9617476037882 -51.9617476037882 35.4853078972668 27.3374150894441 -33.3977342996445 -33.3977342996445 72.1602070100643 0.278515344814713 0.713219661869729 1.4323346325001 0.230138148734329 0.207161488143217
0.576112151981993 0.665986396531311 0.980270324342849 0.318911039234087 86.6261546301415 -52.9330961868627 -52.9330961868627 36.8331706459238 25.6747165744813 -31.8287504319876 -31.8287504319876 66.7315171283021 0.31171825099099 0.815005670295389 1.35847383636572 -0.0339153375822299 -0.184942649633227
0.58439343218463 0.66843603171094 0.993418806482196 0.317755444454942 83.4832894987718 -49.2628678903619 -49.2628678903619 34.2456671473684 26.2978404076683 -31.2352504774075 -31.2352504774075 63.6161441774753 0.314130725598248 0.326795147726423 0.652815905124315 1.01238741311889 0.553332377390439
0.572040063049472 0.675208331443745 0.957565118003905 0.311904199971228 79.7292912753448 -49.3664874511211 -49.3664874511211 35.2542492772588 29.4462293917932 -37.4125317800174 -37.4125317800174 74.6401177334803 0.313828499602235 0.470499022446686 0.823795374782467 1.30423036510285 0.764587733807519
0.580243989641468 0.682456075729441 0.972658466276157 0.325239583597049 85.3399275710643 -50.1391750591919 -50.1391750591919 33.7810138977336 26.6373090259913 -32.0334618740289 -32.0334618740289 69.2819930880137 0.307927890524136 0.545023305604816 0.924800925400494 0.848952022379422 0.505343593627954
0.593599228404568 0.647616983780103 0.99251812496464 0.31986249051033 79.1268967753314 -47.4420852368889 -47.4420852368889 33.0354809279547 28.8690169178054 -34.3764791376341 -34.3764791376341 71.1502465505432 0.320454738331775 0.569606889976077 0.931233674611143 0.84526476330421 0.214702880581239
0.593871089645228 0.675433578811357 1.00364207755172 0.327341939778657 82.1692703275951 -48.8728441952776 -48.8728441952776 33.9534526223723 26.5006521835869 -32.319909868477 -32.319909868477 68.3033505527301 0.310113778080724 0.505981487486725 1.13886378143092 0.602378365179977 0.490868127361115
0.572211558417442 0.632619141908839 0.972096575568471 0.30780990096466 76.7767447722011 -47.129504125772 -47.129504125772 33.8153656815882 26.3130763960564 -33.2987576701653 -33.2987576701653 74.2284987310614 0.28207330724151 0.152201129294828 0.640184822257201 0.952985112171811 0.503921391841129
0.587412816740606 0.665159641051236 0.996153461372512 0.322613849906127 74.1345539263554 -43.6391027304535 -43.6391027304535 30.2180362337175 26.7844468152957 -31.0796660089036 -31.0796660089036 65.9033084244548 0.310479033479015 0.465449445993303 0.523838833717356 0.981358237801534 0.573082452264814
0.600718577294328 0.6761413871799 1.02011443877083 0.321211877198307 83.0113779997788 -49.6669717404752 -49.6669717404752 34.0655418890323 25.2152845284897 -31.5180811161279 -31.5180811161279 68.4216961989182 0.283748145160229 0.404253409609317 0.965435147717279 0.456611412844967 0.534442291426079
0.576948043034993 0.672153279172311 0.978916068575181 0.323052046620633 84.0787805045065 -50.2058555289874 -50.2058555289874 34.8550193136611 25.9424971227358 -33.6235636558007 -33.6235636558007 70.7051869655493 0.284265715212771 0.460399247570465 0.774773473218139 0.507607129339253 0.0946866433838341
0.595588978113447 0.665685847003974 1.00241230802828 0.328354401068296 78.4131767143807 -48.2159657798453 -48.2159657798453 34.5521421861444 25.0363553313648 -31.7943946487154 -31.7943946487154 68.9588347429625 0.277186129210094 0.116684464043222 0.276488887052599 0.376063718053222 0.235288894612989
0.585188410886364 0.651061293666423 0.989023534142152 0.310348734923774 82.2186180336231 -50.546084050303 -50.546084050303 35.6871306699922 25.7580588088343 -31.8957806904606 -31.8957806904606 67.744751642923 0.280332490291482 1.08879885553253 1.51277700909084 0.836083863276783 0.257630649262441
0.585891885702675 0.657394018723493 0.984510221642481 0.321445339733988 76.6158810194472 -46.1614945486529 -46.1614945486529 32.4130966544445 26.8543226725675 -34.9536817636657 -34.9536817636657 76.9021942491193 0.288993714305699 0.529239562846572 1.00115196937709 0.628702303607934 0.395945114900823
0.581107630294297 0.650801548411067 0.977489044593944 0.317660153880916 74.9030527325722 -45.3675722440637 -45.3675722440637 32.3367205285002 25.3701993337907 -30.3863826369869 -30.3863826369869 66.1884831585383 0.320904435781149 0.72419786186154 1.22270119095822 0.541027046688423 0.445308617865143
0.561655641701311 0.671659705770319 0.95949519180279 0.333949297279153 79.2185877659011 -49.5971746736659 -49.5971746736659 36.1554418347784 28.9728892689016 -36.8890747781254 -36.8890747781254 75.8885353676067 0.306987126916084 0.104763480824135 0.329293582921099 0.184880742936042 0.258528479303994
0.579678562501936 0.675497971061835 0.981802931462762 0.32490421262337 91.3067881045593 -55.3767241938315 -55.3767241938315 38.2063969388213 25.9962414142876 -33.7196434571782 -33.7196434571782 73.7735630604477 0.293019269082254 0.710145403608779 1.11728247297887 1.08200342546074 0.414884682119564
0.585222488336116 0.680495969552337 0.98310855601216 0.329932850520171 86.1430495814077 -53.8481222555311 -53.8481222555311 38.6068450674797 26.5716813023593 -32.7684011430916 -32.7684011430916 70.1830782794002 0.297599419187207 0.506842639538166 1.198715401766 1.11440687106813 0.552910937964882
0.566328811442817 0.689573873931439 0.967646696652547 0.343595181580947 79.4083640603082 -46.8326256908906 -46.8326256908906 32.2967805246679 28.6405950552323 -35.2015284074193 -35.2015284074193 70.9921629185183 0.285913105988909 0.598894315636626 0.798788563506126 -0.0619610843516987 -0.0902110186186451
0.573453086245483 0.646783212231393 0.974717447155091 0.310664279490905 85.0143510968332 -51.7233112091294 -51.7233112091294 36.3584569884659 28.34864075639 -36.1384665861065 -36.1384665861065 76.220374214955 0.302631864036348 0.701946308938342 1.12422828543168 0.764504193186771 0.413875247201949
0.578110492957727 0.681361676312186 0.974161631647215 0.332124412492375 78.3927268449356 -46.658296776132 -46.658296776132 32.4284771647181 26.9361514699671 -34.7674978417078 -34.7674978417078 72.6021046672252 0.309430815176912 0.421019105425755 0.787470598841608 0.24850792004182 -0.173458158125562
0.562760769531192 0.687564095036235 0.95811592680945 0.332284802827656 83.3722120748143 -50.2025239626531 -50.2025239626531 34.7225948604901 29.0478327353821 -38.5758591662384 -38.5758591662384 79.1250594616292 0.322045943993163 1.23032385595456 2.09940497716057 0.433641124007471 0.0308853787127556
0.589673189928607 0.680023940753876 1.00879727613561 0.326082441278309 83.6931330160786 -49.6653163489893 -49.6653163489893 34.2449069850647 29.0502248226315 -36.0657375691829 -36.0657375691829 77.6019549595154 0.323980944462936 1.24624882018618 1.85433940608707 1.40350988406698 0.52771501637481
0.579092493402147 0.672592223166809 0.977945040803296 0.324065770434512 83.7431064010564 -50.355567824446 -50.355567824446 34.6034750135301 29.1564749230937 -38.1894913948328 -38.1894913948328 80.5690867035018 0.303115948756292 -0.0453228496986694 0.0225794425051754 0.939896411684049 0.484442176974867
0.579734606570724 0.649731702350216 0.990034531037857 0.313211649971561 80.7936021056566 -47.959128325607 -47.959128325607 33.2848279263386 30.8050615805408 -39.071173161752 -39.071173161752 76.9357535099209 0.316796103727623 0.675432989833985 0.906079771933632 1.06721936368702 0.546469842085341
0.581075997771721 0.688110297646956 0.981548875100465 0.329111560734257 82.1500521942584 -49.2383961915562 -49.2383961915562 34.340045575075 29.7979953876777 -37.2926631103544 -37.2926631103544 74.7242655284061 0.289847042584172 0.791999667128941 1.27762376312562 0.676958991004676 0.362937870058498
0.577912341661104 0.669567399475883 0.97747449221873 0.320766661515619 82.5838038580908 -49.8792706325366 -49.8792706325366 34.7417413972953 29.5428600361424 -37.3396557166851 -37.3396557166851 75.9089504630787 0.315483003484754 0.39302417009711 0.557259919172858 0.439194348240698 0.255458215162651
0.581435732296944 0.674225775213796 0.992375729360961 0.330686778109396 83.4638345774295 -50.5864273788583 -50.5864273788583 35.2299730084257 31.2189832435833 -35.9765486656048 -35.9765486656048 72.4683455907735 0.293480042659705 0.45493084772242 0.697039067055706 0.795751345230928 0.277382043588854
0.571302995326081 0.676034326296042 0.95980016462596 0.319626515684433 77.5019265152502 -46.5941514121474 -46.5941514121474 32.5202695087993 30.9205892777965 -40.2732903790661 -40.2732903790661 80.0098229238402 0.333850766536582 1.27369113830692 2.00877254909689 0.359047258303952 0.158360085042278
0.582956221049675 0.677939579198713 0.975360807595489 0.328299626326846 86.9560728148668 -51.6815002809133 -51.6815002809133 35.2685463304169 30.3161594254932 -39.2768899565447 -39.2768899565447 79.4048928818606 0.334639751301591 0.738366541907217 1.24180658421803 1.29891324099402 0.711044048887162
0.573989558718701 0.658821597309797 0.962200367817923 0.308105211173327 80.9706958311843 -48.2759608805234 -48.2759608805234 33.4505581097664 33.1288538075717 -41.4249446476317 -41.4249446476317 82.8685970678547 0.30903047184351 0.564801894159604 1.02105489348681 0.730640866745916 0.318186275027864
0.583723063168236 0.660813345001118 0.983202982460766 0.315507237474422 83.8812108344567 -50.1569209205352 -50.1569209205352 34.0933952408227 35.4203456002228 -45.8173355193635 -45.8173355193635 88.8217527053968 0.328154170647351 1.1520740379495 1.68730258533955 0.373052167254158 0.168110223924654
0.575355270663622 0.68191453247929 0.971990033399569 0.324310718840631 77.2732411075079 -47.0372445809942 -47.0372445809942 33.0852585171642 28.9239879205465 -39.0904446171829 -39.0904446171829 81.4630649468772 0.339023220420219 0.582876399935083 1.10308078107247 0.291647922258008 0.347687278596968
0.589748915114353 0.66513945876718 0.989208595092016 0.317309085289988 78.4719064010458 -47.0469780750819 -47.0469780750819 33.3049124721392 33.7069893598444 -41.5640181749013 -41.5640181749013 81.4965042166413 0.333970275275837 0.680802576883128 1.27504996994056 0.192914809577744 -0.00371097035202658
0.584082977959823 0.676698400000795 0.970291069572437 0.325371049188817 79.4307592697451 -47.6007466616597 -47.6007466616597 33.3403427638487 27.9393499915511 -35.4062756421856 -35.4062756421856 77.0901555161996 0.325170711644384 0.76586679949994 1.36798968403943 0.792096849531325 0.262591551547485
0.575569899089076 0.680732404266154 0.968481699623859 0.322775078294908 80.5439019798655 -47.6989938197093 -47.6989938197093 32.5645519981798 27.4399120550087 -35.2272879467936 -35.2272879467936 74.4821188606713 0.304776713125827 0.619568994753232 1.11661273309104 1.12303274330171 0.461610096426044
0.58285480594327 0.662424539440968 0.976862775026804 0.324184673591312 84.3957405582419 -49.9796112445121 -49.9796112445121 34.3000485884072 27.7525624857533 -35.2123471995833 -35.2123471995833 75.6180766977905 0.313094758227227 0.0227248590188958 -0.160966997902807 0.266664185492931 0.179186939198873
0.577864305439008 0.66672814010095 0.982729354772381 0.32377977079407 85.7454235813413 -50.9919579807834 -50.9919579807834 34.751969236053 27.0956292648629 -34.8133108149158 -34.8133108149158 72.2856009848324 0.325833733172097 0.936442216827163 1.56187020629243 1.074368725093 0.491555163644616
0.598366668661684 0.651827027661182 1.01420395557192 0.312782764319552 77.9447862636125 -47.1826450479172 -47.1826450479172 33.5021531089317 29.1099885605986 -34.8880611183655 -34.8880611183655 73.4363844719387 0.293123347883122 0.42096699421015 1.01918360649393 0.386046290426775 0.297858244775657
0.582572907517825 0.672526918680193 0.997917390580317 0.324471554653891 75.7916339414858 -47.4056501855186 -47.4056501855186 34.7136890106287 25.8439060315512 -30.8427964422189 -30.8427964422189 66.2275889678262 0.304685913737093 0.61919961575277 1.1480585637444 0.428207366162473 0.206926420805209
0.58414557150689 0.666547354309901 0.987329960463701 0.316705390868127 74.3848546360952 -44.1608603909002 -44.1608603909002 31.363221299256 25.5562882500682 -31.3139924276686 -31.3139924276686 67.101586423025 0.29296434392729 0.926591718336297 1.62644852371819 0.768145375730064 0.288022758394336
0.571587700016679 0.6786061424895 0.966590975460599 0.335551085786005 79.1346585068782 -48.4986960037222 -48.4986960037222 34.4976266185198 25.3727560702858 -30.8571292721781 -30.8571292721781 63.9249815791383 0.293273569988474 -0.0303997052859319 -0.34154451525128 0.423602864881268 0.147042133349286
0.585334664982035 0.680627951469089 0.976690095147933 0.330306582959407 72.0317581733882 -42.797578324203 -42.797578324203 29.9890389809153 27.5260672250394 -37.0148149509546 -37.0148149509546 80.5702341817066 0.274492819974368 0.0439239914640071 0.139361649747163 0.501194959336038 0.190448645793288
0.582483553283579 0.641429895587115 0.980954337837877 0.31492264113897 77.1816297651395 -45.7613042541571 -45.7613042541571 32.1685128899473 26.6362785552677 -34.3219037216269 -34.3219037216269 74.872121089924 0.313405916506549 0.609017759076042 0.902968649643792 1.05595998574693 0.846357120033458
