0.7538
0.0196
0.0828
0.9992
0.9992
0
0.9992
0
0
0.1334
0
0
0.999
0
0
0
0.0116
2e-04
0.9992
0
0
0
0
0.999
4e-04
0.5702
0
0.3006
0
0.001
0.6172
0
0.9994
0
0.4092
0.9736
0.001
0
0.1996
0
0.0074
0.8598
0
6e-04
0
0.7686
0
0.9992
0.1842
0.0012
0
0
0.0818
4e-04
0.0024
0
0.1826
0
0
0.7616
0
0
0.9988
0
0.0052
0.0524
0
0.989
0.9992
0.0048
0
4e-04
0
0
0.2454
0
0.9996
0
0
0.001
0
0.1606
0
0
6e-04
0
0.999
0
0
0
0.999
0.9994
0
2e-04
0.9994
0.0016
0.9988
0
0
0
0
0.3396
0.001
0.0072
0.001
0.0012
0
0
0
0.0034
6e-04
0
0.027
0.0016
0
0.9988
0.99
0
0.0262
0
0.2354
0
0
0.9446
8e-04
0.9966
0.959
0
0.038
0
0
0
0.0088
0.978
0.9994
0.003
0
0
0
0.4882
0
4e-04
0
0.0038
0.0744
0.269
0
0.0332
0.9994
0.9994
0
0.9992
0
0
0
0
0.0366
0.0058
0
0.0302
0.156
0
0.9916
0
0
0
0.0018
0.9988
0.6308
0.317
0.0412
0
0
0
0
0
0.0438
0.9994
0.0144
0
0
0
0.0886
0
0.9988
0.999
0
0.0056
2e-04
0.9992
0
2e-04
0.477
0.9984
0
0
0.9994
0.2654
0
0
6e-04
0.025
0.001
0
8e-04
0.9736
0.0028
0
0.9968
0.986
0.9996
0.5032
0.9672
0
0
0.004
0
0.7214
0
0
0.002
0.006
0
0.0468
4e-04
0.9986
0.999
0.999
0
0.999
0.999
0.802
0.9988
0.9994
2e-04
0.015
0.9784
0
0
0
0.9988
0
0
0.9992
0.1902
0.9996
0.4818
0.9992
0
0
0
0.0096
0
0.9992
0.7148
0
0.0062
0.002
0
0
0
0
0
0.0128
0.77
0.9994
0.999
0
0
0
0.01
6e-04
0
0.9994
0.0818
0
0
0
0
0.9744
0
0.705
0.0046
0
0.9994
0
2e-04
0
0
0.0018
0
0.2906
0
0
0.011
0
0
0.9992
4e-04
0
0
0
0
0.0056
2e-04
0.9992
0.0232
0
0
0
0.9992
0.0014
0
0.3186
0
0.0036
2e-04
0.9992
0.2366
0
0.0098
6e-04
0
0.004
0.3686
0
0.984
0
0.9894
0.9986
0
0.9984
0.004
0
6e-04
0
0.9892
0.9874
0.9992
0.999
0
0
0.063
2e-04
0.9986
4e-04
0.0114
0
0.9992
0.0018
0.2098
2e-04
0.9994
0
0
0
0.4578
2e-04
0
0.4926
0.9004
0.2444
0.9994
0
0
0.0014
0
0.999
0.9992
0.256
0
0.999
0.0702
0
0
0
0
0
0.4118
0
0
0.9992
0.999
0.9994
0.9992
0.9992
0
0
0.9994
0
0
0
0.0858
0.0054
0.9994
0
0
0.7634
0.9946
2e-04
0
0.0152
0.9992
0.9648
0
0
0
0.002
0
0
0.9992
0
0.0252
0.489
0.0136
0.9992
0.9994
0.2672
0
0.653
0.999
0.0272
4e-04
0
0
6e-04
0.9986
0
0.0274
0.9988
0
0
0.9992
0
0
0.0036
4e-04
0.9996
0.9994
0.9992
0
0.9994
4e-04
0
0.4304
0
0
0
0
0.0024
0
0.9112
0.9994
0
0
0.8314
2e-04
0.9992
0
0.9986
0.9896
0.9992
0
0
0.0012
0
0
0
0.001
0
0
0.9994
0
0.9982
0.9994
0.1548
0
0.9994
0.0074
0
0
0.258
0.9992
0.0332
0
0
0.999
0.9468
0.0494
0.2024
0
0.9984
2e-04
0.0082
0.9992
0.9994
0
0.4922
0
0.3408
0.999
0.999
0
0.0024
0.9614
0.7766
0
0.0038
6e-04
0
0
0
0.001
0
2e-04
0
0
0
0
0.9988
0
0
0.999
0
0
0.89
0
0.0066
0
0.0112
0.999
0
0.9994
0
0.0022
0.1832
0
0
0
0.7992
2e-04
0
0
0
0.728
0.0232
0
0
0.9994
0.0016
0
0.2886
0.9992
0.9996
0.028
0.5902
0.999
0.0118
0
0
0
0.9784
8e-04
0.0032
0.9992
0.999
0
0.9884
0
0
0.9918
0
0.9996
0
0.9284
0
0
0
0
0
0.9992
0
0
0.9976
0
0
4e-04
0
0
0.001
0
0
0
0
0
0
0
0.01
0
0
0.6266
0
0.1546
0
0.6688
0
0.0304
0.0632
0
0.9988
0.9992
0.0114
0
0.9994
0
0
0
0
0.9576
0.1202
0
0.9936
2e-04
0
0.9894
0.015
0.9992
0.9992
0
0.002
0
0
0
0
0
0
0
4e-04
0.9996
0.0034
0
0.434
0
0
0.0276
0.0028
0.0026
0
0.999
0
0
0
0
0
2e-04
0
0
0
0.9942
0.9938
0
0
0.0018
0.0204
0
0.0016
0.999
0.0092
0
0
0
0.0032
0
0.0962
0.9994
0.9992
0.9994
0.0316
0
0.9994
0.9994
0.9938
0
0
0
0
0.096
0.9996
0.0014
0
0.0044
0
0.203
0.9994
0
0.0016
0
0.9988
0.092
0.0232
0
0.9992
0.003
2e-04
0
0
0.4232
0
0
0
0.9988
0
0.075
0
0.997
0.9992
0
0
0
0
0
0
0
0
0.999
0.9996
0
0
0
0
0.0458
0
0
0.9142
0
0
0.4944
0
0
0
0
0
0.0066
0.5124
0
0
0.8222
0.4692
0.0036
4e-04
0
0.095
0
0.001
0.0052
