0.004
4e-04
4e-04
0
0.0016
0.0012
0
4e-04
6e-04
6e-04
0.0016
0.0016
2e-04
2e-04
2e-04
4e-04
0.0016
0
0
0
0.0014
4e-04
0.0018
0.005
0
4e-04
4e-04
4e-04
0
6e-04
4e-04
8e-04
2e-04
2e-04
0.0012
2e-04
0
6e-04
2e-04
0
0.005
2e-04
0
0.0016
8e-04
0.001
0.162
2e-04
6e-04
0
2e-04
0
2e-04
2e-04
2e-04
8e-04
4e-04
0
2e-04
2e-04
6e-04
0
8e-04
4e-04
2e-04
0
0
0
6e-04
4e-04
0
0
0.0014
0
4e-04
0
0
0
0.0016
2e-04
6e-04
0
0
0
0.0036
4e-04
4e-04
2e-04
2e-04
6e-04
4e-04
4e-04
0
6e-04
2e-04
0
6e-04
8e-04
2e-04
0
6e-04
4e-04
2e-04
0
0
8e-04
0
2e-04
4e-04
0.0012
0.001
0.0022
8e-04
0
0
0
6e-04
0
4e-04
2e-04
0
2e-04
0
2e-04
2e-04
8e-04
0
0
0
2e-04
2e-04
4e-04
4e-04
2e-04
0
6e-04
4e-04
4e-04
4e-04
0.001
4e-04
0
0
0.002
0
0.0082
2e-04
6e-04
0.0016
0.001
4e-04
2e-04
0.001
0
2e-04
0
2e-04
0.0012
0.001
2e-04
0
0.002
2e-04
0
0.0112
0.001
0
0
0
0
0
2e-04
4e-04
0.001
0
8e-04
4e-04
0
2e-04
0.0012
2e-04
0
0
2e-04
0.0016
2e-04
2e-04
0.0012
6e-04
0.002
6e-04
0
2e-04
2e-04
0
0.0012
0
2e-04
0
2e-04
0.004
0.0014
0
0
2e-04
0
4e-04
0
4e-04
0
6e-04
0.0018
8e-04
2e-04
0.0032
0
0.001
6e-04
0
0.001
0.0012
0
2e-04
0.0056
0
2e-04
0
4e-04
0
8e-04
6e-04
4e-04
0
0
0.0012
6e-04
0
0
2e-04
0.0014
0.0024
0.002
0.0012
2e-04
0
0.0036
0.0022
2e-04
6e-04
2e-04
0
6e-04
4e-04
4e-04
4e-04
0.0014
0
0
0
0.0068
0
8e-04
0.001
0
0
0.001
2e-04
0
0
0
4e-04
0
0.0012
0
8e-04
4e-04
0
4e-04
6e-04
8e-04
0
0.001
0.003
4e-04
2e-04
0
0.0034
2e-04
0
4e-04
0.0022
0.001
0
0.002
4e-04
0
2e-04
4e-04
0
0.001
8e-04
0.0012
0
0.0014
0
0
4e-04
0.0014
0
0.001
0
6e-04
2e-04
0
0.001
4e-04
2e-04
0
0.053
2e-04
2e-04
0
2e-04
0.0012
0
2e-04
0
6e-04
2e-04
4e-04
0.003
4e-04
2e-04
6e-04
6e-04
2e-04
0
0
4e-04
0
0
6e-04
2e-04
2e-04
0
0.001
0
4e-04
2e-04
2e-04
2e-04
0.004
6e-04
0
0.0024
0
8e-04
4e-04
0
0
0
4e-04
0
0
8e-04
0
2e-04
0.0316
0.0012
8e-04
4e-04
0.001
0
2e-04
0
2e-04
0
6e-04
4e-04
0
0
8e-04
0
0.001
0
0.0016
6e-04
6e-04
2e-04
6e-04
0
2e-04
0.0016
6e-04
2e-04
0
0
4e-04
2e-04
6e-04
0.0016
0
2e-04
2e-04
0
0.0026
0
0.0032
2e-04
0.0018
0.0014
0
0.0012
2e-04
2e-04
2e-04
4e-04
0
0
0.0026
2e-04
2e-04
0
0
4e-04
0
0.001
4e-04
6e-04
0
0.001
0.002
2e-04
0.0026
0
0
0.005
0
0
4e-04
4e-04
0
4e-04
0.0064
0.005
6e-04
6e-04
2e-04
0.001
2e-04
0.0038
8e-04
6e-04
4e-04
4e-04
4e-04
0
0.0024
6e-04
4e-04
8e-04
0
0
4e-04
0
0
4e-04
2e-04
2e-04
4e-04
0.0016
0
6e-04
0.002
0
0.003
4e-04
6e-04
0.0048
0
0
0
0
2e-04
0
0
4e-04
4e-04
0.0058
0.0012
8e-04
0.0014
4e-04
0
2e-04
2e-04
0.0044
0.0012
6e-04
0
0
0
8e-04
0.0014
0
0.0012
2e-04
6e-04
0
4e-04
0
0.0026
0.0122
8e-04
6e-04
2e-04
4e-04
0
0
4e-04
0.0052
0
2e-04
4e-04
2e-04
2e-04
0.0488
0
8e-04
2e-04
0.001
0.0012
8e-04
0
2e-04
0
0.001
0
6e-04
0
4e-04
2e-04
0.001
6e-04
2e-04
0
0
0
0.001
0.0234
0
2e-04
0
2e-04
0.0016
0.004
6e-04
0.0018
8e-04
0.0012
4e-04
8e-04
0
0
2e-04
6e-04
2e-04
2e-04
0
0
2e-04
0
4e-04
2e-04
0
0
2e-04
0
0
4e-04
6e-04
8e-04
2e-04
4e-04
0
2e-04
0
0.0018
6e-04
6e-04
2e-04
0.001
4e-04
0.0026
0.0018
0
0.0012
0.0014
4e-04
0.001
4e-04
0.001
0
0.0014
6e-04
4e-04
0.002
8e-04
2e-04
0.0018
0.0014
0.005
0.0012
0
8e-04
2e-04
6e-04
6e-04
6e-04
0.0014
0
8e-04
0.0024
0.001
8e-04
0.0012
0.0022
0
0.0014
8e-04
0
4e-04
4e-04
0.0012
8e-04
0
0.001
2e-04
0.003
0.0016
0.0016
0.0126
0
4e-04
2e-04
2e-04
4e-04
6e-04
4e-04
8e-04
0.002
0.0074
0.0016
4e-04
0.0012
0.003
0.004
0
8e-04
4e-04
0.0012
0
0.001
6e-04
0.0028
0.0026
4e-04
6e-04
4e-04
2e-04
0.0024
0
8e-04
4e-04
0.0048
2e-04
4e-04
0.003
2e-04
0.001
4e-04
0.004
0.001
4e-04
0.0026
0.0032
0.0016
0.002
4e-04
0.001
0.0014
0.004
0.001
0.0098
8e-04
4e-04
0
0.001
0.001
0.001
0.001
0.0018
0.0028
0.0054
0.0012
0.0024
0.0012
0.0038
0.006
0.001
8e-04
0.0016
8e-04
0.0024
8e-04
0.0014
0
0.004
8e-04
4e-04
0.001
0
0.0046
0.001
2e-04
0.001
6e-04
2e-04
4e-04
0
2e-04
0.0026
0.001
0
4e-04
0
0.0028
0.0012
0.0016
2e-04
0.0012
0
8e-04
0.0034
6e-04
0.0028
8e-04
8e-04
4e-04
0.001
6e-04
0
8e-04
4e-04
6e-04
0.0012
4e-04
4e-04
4e-04
0.001
8e-04
0.0014
8e-04
2e-04
8e-04
4e-04
2e-04
8e-04
2e-04
0
0.001
0
0
0
6e-04
0.014
0.001
2e-04
0
2e-04
4e-04
4e-04
0.0026
2e-04
8e-04
0
0
0.0018
0.0012
0
0.001
2e-04
0.0028
0
0.0014
2e-04
4e-04
8e-04
6e-04
0
0.0028
0.0012
0.0034
4e-04
0.0028
4e-04
0
2e-04
0.0012
8e-04
8e-04
6e-04
0.001
2e-04
0.001
0.0028
0.0014
8e-04
0.0346
4e-04
4e-04
0.0018
0.0024
4e-04
0.0016
0
0.0016
0
0.0012
0
0.001
4e-04
6e-04
0.0012
8e-04
2e-04
6e-04
0
8e-04
6e-04
0.0028
8e-04
8e-04
6e-04
8e-04
2e-04
0.0036
6e-04
0.0018
0.0026
6e-04
0
6e-04
0.0012
0.003
0
8e-04
0.0018
0.002
2e-04
0.0036
0.0022
0.0052
0.0034
0.0014
0.0024
2e-04
8e-04
0.0024
6e-04
4e-04
0.0056
2e-04
2e-04
4e-04
6e-04
0
6e-04
0.003
