0
0.985
0
0.985
0.82
0
0
0.99
0.975
0.99
0
0.005
0
0
0
0
0.99
0
0
0.985
0
0
0
0.98
0.98
0
0
0
0.005
0
0.99
0
0
0
0
0
0
0.975
0
0
0
0
0
0
0
0
0.98
0
0
0
0
0
0.985
0
0
0.9
0
0
0
0
0
0
0
0
0
0.975
0
0
0.985
0
0
0
0
0
0
0
0.975
0.99
0
0
0
0
0.96
0
0
0
0
0
0
0
0
0
0.985
0
0
0
0
0.96
0
0.98
0
0.975
0.985
0
0
0
0.985
0
0.98
0
0.71
0
0.98
0
0
0.985
0
0
0
0.985
0
0.985
0
0
0
0
0
0.985
0
0
0.975
0
0.98
0.81
0
0.99
0
0
0
0
0
0
0
0
0
0.985
0
0.975
0.98
0.98
0
0
0.98
0.985
0
0.96
0.9
0
0.985
0
0
0
0
0.99
0
0
0
0
0
0
0
0.975
0
0.975
0.925
0
0
0
0.98
0
0.99
0
0
0.98
0.985
0
0.95
0
0.005
0
0
0
0
0.985
0
0
0
0
0
0
0
0
0
0
0
0
0
0
0
0
0
0
0
0.99
0
0.985
0.98
0
0
0
0.975
0
0.555
0.975
0
0
0
0
0
0
0
0
0.975
0
0
0
0
0
0
0
0
0
0
0
0.985
0
0
0
0
0
0
0
0
0
0
0.88
0
0
0
0
0
0
0
0
0.975
0
0
0
0
0
0
0
0
0
0
0
0
0.98
0
0.9
0
0
0.82
0
0
0.98
0
0.97
0
0
0
0
0
0
0
0
0
0
0.985
0
0
0
0
0
0.98
0.985
0
0
0.985
0.98
0
0
0
0.99
0
0
0
0
0
0.985
0
0
0
0
0
0
0
0
0
0
0
0
0.975
0
0
0.99
0
0
0
0
0
0.99
0.98
0
0
0
0
0.99
0
0
0
0
0
0.99
0
0.985
0.985
0
0.005
0
0
0
0
0
0
0
0
0
0
0
0
0
0
0
0
0
0
0
0.99
0
0
0
0.97
0
0
0.975
0
0
0
0
0
0
0
0.98
0
0
0
0
0
0.225
0
0
0
0
0
0
0
0
0
0
0
0
0
0
0
0
0
0.02
0
0
0
0
0
0
0
0
0.985
0.985
0
0
0
0.975
0
0
0.98
0
0
0
0
0
0
0
0
0
0.2
0.97
0
0
0
0
0
0.965
0
0
0
0
0.045
0
0
0
0.98
0
0
0.97
0.98
0
0
0
0
0
0.105
0
0
0
0
0
0
0.985
0
0
0.97
0
0
0
0
0
0
0
0
0
0
0
0
0
0
0
0
0
0
0
0
0.99
0
0
0
0
0
0
0
0
0
0
0
0
0.98
0
0.98
0
0
0
0
0
0
0
0
0
0
0
0
0
0.975
0
0.975
0
0
0
0.97
0
0
0
0
0
0
0
0
0.98
0
0
0
0
0
0
0
0
0
0
0
0
0
0
0
0
0
0
0
0
0
0
0
0
0
0
0
0
0
0
0
0.975
0
0
0
0
0
0
0
0.98
0
0.975
0
0.745
0
0
0
0
0
0
0
0
0
0
0.975
0
