mu[1,1] mu[1,2] mu[2,1] mu[2,2] tau[1,1,1] tau[1,2,1] tau[2,1,1] tau[2,2,1] tau[1,1,2] tau[1,2,2] tau[2,1,2] tau[2,2,2] probdiff predOne[1] predOne[2] predTwo[1] predTwo[2]
0.546199645914826 0.963862710097602 0.937613009062038 0.446750634982429 81.0515209854528 -50.2461516887581 -50.2461516887581 36.0140309770243 28.3427568316251 -18.6129920761378 -18.6129920761378 12.602215269891 0.00499097175528631 0.388977390985016 0.846132177674373 0.241322456926315 -0.321798082263425
0.554372298277339 1.0148414554143 0.947437518078569 0.485575298295536 88.7458563768531 -53.4172374559211 -53.4172374559211 36.6562664915663 37.0097308578575 -56.9902377270254 -56.9902377270254 175.204129576679 0.000613118048515209 0.957682167458576 1.35367767949642 1.19813934703061 0.505836717758101
0.570854507608228 1.02403590846336 0.967751995540994 0.481115100464165 77.6328183458596 -47.4442165765198 -47.4442165765198 33.052585784708 40.0308707386895 -72.7393594390139 -72.7393594390139 220.140723428847 0.000569073238894421 0.96668105900714 1.66625374613484 0.952671518399846 0.431655912346409
0.577318672049344 1.01598687516173 0.991227646344809 0.486394425587557 84.6576051531325 -51.1691485618824 -51.1691485618824 35.6787708539538 40.6834703836563 -72.6587624852585 -72.6587624852585 219.135122458423 0.000551742720688644 0.527891485432314 0.633984816125806 1.21967388399288 0.508591186207174
0.570362647244285 1.0268664584463 0.977699451041946 0.488385400270303 80.0392766408549 -48.2900534646302 -48.2900534646302 33.5509243138579 43.1697010372309 -67.1087285645569 -67.1087285645569 197.810289746421 0.0120980249237625 0.202751567467488 0.69931475345208 1.05998690112832 0.507917306879248
0.535945800912904 1.01747917597992 0.928889829954887 0.488191174844175 76.7951130809435 -48.4471196618805 -48.4471196618805 34.5656029933869 41.6302302307033 -75.7583248846339 -75.7583248846339 212.206026755358 0.0019717853995321 0.612600929882778 1.19223120263567 1.13175653123349 0.505652402289472
0.574209871861785 1.00649228732617 0.979239311132454 0.483636295972253 89.9917340377676 -54.7405725350103 -54.7405725350103 37.9153240884692 41.3157920640421 -72.7952108807608 -72.7952108807608 215.273144798698 0.00402183370656382 0.767140299691773 1.13691986161412 1.05688410358196 0.560983408489702
0.554908854141504 1.03354651826158 0.948855776157701 0.492399746238279 82.6439003504859 -50.6411549723769 -50.6411549723769 35.7173779690002 43.5561635302792 -71.4097306045056 -71.4097306045056 197.805311029737 0.00579282284470013 0.408260206180496 0.473431324344106 1.10382046920417 0.461066075420324
0.568866468085383 1.0132983087777 0.975532571805214 0.482029522789508 72.4588987774237 -43.5566194143925 -43.5566194143925 30.4097166749154 39.8983691003536 -68.9170885489083 -68.9170885489083 210.564643924811 0.00647053921252881 0.894867338111344 1.29391328584057 1.0465858366551 0.570886922458419
0.565755372846969 1.01117577784166 0.979771108245592 0.484903338525794 85.4189303317848 -53.8556094551372 -53.8556094551372 38.7318950073377 39.8330348762185 -70.1305972348417 -70.1305972348417 220.554717789034 0.00524101784233474 1.07954968151045 1.59333138282357 1.20356410764832 0.535821197789466
0.562405078244954 1.00703390722455 0.954409182933249 0.484561751920419 79.625975713066 -49.4341657574814 -49.4341657574814 35.0226037528901 40.335860093014 -67.5736789061664 -67.5736789061664 198.693817837417 0.00376699293997376 0.871596668565724 1.53054485378355 0.964184056006451 0.552966994254758
0.598137601458113 1.007928025 0.996547127558737 0.486715752966286 82.2401917487469 -51.074096407117 -51.074096407117 36.0951128301482 41.7471586838994 -69.2109499579722 -69.2109499579722 202.178336266643 0.00674010306737174 0.569913608035727 1.01648680720189 0.831653671246531 0.421988805270784
0.562046265461144 1.01160820634392 0.957096734463437 0.483399617733724 77.5674521992467 -48.1318862947104 -48.1318862947104 34.3202228664069 44.7456262275815 -78.3503228855474 -78.3503228855474 219.138143723054 0.00311729897727046 0.267859236113136 0.10621120750441 0.803783083263397 0.499740328505068
0.551736512211298 1.01179883227539 0.932884812494579 0.478442163289901 85.1832313412808 -51.4423486423804 -51.4423486423804 35.3052569173861 46.8274396438858 -79.9147788301145 -79.9147788301145 227.485388651436 0.00882072244412484 1.17676840710727 1.79940027017692 0.95092636448157 0.463760517951458
0.560694707834612 0.995993826467742 0.95834676384818 0.472967902193127 82.5867880325637 -50.5756880164352 -50.5756880164352 35.319505111949 42.1616127491864 -78.9818866239074 -78.9818866239074 221.221269470071 0.00175215996650737 1.01881333527782 1.49756622567083 1.10377772513811 0.539454271462325
0.555093376261253 0.995858500442602 0.954045850877736 0.477281893022145 77.9134361066274 -47.6064327350883 -47.6064327350883 33.8585315503854 43.9255993075323 -82.715111677934 -82.715111677934 248.251254090114 0.00553872250023373 0.782335310991218 1.42540678120294 0.558951307012896 0.296260131041727
0.564820110331251 1.01844096017028 0.966191130325272 0.492377764681834 75.4222533787602 -46.3764221746527 -46.3764221746527 33.067112749404 40.3237971910386 -68.0221123951896 -68.0221123951896 203.073551704972 0.000625470487185832 -0.0643006880087957 0.358423297673629 1.3673101968084 0.57957205959046
0.563824939769905 0.990913942550994 0.962403283113066 0.485413782097517 83.6786011132045 -52.1749977243187 -52.1749977243187 37.259510834795 39.034591317012 -61.190964938493 -61.190964938493 185.365148989131 0.00519278520194574 0.303698722438237 0.763362210774513 0.911780020465897 0.599066843232137
0.552423614634867 0.986054369369707 0.937775873275649 0.476531414302475 76.9167943738126 -46.0277014636274 -46.0277014636274 31.9083951352252 40.1792278930134 -73.4740463239107 -73.4740463239107 227.23240055282 0.00611841164594556 0.629713701523917 1.06418450152846 0.919992117916859 0.358090171635249
0.573869180532489 1.0214731723158 0.978596691517769 0.488326997408339 82.342861788595 -51.1493496214745 -51.1493496214745 36.3155063342251 38.8697564544266 -68.5116016077881 -68.5116016077881 202.085524308643 0.00438481289290249 0.870611236651417 1.61106424800158 0.981754193159021 0.452412085925037
0.570902422908419 0.991872320038421 0.981332003051275 0.483891728864362 77.653135059977 -47.892150213335 -47.892150213335 33.9611869806623 40.4001034385745 -75.3098736926734 -75.3098736926734 230.644461732593 0.0049965149888635 0.052920144603132 0.568314133039104 1.08744444655336 0.500641841870883
0.567605295081536 1.00475897819006 0.97355518706019 0.487064781716854 73.0350064347988 -45.0042374209135 -45.0042374209135 32.2523234216194 39.4493564523202 -66.6420979090451 -66.6420979090451 195.780613417784 0.00286178023909288 0.394367345479404 0.364490689022797 1.10093249665388 0.501939461777763
0.570512899937315 0.993541801138498 0.971572757468972 0.478772062338507 86.0496827011659 -52.2884758028277 -52.2884758028277 36.4184085676165 48.5076934128411 -87.5383773815521 -87.5383773815521 245.419220736282 0.00233722247330211 0.739443188634404 1.34104103394083 1.21548629682659 0.633704618390492
0.557965135033891 0.985535808765861 0.969153296842304 0.470689884991658 71.3038947457065 -45.1384073045894 -45.1384073045894 33.0840907877986 43.7510699621022 -73.6133980342059 -73.6133980342059 201.437437715195 0.00522205960135723 0.824639812240925 1.26520464091834 0.653051102289879 0.461106984070132
0.563765490390393 1.00312834351845 0.963717139202466 0.478424374674378 78.2457942835802 -47.5657262491172 -47.5657262491172 33.110722561787 42.0690854916899 -79.2205060479304 -79.2205060479304 228.818807917262 0.0050208160913164 0.954292574183379 1.36267051634271 0.845567548350806 0.386801470670373
0.573291155962855 1.00767404725728 0.984635138785618 0.480978077024062 69.8176999943496 -42.5675583445541 -42.5675583445541 30.5198392583622 39.1642361354946 -70.3230323230599 -70.3230323230599 213.724840550045 0.00438788495910783 0.211350633382517 0.38611348954055 1.17292665295922 0.506726202578423
0.549639001051466 1.00416946280445 0.938743784461077 0.486095666406695 82.975200725737 -51.678996170741 -51.678996170741 36.4484467269848 43.3170125617112 -70.2721945776969 -70.2721945776969 193.513889530241 0.00770502262561038 0.348268663994966 0.448482450542777 0.571188800506728 0.264545755249901
0.595516059544643 1.02704609245488 1.01152304093308 0.488152802137924 85.1337587052257 -50.9103285140354 -50.9103285140354 35.2702342710041 37.2209224957818 -60.7198310755204 -60.7198310755204 185.502695400844 0.00164157225833013 0.214298223429892 0.550701737212918 0.690904733627169 0.481405921091303
0.553247193772487 1.00230140223966 0.944986584113251 0.480643437413037 79.2040728429836 -47.7989051070384 -47.7989051070384 33.8843631675353 39.890888875042 -75.2057011641235 -75.2057011641235 239.169215988003 0.011213049817838 0.535433700195441 1.10182640984543 0.87804023579286 0.434883820464383
0.565935057557196 1.01868951652368 0.97889164574359 0.487348637121875 89.0554770167295 -54.2780301940489 -54.2780301940489 37.7192126378998 38.391085286094 -66.863766991799 -66.863766991799 207.68924969101 0.00998124494407097 0.792767732388435 1.11990441465618 1.11249130893887 0.491361557349492
0.554574874495325 0.994240763517639 0.939178353030741 0.475004368780366 73.9195660021899 -44.6462403062191 -44.6462403062191 31.4179106908153 45.1903909458112 -81.194180755432 -81.194180755432 242.07150100715 0.00907800363599323 0.58879984392399 0.776946577498104 0.830462731390491 0.43947955042741
0.559569431287722 0.999749485062453 0.964378187035269 0.481742348371975 81.9399854831177 -49.6979179541182 -49.6979179541182 35.0185160478699 44.1637053616552 -88.2843322581899 -88.2843322581899 273.067325882132 0.015928279122155 0.709886692296878 1.26815793583355 1.25801790719403 0.598494017578918
0.562830661364732 0.967903011184669 0.964631008485377 0.471580489387891 69.2275701931629 -41.2302452690647 -41.2302452690647 28.9192502629294 42.9537378229916 -74.1029681102757 -74.1029681102757 216.898247168184 0.00691682125377354 0.713964323198112 1.19648419576841 0.841632817167734 0.49226457713602
0.568050905443169 1.00760274472818 0.972607399137713 0.483158407888214 80.722397953186 -49.64579373364 -49.64579373364 35.2552107734271 38.3307354453467 -69.890046137681 -69.890046137681 217.440283285563 0.00269798728149727 0.647796881875779 1.10571516726064 1.14109826945167 0.626288025595032
0.571656725637942 1.0207369379747 0.979728062138513 0.482645223586168 82.2733415607887 -51.4317434511012 -51.4317434511012 36.3688633126444 38.5692834936447 -68.6902436455154 -68.6902436455154 205.386062418578 0.00224782126348325 0.851836717018472 1.342717806741 1.72166558090905 0.732325795134777
0.571385123435224 1.00284668960667 0.973783878084562 0.48269835012929 70.6802282886865 -42.6671598667046 -42.6671598667046 30.4146797066545 41.3519893623479 -68.7594750006061 -68.7594750006061 203.475113444799 0.00572200566284232 0.676089466886844 0.922766984078757 1.34185089422519 0.578021292729477
0.589091616481717 1.0296471546803 0.999779306192341 0.490310309706554 78.6641081555636 -48.2083978189865 -48.2083978189865 34.0827009618426 45.4369744838384 -77.4170782364103 -77.4170782364103 228.753537975694 0.00188242039791232 0.629180377281154 1.06105600133054 1.24477790456081 0.673375498035555
0.567131213431129 1.01425355152663 0.971658552599546 0.489606464162462 74.9689396089864 -47.3621119025514 -47.3621119025514 34.6358842294477 41.1598126172844 -69.6533770350969 -69.6533770350969 198.541985591929 0.0086196057887833 0.408659528894179 0.529809416625901 0.838829141489343 0.528289702836717
0.567819684481403 1.02569535296961 0.963872040380798 0.489758014353735 80.5569328205753 -49.3559556005978 -49.3559556005978 35.039364385454 43.8656509262875 -78.6552151448664 -78.6552151448664 220.540977999161 0.0103881701421278 0.596868914512012 1.04261187337632 1.60625185383321 0.762762698620074
0.556982101157921 1.01715527747473 0.961208545901085 0.482734547740201 78.2215605193008 -47.589696879075 -47.589696879075 33.979791303401 43.0760086155334 -81.2471106726433 -81.2471106726433 246.202746548952 0.00542102004948244 0.0779938517754374 0.17243239114588 1.05254029547139 0.379777699373314
0.577620140153249 1.00895877596578 0.973412244053284 0.481802998830762 85.4508042786317 -51.7204125936583 -51.7204125936583 35.7710649227942 39.0557466466486 -69.8505621038469 -69.8505621038469 218.305087318606 0.00779143240037708 0.84239179435238 1.05737020296098 1.113675792705 0.398432002491253
0.551864592701279 1.01396353116655 0.957711895137405 0.487642766702546 79.9531047318378 -48.1242312772258 -48.1242312772258 33.3991388238693 41.3875263935062 -72.5983794526312 -72.5983794526312 222.267431118627 0.00818472052275189 0.47187130563735 0.61638256939248 1.21158613412827 0.583608240167264
0.595880916094973 1.05419644401674 1.00755699378332 0.501004170966066 72.4185468413601 -45.3468526831316 -45.3468526831316 32.6495753974664 36.0053771283212 -66.7779931344801 -66.7779931344801 207.86841827418 0.00744918435987962 0.673503755183217 1.09676507835273 1.48606180471585 0.658601893998838
0.55108416857772 0.994457328048113 0.943921417668519 0.470974054789362 82.7941251607515 -50.4698730369164 -50.4698730369164 35.2639394632863 40.7532745911464 -77.3503437674022 -77.3503437674022 223.61649097689 0.00346292557005306 1.08564773576199 1.72870642977771 1.0109294284665 0.508741993279827
0.546812334286594 0.977137089996797 0.939705156505278 0.470490913216762 82.5597006695807 -50.1134275230789 -50.1134275230789 34.6974235017031 37.5689644931176 -68.9597084476699 -68.9597084476699 217.183117636417 0.000476082949957376 0.367357947705942 0.608248577750296 0.885674654804874 0.490188556178682
0.531213428034991 1.00607688387631 0.929186775692084 0.488495856430854 81.8307891873165 -50.3232184852858 -50.3232184852858 35.5277927166309 41.3456632205171 -73.5800586221197 -73.5800586221197 230.437608108517 0.00685856382101856 1.16363280653853 1.88449834015438 1.2702265984893 0.628408193390055
0.568841460295277 1.01101697290556 0.969829453202569 0.489737288031058 73.2044903302394 -45.0984052901212 -45.0984052901212 32.3047972153749 41.7422452660934 -65.5036227309155 -65.5036227309155 192.254894433665 0.0135984338515903 0.49061937621976 0.641653316874985 0.967415558206201 0.413600683042366
0.563879524330016 1.02362137692665 0.963488520822065 0.485457271762396 72.7991082969143 -44.3800017371392 -44.3800017371392 31.7200745515372 34.7672471114893 -64.082981586357 -64.082981586357 206.901717260323 0.0133872947371195 0.290062075042875 0.635315484893497 1.19498333754747 0.546237485918883
0.566230495345684 1.02649078259275 0.970879837718744 0.489265574292018 87.0245150461367 -52.2564529794729 -52.2564529794729 36.5296869207542 38.9971381048951 -64.8878606175737 -64.8878606175737 192.029879260158 0.00635134786659575 0.637195590773053 1.12734151444063 0.632429722848359 0.340893084998062
0.56738187090163 1.00007324908435 0.964751164275094 0.482336358375846 86.6850172206937 -51.515668763478 -51.515668763478 35.4250622573941 44.3329768964869 -76.4213011524294 -76.4213011524294 229.318743145768 0.00696394855908193 0.33297980165474 0.763462039964401 1.09303585606267 0.508335500264779
0.565003337631544 0.999145694755459 0.970951552897232 0.474374538565293 76.9531631426993 -47.4186628681485 -47.4186628681485 33.6494220381199 40.5467018811336 -73.5138358023117 -73.5138358023117 213.837752747948 0.00209876678030499 0.304811634680556 0.88746713239831 1.07328189994099 0.512274820731109
0.535649284853427 1.03057066285586 0.928185298213081 0.489962784364441 84.7409971569762 -52.2981849294023 -52.2981849294023 36.5444887089122 43.6415649669 -75.4624278352728 -75.4624278352728 217.741458795619 0.00258227473766198 0.677001914167965 1.2580670636948 1.18689125125421 0.655168264094593
0.559736292673474 1.01545385325914 0.960974497165442 0.486245996798597 83.6239827392566 -52.8291888312137 -52.8291888312137 37.6443194720071 39.1881867987663 -72.4542979043051 -72.4542979043051 216.999829541454 0.0058005459040385 0.948261663737886 1.48468264182917 1.01458874903729 0.468442405733611
0.589530783348795 0.997073769620317 0.995602178383152 0.473616940684498 75.7191811979872 -46.0553983189459 -46.0553983189459 32.6747780278847 44.0340609914091 -70.686035923691 -70.686035923691 201.080946462541 0.00486059266699954 0.544976430259068 0.718544534789445 0.86157675222753 0.510707937938282
0.553810156166961 1.01682593632759 0.965570916892287 0.489066595081707 78.8069394444708 -47.7526197288238 -47.7526197288238 33.7595547546694 42.8029847402264 -74.9889269621776 -74.9889269621776 220.986085636256 0.000617345104437728 0.72857253953956 0.920481214969218 0.69857225511599 0.45845929310986
0.555978026249588 1.01054240436024 0.959731433110296 0.479483894972275 82.8139966839207 -50.6972195093164 -50.6972195093164 35.0821618046635 45.706575388838 -83.2189401814285 -83.2189401814285 249.354107404651 0.000519355920787737 0.567647979147099 0.945274133579453 1.03984941410668 0.510809308053863
0.551902088720496 1.00810140578069 0.957595854012344 0.490511314211481 79.9218180007034 -48.6199553122237 -48.6199553122237 33.8441360377008 42.7626221080242 -76.7590947817583 -76.7590947817583 224.817292209324 0.0058965888271163 0.510134971216174 0.992362987389143 1.08515617183641 0.529537149971698
0.571255648373726 1.02424387423697 0.979609341720292 0.488696935238499 79.49448388371 -48.6333195292349 -48.6333195292349 33.9804294120983 40.0260593951195 -67.0558061037183 -67.0558061037183 203.817477268112 0.000941855303893303 0.231981506098013 0.349261524456519 1.21213649274566 0.576588527348267
0.568841084152165 1.00720198060852 0.980192001343606 0.483825202805419 78.0805432832108 -48.3703378521284 -48.3703378521284 34.3201339598238 45.4867850552379 -78.7054082998749 -78.7054082998749 209.274380269953 0.00532241646400365 0.279055069875561 0.439516733725645 1.03893381309957 0.451399951040517
0.576515003115799 1.00122190442284 1.00482031341453 0.479925523210879 78.6563936835153 -48.0245532409609 -48.0245532409609 33.4418995542702 42.3764773409033 -73.4812945202316 -73.4812945202316 201.461831279591 0.0017445597766118 0.633544348135219 1.13544835128382 1.32225736225334 0.612849085362319
0.55440495375005 1.00263325476978 0.948432773194964 0.471859649072638 81.0555840815388 -49.020656164861 -49.020656164861 34.2118455859111 38.889338708785 -64.9007009652919 -64.9007009652919 185.346120114283 0.00780419392669733 0.418913972721384 0.562122452680521 0.903911466062356 0.420605822219774
0.570571870455288 0.989346475002678 0.974537071039817 0.480234102493561 87.5548364751255 -53.8649664335174 -53.8649664335174 37.3848383371096 35.485855726592 -65.2342965952537 -65.2342965952537 201.911365614942 0.00624621438552002 -0.0552382270869773 0.150746699145423 0.997028559217694 0.595558044383172
0.583576498250319 1.00453182405523 0.9998143384379 0.48513957311958 74.0529241367131 -43.9348052466295 -43.9348052466295 30.4076432886882 37.2339684089753 -71.9677978530075 -71.9677978530075 227.660571906839 0.000425876434450975 0.453306700917409 0.998512573145544 0.976804139107321 0.48543996649847
0.577684421707768 0.997683516808672 0.977740404442261 0.478102502023833 90.0988880820474 -54.3254098089676 -54.3254098089676 37.51270799011 38.2926828180857 -69.1989042683691 -69.1989042683691 214.388743911504 0.00679193704395049 1.07808911643664 1.72231377889668 1.15382940975403 0.492245893728932
0.57738474609412 1.00349300447929 0.980227529576387 0.484990985737109 80.3048232133983 -48.7431314408609 -48.7431314408609 34.243984303736 42.7170517512118 -77.4693281154548 -77.4693281154548 220.472329695456 0.00887936376931207 0.550326878202375 1.19397670167895 0.734485029050947 0.294098360636845
0.564721975340228 1.03428193803034 0.971360854425133 0.490231864522265 86.9101141090115 -54.2587327985528 -54.2587327985528 38.5637935339284 43.8994525291264 -75.6515216541051 -75.6515216541051 231.803261287612 0.00716114315770872 0.674980940832263 1.14135582089142 0.877894757111617 0.378608214592188
0.582189450474655 1.00064439829533 1.00035001863555 0.476536612995684 88.0311436184503 -53.1815242280649 -53.1815242280649 36.7760858178261 44.9112179206128 -80.8243936336731 -80.8243936336731 230.541970921582 0.0119808836267824 0.185961788405012 0.493601803871828 0.820047248157114 0.295293039545833
0.548182626989355 1.02023214293727 0.95225251178139 0.491731506679009 71.7694233366752 -43.1388794596543 -43.1388794596543 30.3611579138179 45.0116953670811 -80.8835361503637 -80.8835361503637 226.204473331821 0.00453225035875558 0.477967777775657 0.986866061107251 1.1998818330781 0.508696384708801
0.565185365806204 1.00217338841292 0.953582302914042 0.481109785684962 76.7277474274053 -47.9134958593173 -47.9134958593173 34.8272242725965 37.0799138065161 -66.0587384447425 -66.0587384447425 205.241403109089 0.00948018421812019 0.422077753912442 0.965543026139685 1.25053070990437 0.490033510596381
0.557688129140961 1.0058411488189 0.951454603338945 0.483745208701512 80.3956595846707 -49.3934160613254 -49.3934160613254 34.7668451634584 44.1379410632153 -79.0075496025475 -79.0075496025475 229.30560777537 0.00210750428715208 -0.243213987429344 -0.460195922389609 1.06882243114908 0.55909060245258
0.560299769431822 1.01011181480541 0.955601315435822 0.489477700185057 88.8638742416929 -53.4484602758079 -53.4484602758079 36.6775601954416 35.4712756402035 -62.0908871596804 -62.0908871596804 203.31144434892 0.00646919384353556 0.661443907603621 1.29180886570626 1.16085558526879 0.566701121283932
0.563251343570355 1.01626863027816 0.964967882495287 0.488041967136617 81.4426145121444 -50.5506085692597 -50.5506085692597 35.9222745875567 37.2451199078634 -65.5127930501011 -65.5127930501011 206.72417095824 0.00630935953655162 0.695616811541472 1.11740354821175 1.12913314382804 0.511366970667253
0.563782949391536 1.01102555765733 0.969737527669387 0.489424064834659 79.9585482811817 -49.9793814374191 -49.9793814374191 35.5840669893907 41.656969055928 -73.2447995157422 -73.2447995157422 216.958423732857 0.00510085462120164 0.341256010047306 0.493520183780297 1.15069162633551 0.580801191092726
0.56896703046647 0.979781879797393 0.970180920220685 0.468409316632591 80.4869111123829 -49.2764924541239 -49.2764924541239 34.8197837318797 38.4258857701559 -67.7421854220893 -67.7421854220893 205.599540778889 0.00172843732427979 0.457901468605176 0.636129570033046 0.672704255223285 0.34403491969663
0.575532332189971 1.01338761417868 0.979455439909489 0.479589524161348 79.598906722841 -47.3599974530091 -47.3599974530091 32.3966092814926 44.4771119713554 -81.2403321372964 -81.2403321372964 236.316311991618 0.0046063848890491 0.817725841926241 1.15239795291066 0.924807406528821 0.425962868476452
0.584002451778917 1.01370685207846 0.989276640435914 0.487708565669746 86.3496886948269 -53.3252541821837 -53.3252541821837 37.1272393808284 38.2623804002972 -69.9387829525118 -69.9387829525118 220.405045110179 0.00436109949054829 0.798470934436402 1.24003960716365 1.34804221455871 0.551463397811461
0.584552518158504 0.998549015473628 0.997054678879628 0.484128111663054 81.6936282302354 -50.1658176138673 -50.1658176138673 35.4767857107673 40.6525137600371 -75.1905943971118 -75.1905943971118 237.064365197481 0.0104227904802574 0.539026870460415 0.811706059733452 1.20128583375598 0.548279458801122
0.549108313989968 1.01520912542095 0.939340606664936 0.492669185058971 82.6434628003841 -51.1963234640338 -51.1963234640338 36.5801597448968 43.2665643694971 -73.7628769050014 -73.7628769050014 201.246768375936 0.0120339428366973 0.552171174556614 0.748235186110049 1.1523762875364 0.562935391632707
0.557482326274966 1.02942123008246 0.950930548719892 0.486373549777608 78.426865391931 -46.8523271998468 -46.8523271998468 32.5784110361401 40.5411072957499 -74.3830632935418 -74.3830632935418 240.334231065834 0.0107579488160564 0.520030135233635 0.902050184761365 0.984368978541014 0.499317031394763
0.567078910504675 1.02359952489392 0.967626729298813 0.486217231556386 85.1586922434262 -51.08992314151 -51.08992314151 35.3796467275692 39.2360219903256 -66.4526616218062 -66.4526616218062 205.380423259919 0.00899697753760805 0.694861870393901 0.880547227967766 1.10013970313039 0.310162822577876
0.560508805852704 1.0290232692532 0.972503403496452 0.49362537537428 79.2135327191873 -48.5707144468131 -48.5707144468131 33.9518129989874 49.3007766082614 -88.7247642567775 -88.7247642567775 251.990866453645 0.0104854219912281 0.531039262266937 1.0062654222077 0.881545062073716 0.388681031914661
0.577839964569424 1.0016696779615 0.995311416306882 0.474375951990053 81.5573834112242 -50.0099002517887 -50.0099002517887 35.1203219196704 41.4614375259379 -69.0190478233827 -69.0190478233827 195.570078711366 0.00862814414180601 1.01538843114037 1.77215913561974 1.01127416576604 0.400215245256955
0.567325750942828 0.977989363959188 0.967354907150854 0.477966440476266 75.5497595882132 -45.7037396686207 -45.7037396686207 32.6901898151457 41.4277956703295 -76.5946847141118 -76.5946847141118 238.524964917072 0.00251843944914634 0.322201462445475 0.529352209118507 1.00790375334047 0.450858022594259
0.548043004579314 0.99704602979359 0.943264292238804 0.479055015733043 82.6263080088419 -50.7386739360987 -50.7386739360987 36.1627137557048 49.7928206041437 -91.9394620865581 -91.9394620865581 243.806537557001 0.00552505561573327 0.647364170836666 0.850989591948667 0.880963920377875 0.365981375597265
0.564536477856878 1.00546519368757 0.953730121794054 0.479483176545366 81.9154421270184 -50.2967278367764 -50.2967278367764 35.3795602043306 42.6884221984143 -70.0463520796831 -70.0463520796831 193.453099955254 0.00474073972006668 -0.0210099172659951 0.32972915705367 1.1944200851767 0.555906229004072
0.571876229619036 1.00529586671896 0.980274288943554 0.485481595630404 79.6514158232518 -48.3819708699579 -48.3819708699579 34.1500942673989 40.736023696034 -69.0078791021518 -69.0078791021518 206.191276411366 0.0143822967296494 1.01286983452415 1.67156637049744 0.745083756804628 0.512149321262634
0.569429201558946 1.00524876909811 0.977380867849561 0.478836876672619 83.0908063407939 -51.4858276433131 -51.4858276433131 36.5167766463946 40.2160850295529 -72.3757013475078 -72.3757013475078 223.436218782515 0.00104348499498445 0.405409591933606 0.600079148509031 1.0808042011196 0.503020242995885
0.564610898790187 1.01670782195335 0.975432672393151 0.487018820692268 81.1920462608883 -50.5821536619508 -50.5821536619508 36.0733445200192 44.1735634357679 -73.7263542107045 -73.7263542107045 210.721082949021 0.00569026614722694 0.130682230374132 0.371485783217866 0.762467143882968 0.536008804449695
0.570981411008859 1.01532975563967 0.97301324809317 0.484880761414015 84.2198485202354 -50.9379460902345 -50.9379460902345 35.7436728600117 40.4262066968649 -78.2296914522308 -78.2296914522308 234.258390867857 0.0137743518799691 0.810026591864608 1.54160943529874 0.946317458880731 0.348293831680822
0.551452136359913 0.994620660571058 0.948180011408254 0.473512966193509 77.6745903912471 -48.1627136675019 -48.1627136675019 34.2853757425879 42.2845623821103 -69.5980652651794 -69.5980652651794 218.049288374188 0.00748271268094175 0.691925715493175 1.56220500024882 0.947555300649605 0.559629802586029
0.571127055274093 1.01084383152727 0.989524157454302 0.491090470109691 83.0488227352104 -51.8965240032357 -51.8965240032357 36.8298662009885 39.3824434853831 -71.5606391440272 -71.5606391440272 205.543701327793 0.00459359939732476 1.05554473687098 1.5743037690746 0.797661737118763 0.446146971904275
0.565134560414222 0.963123545454258 0.971507462048197 0.463405810034349 76.6646923737684 -48.0125835124072 -48.0125835124072 34.6656777798345 43.745674850889 -78.7868535348347 -78.7868535348347 219.440425225522 0.001623037973455 0.0466892479861497 0.289073731771341 0.982710462687117 0.538210612796735
0.554117011337249 1.02189843813629 0.959928484515771 0.485308689644569 80.0272045187086 -49.3608478459981 -49.3608478459981 34.9154083348423 38.366866822266 -72.9313347784743 -72.9313347784743 226.479770246612 0.00500583362404482 0.455600819320705 0.732463427205741 0.852968867528903 0.252102666399548
0.571903984394372 1.02241303511675 0.9845113122969 0.486952267153785 82.0718821138006 -52.5564788818849 -52.5564788818849 38.3945334097032 36.7614458031625 -66.653487551373 -66.653487551373 208.958820684183 0.00561157708421287 0.508838691359705 0.823531148781491 0.921785766753176 0.34949966263602
0.563645138966821 1.01455747797058 0.966483552716449 0.487250267691526 74.4409460621829 -46.5191615761708 -46.5191615761708 34.2162806053264 45.0046416601338 -79.8256773819224 -79.8256773819224 228.478790402329 0.00472598009355361 0.597422805671542 0.857787131113269 1.05353696775605 0.538867264651606
0.561807816642597 0.987956911311136 0.963664168046453 0.47719793907102 78.2880444872935 -48.5159488470826 -48.5159488470826 34.6081927674768 50.2662016727392 -89.9173620769379 -89.9173620769379 254.284514526235 0.00824952452387983 0.382303442127975 0.847646988363263 0.836043939435185 0.455746000992356
0.559643484454963 0.99317201158919 0.950129668697074 0.479672863114871 83.4760134836283 -50.7525510828722 -50.7525510828722 35.2413608112293 39.8401918289966 -72.6329249024919 -72.6329249024919 204.822847434223 0.00556200617017804 0.522761046497408 1.1383566939061 0.523680215453335 0.458399608172554
0.567834441368835 1.01859420233699 0.966418753898775 0.487063285684321 81.9105591607223 -50.7333304484985 -50.7333304484985 36.2096024626471 43.7226971162738 -76.4073196914101 -76.4073196914101 230.911350903684 0.0108457718002861 0.429997270328312 0.561159899354919 0.926940627598536 0.459087202375676
0.559943269665154 1.01496781506584 0.957872680786362 0.482667773648945 87.5740948019352 -51.3094685285937 -51.3094685285937 34.7473841421391 39.5314040855181 -69.5770453472894 -69.5770453472894 210.990801792746 0.0130873212145342 -0.0341264432004779 0.0413274213331577 0.845536686105356 0.44243342211911
0.582815987131866 0.982770444002835 0.992838934874326 0.47389081981825 79.4597091936828 -48.8473602545561 -48.8473602545561 34.2598206677406 42.6594883472485 -78.5135340727672 -78.5135340727672 237.871685880836 0.0188982808225451 0.890007208220684 1.42163753481522 0.686911044975149 0.410531590848396
0.553071232144319 0.996901267806222 0.956049235979803 0.477308996678129 81.7857309577131 -50.1173417673789 -50.1173417673789 35.2140627003826 43.8008241398527 -76.228638723983 -76.228638723983 227.471341684944 0.00171688335700424 0.016834571926533 0.279974496617873 0.970653635985643 0.402518311181435
0.564495163677985 1.01232178101844 0.959710207479695 0.48796007589609 72.7996558928537 -44.4021504796025 -44.4021504796025 31.9554080400709 43.6046572675104 -82.5989122269445 -82.5989122269445 249.145035092734 0.00616769735547585 0.666987993926656 1.1595812781893 0.769144182882196 0.435493403711908
0.57188400415039 0.99274769228237 0.979198024336826 0.480140869879131 72.1246323610451 -43.6382186908922 -43.6382186908922 31.1738446215062 40.5940508786758 -69.4547150991085 -69.4547150991085 215.692557889905 0.0054324731412702 0.291555778218118 0.698701878203372 1.24261703324506 0.581075581596742
0.555756827774421 1.02931843513989 0.957296456125697 0.483589730451808 86.0265204293371 -53.2155331736633 -53.2155331736633 37.3692585870868 42.045352563755 -77.9014913613137 -77.9014913613137 229.736119867223 0.0156565258561385 0.251923166196608 0.111998892286788 1.01786460703483 0.406450719099071
0.574906947799168 1.00304363369806 0.973931032547377 0.476819886702222 83.5234750764126 -49.9867665349907 -49.9867665349907 34.5890310868741 45.0482819164098 -74.1005306702749 -74.1005306702749 215.717839909479 0.00767393485683766 -0.0385566862696987 0.191750304091387 1.27226191248546 0.621125286352123
0.580704143016818 1.01063242220123 1.00802531458641 0.490800204677092 73.7760664510955 -46.0612998602591 -46.0612998602591 33.4263297708238 45.771349442864 -82.4363358638791 -82.4363358638791 237.987300361047 0.00532379307491172 0.911842770479414 1.40066106028926 0.935477503121718 0.475917089811783
0.533593974582209 0.990294618671759 0.919985023208591 0.477107489299811 76.6086910164173 -46.6164670582033 -46.6164670582033 32.8945526566012 42.7297272971993 -71.4546732366136 -71.4546732366136 201.784970574263 0.00326590554841102 0.945512768327795 1.67476210764051 1.04575011373998 0.56312357785685
0.580988276707809 1.02181566591405 0.986044226129711 0.488659276460307 71.9588676934691 -43.8762008209039 -43.8762008209039 31.3584729831781 39.8011183598133 -75.2497309518018 -75.2497309518018 225.66776501788 0.00137245031356198 0.609879950222603 1.45947933057267 1.35540394083941 0.571206687790569
0.557728257643783 0.999731601727709 0.955709767093874 0.475762145652889 76.3365594390224 -45.1833447373347 -45.1833447373347 31.4400120850273 39.4373604219719 -71.3654531270571 -71.3654531270571 211.097617734846 0.00516114343772048 1.27779667665656 1.88763753725078 1.49593951331884 0.740575488118876
0.555404840352768 0.99435272217287 0.948870992308866 0.472739198648915 70.7735219766301 -43.4055234138312 -43.4055234138312 30.9794246834577 43.3988441156685 -81.1718302102561 -81.1718302102561 246.35812595976 0.0097002236402789 0.674441743588475 0.873491861248349 0.879013344732738 0.390615726813668
0.551095075044914 1.01923541428051 0.963123207740369 0.487466222839407 88.0671298305699 -54.0346129361531 -54.0346129361531 37.9270992306182 38.5672808247531 -72.75942325061 -72.75942325061 223.066595098126 0.00517323754066643 0.712462028726421 1.11277702022607 0.911162133509859 0.494217928251152
0.574492114598966 1.00125294933944 0.973267077690403 0.481546755924651 77.3218534818966 -48.1648292247778 -48.1648292247778 34.5857184490976 43.6179090507616 -76.4994665088776 -76.4994665088776 224.525476045453 0.00350565405356497 0.673768067602556 1.13886853256119 0.846196596531736 0.418980784488616
0.569936606561857 1.00709382128201 0.962720160852403 0.481217461005084 75.7315209163243 -47.2399201259772 -47.2399201259772 34.1802229241687 43.6004910061467 -75.6744231503187 -75.6744231503187 222.259920746134 0.0016578930971445 0.614659875358699 0.895158249096139 0.706184657064083 0.296649601724653
0.574885846315142 0.99490920399801 0.98356585938953 0.480583018309829 80.0141577628144 -48.7367422332454 -48.7367422332454 34.3460836862854 47.9729291280434 -82.5770409482546 -82.5770409482546 216.877085782906 0.0027831488169387 0.625622872835833 1.07160471019026 1.42981724360515 0.658448187683825
0.579513167063615 1.0236366449042 0.986229746472772 0.486941812109111 83.7518124166039 -51.5782229240697 -51.5782229240697 36.2580897044145 37.7149394175903 -61.8472708580722 -61.8472708580722 185.286016503149 0.00384037999116999 0.928492023621823 1.75834400832566 1.40487649423119 0.712516389952357
0.573553159685341 1.01071976587673 0.981584162419275 0.485392743155433 77.1027044747781 -45.4937841753216 -45.4937841753216 31.0639454516133 40.3486606860126 -73.5655992915985 -73.5655992915985 223.069421500809 0.00396489342707447 0.769758486996771 1.24056364907671 1.58146510734123 0.641155832623759
0.556413676129038 1.00823829163294 0.954812805553105 0.479602367488389 73.4099275675954 -44.0374823277653 -44.0374823277653 30.9716326370029 42.5195489990386 -74.3818949756017 -74.3818949756017 222.334557025112 0.00915908226797362 0.447941409007108 0.570953780996516 0.886088890826033 0.643143217525623
0.586458716180912 1.00524874550727 0.989003407049397 0.480481466327649 83.0374410770338 -51.8709906113166 -51.8709906113166 37.2163996283752 36.4765048137407 -59.1578881628922 -59.1578881628922 182.854428958031 0.0127000322454301 0.693409770963313 1.02164626057334 1.33781145142164 0.699182427189149
0.562814380847692 1.03544118008311 0.96232389532233 0.496758139746366 78.371114448895 -49.269098013636 -49.269098013636 34.9909206766998 47.2136588943981 -87.1973903220789 -87.1973903220789 239.373527493164 0.00598651179707541 -0.000922076681096271 0.240162535887659 1.14962756723961 0.547739997017188
0.556976432133999 1.0010921816927 0.949246232929717 0.477731192300298 72.2399932091309 -44.0278234062723 -44.0278234062723 31.2189359727369 38.311754654547 -70.0572756085119 -70.0572756085119 220.242579780142 0.0089083818494426 0.453981863391386 0.976820562776612 0.644627345891799 0.306404950650744
0.582952868234028 0.991831814852938 0.974519441748389 0.475591052025508 81.8408566790443 -51.8486762998598 -51.8486762998598 37.6462715847402 43.5409357939707 -79.8750252666086 -79.8750252666086 221.599423538063 0.00861006224725972 0.911101230987063 1.37566480760759 0.447580710024948 0.285998759217596
0.552297554194529 0.990161245054466 0.954888957846747 0.477086622629964 82.8733912076281 -50.923714628443 -50.923714628443 36.208215249245 46.5133525730822 -76.8665217876935 -76.8665217876935 215.446287060475 0.00867817151281673 0.897424324517679 1.16272893593369 0.935980517161215 0.571358212261983
0.537455694019715 1.02818114498101 0.932649865170974 0.48599229430958 82.9889585756767 -51.6904555397986 -51.6904555397986 36.9355456655322 40.1994062494006 -72.783207334186 -72.783207334186 223.732714469093 0.00917438621162556 0.788187710837009 1.13380465027116 0.884501292169262 0.38930895656331
0.560154784188837 1.02153518609538 0.967864863685785 0.490178524550744 85.4645593600123 -51.5372747260195 -51.5372747260195 35.2808657891871 43.3474998253949 -77.9715823652228 -77.9715823652228 221.370363246128 0.0143946016059587 0.401482561380725 0.921486492190377 0.950038169395433 0.502036871787984
0.556916307533356 1.01823164330295 0.948530277328562 0.48114345616417 85.007155125326 -50.530405463554 -50.530405463554 35.1257413134238 40.2604715541982 -72.5329020497136 -72.5329020497136 216.219253255451 0.00196411419320178 0.330377303283406 0.737106012837092 0.718802515488408 0.342385539504768
0.565696429348378 1.00396775532492 0.974858228797428 0.48451576724338 82.9900309705748 -51.494380028388 -51.494380028388 36.605309373266 38.069110246236 -69.3367443321018 -69.3367443321018 212.585170973185 0.0106571653837536 1.14378252816756 1.78113200695281 1.22654475911134 0.565812306248457
0.587941052496499 0.979970089191997 0.99536412410172 0.479758129733389 87.4540689873583 -55.1570387561327 -55.1570387561327 39.5377153921245 41.4583015136527 -70.5216873464019 -70.5216873464019 210.619962495279 0.00406889563494489 -0.0428822791763147 -0.238488102404837 1.0886967194186 0.518797867037317
0.552690592755067 1.00462780380318 0.94897792645359 0.484005848052623 75.0737744279224 -45.2432971996534 -45.2432971996534 31.5347402733188 34.1068174462188 -53.0995046277162 -53.0995046277162 158.359532984188 0.00484440073694106 0.694323091595113 0.928484678151356 1.0473518384749 0.446586332341255
0.554610648094234 1.00459979117135 0.951426192308364 0.478033038006317 76.316961169213 -47.1521130655363 -47.1521130655363 33.5373198047762 41.1941550909712 -72.195718643411 -72.195718643411 220.498197262342 0.00192693158466395 0.607200663176966 0.927930751696214 1.25556788961514 0.488043907325392
0.568174896262296 1.00335809182544 0.975578387887044 0.483214005306561 83.0108401456396 -50.6682689702753 -50.6682689702753 35.6973322870852 43.7986013705513 -74.9085972652721 -74.9085972652721 228.044888289402 0.00955387833233322 0.303513767622694 0.730624885807499 0.825151975338918 0.383269511064354
0.562608573183735 0.99912066518514 0.984015161301155 0.482760907116102 79.0377775070263 -48.7959544759958 -48.7959544759958 34.4407614708836 42.4461086579039 -72.8668817741119 -72.8668817741119 216.47840134361 0.0112202952142857 1.16807164793314 1.9055868775968 0.653398053855209 0.418905874641553
0.553223119657981 0.979712109752399 0.936520290008742 0.474961754082898 75.0145884282578 -45.6464809180843 -45.6464809180843 32.4998910277106 44.0560759383255 -82.3631977323899 -82.3631977323899 246.315311328467 0.000483680975899367 1.06632421278336 1.35287559031985 1.04909759422901 0.576680019900657
0.595533641456408 1.0024502544917 1.01648601814452 0.485361035307549 85.6304061576362 -51.8244940981044 -51.8244940981044 35.2446458817886 42.9043593598811 -72.1419661918762 -72.1419661918762 218.82277841741 0.00524202834508115 1.03407201261695 1.37092174539668 0.87962961097855 0.404976640856751
0.572336745710817 0.99929330652725 0.967511113051226 0.482172353869694 74.772811554538 -45.514833316987 -45.514833316987 31.6812289648714 44.3073082714987 -75.5549615619086 -75.5549615619086 215.917650005175 0.0164012364810251 0.526663536228046 1.2477958839464 1.04069958697605 0.538166532166501
0.56143399236373 0.994420993578311 0.965322299692993 0.472220395614215 80.3595424215019 -51.3435076065606 -51.3435076065606 37.3508753238463 40.1765873072896 -66.4171534950569 -66.4171534950569 197.772118488946 0.00289464033234872 0.188982303926944 0.597147844416445 1.37516919760206 0.613281071512938
0.572466741469052 1.0009419488592 0.975213303035707 0.486560611172962 74.2800270494428 -45.7137898875457 -45.7137898875457 32.4395606118842 43.7538957833661 -80.2317971790934 -80.2317971790934 239.29255562289 0.00717421212557502 0.310725862419578 0.697410821373859 1.16639358609402 0.477369195913932
0.562049855002767 1.02627451955591 0.952394062236045 0.495462754487414 78.3100663237287 -48.1437211051903 -48.1437211051903 34.2323232485693 37.7608598494843 -73.5590962248629 -73.5590962248629 224.750555951824 0.00906650226411167 1.11489880724328 1.75563014003582 0.972357729477979 0.54849971113693
0.551477602930757 1.00776238844243 0.949600632276347 0.483466397948107 75.2187522490796 -45.8437782044948 -45.8437782044948 32.4832039283204 40.9909343465188 -78.151915840418 -78.151915840418 235.339886253251 0.00172164870726791 0.267782430603083 0.273389397918116 1.1952817293202 0.597758810633715
0.548939809090026 1.03018788277847 0.94261160171873 0.492392815237998 79.7933190079168 -49.4296390342774 -49.4296390342774 35.8005938748164 42.4119354429114 -77.2734121876618 -77.2734121876618 227.391074578437 0.0036439544509011 0.792814086930875 1.11297105188729 0.961379428439359 0.445150073531946
0.55795232524895 1.00892171620854 0.973477416503473 0.484614500734787 85.361034906611 -51.7775687715298 -51.7775687715298 35.5202676837023 43.7536822552141 -75.3185858264707 -75.3185858264707 225.359461289338 0.00384192689205875 0.238158182044987 0.590755785712345 0.792265121008059 0.397356086422562
0.569872073361419 0.997038630827624 0.984099313440241 0.47966160845922 83.6862895009781 -51.3370385182464 -51.3370385182464 35.8599047085719 40.453017732995 -71.566749213 -71.566749213 218.001436320587 0.00453181966562901 0.553271024835149 0.907666073831187 1.00883601232724 0.33493654797479
0.570591929886656 1.02529799328186 0.967927877773439 0.491492417623818 77.6757430116122 -48.1698948829055 -48.1698948829055 34.5301737223611 39.3765396266825 -68.1687163670074 -68.1687163670074 206.71901378972 0.00128127016877657 0.468993019347466 0.621766774866609 0.431143017444911 0.143649835106479
0.571212181885676 1.01068359138451 0.970952805471956 0.486466599334553 80.6542651432588 -48.5467589611256 -48.5467589611256 33.9763348550552 41.8422121452351 -74.6626388705789 -74.6626388705789 222.084583411115 0.00501800549457372 0.763704027994998 1.17398758484052 1.03864914366108 0.513894750693422
0.56790128606459 0.989551550258438 0.972405057171838 0.476589203038621 76.2844014771876 -46.5497357970246 -46.5497357970246 33.6935630356192 46.2428773905621 -80.5150865633467 -80.5150865633467 233.039046695306 0.00714005024380154 0.861195118225379 1.56997375033437 1.05520008173821 0.510924827350024
0.559703812639753 1.01132589282563 0.963857678853211 0.480366049112368 71.5920967872176 -43.1688802146641 -43.1688802146641 30.3391478540652 43.8550246923484 -80.1425369623258 -80.1425369623258 229.66906174904 0.00229825458403886 -0.00181155656892974 0.197812596808301 0.210877141712894 0.152476879797041
0.559128566324141 1.0317221835664 0.957538287867792 0.486565345683782 82.5576160044963 -51.0498462969783 -51.0498462969783 36.3195475192407 43.6485841315229 -79.9131231384809 -79.9131231384809 232.865257161037 0.00150073724494547 0.269898733732804 0.641870154696579 0.884743593331457 0.644922163721736
0.575092353234645 1.01943814907279 0.974419954905361 0.490344446142754 78.8002358966677 -47.7789888033072 -47.7789888033072 33.6940245593334 37.6338536915842 -64.2025894747855 -64.2025894747855 197.758540119501 0.00828885000934646 1.01976934599345 1.89051390772499 1.2071260266774 0.613987971879256
0.547576564464324 0.999053851501206 0.936331445672561 0.482040801312199 84.0205555589271 -52.8143559690043 -52.8143559690043 37.6273032627676 37.0934993297591 -65.8963530753834 -65.8963530753834 212.428485881868 0.00571053646793611 0.229848999800903 0.563368619180723 0.709199661150155 0.346095496120772
0.579259616471063 1.00874845501885 0.983508913473889 0.482852922430729 85.2337604437973 -53.2224188563319 -53.2224188563319 38.0894071692812 41.7064108467168 -68.9450778985048 -68.9450778985048 208.475583560508 0.00849844593924249 0.656589459330627 0.94972136148271 1.15979274157507 0.607712098923848
0.591991014910151 1.00328933905272 0.997495572779784 0.482733225002827 84.5892340787626 -52.0592446457369 -52.0592446457369 36.7453170944762 40.2715028298905 -72.6917093271396 -72.6917093271396 221.797393259894 0.00910608225326936 0.726399443817529 1.34598992927024 1.16974690720887 0.61889373314592
0.550725771793749 0.9913061619467 0.946959162725619 0.479485174200695 80.3485277843852 -48.6302543177515 -48.6302543177515 33.4542697932803 36.6309148906925 -67.3320214232557 -67.3320214232557 208.743419224106 0.0228990140824442 0.091832654934042 0.329271338627107 1.16922243322531 0.562736889953375
0.571290510589075 1.00356500960193 0.99012561564321 0.481845330729956 76.5104405802856 -46.9463911627944 -46.9463911627944 33.8581846637139 37.7374916534246 -68.7052266600876 -68.7052266600876 212.730658525609 0.00215336007772242 -0.00588338586544242 0.0905049920343898 0.831237081205309 0.46571355979536
0.570171126782257 1.03099203763291 0.979050181249928 0.491910800870379 80.1005100411089 -49.5155925635501 -49.5155925635501 34.8484761230792 45.1113677185179 -91.2632008784063 -91.2632008784063 277.528198990865 0.00538038762550966 0.20774632087108 0.558007639749965 0.850785238908327 0.478638859377612
0.556091550755011 1.00981363873876 0.9596802713311 0.485387146932433 78.9740142108589 -49.0772568876499 -49.0772568876499 35.7261052976145 43.2786636921628 -73.6122726815931 -73.6122726815931 209.191961561845 0.0012892580956975 0.577189378568002 0.959357408812742 0.579501429087595 0.298877966396536
0.543636039435672 0.998469605011863 0.938904956212374 0.48516769151412 86.4225101995154 -52.3188970258125 -52.3188970258125 36.3405577188628 38.9662036411475 -70.8256092633167 -70.8256092633167 225.039544364428 0.00573419766592489 0.807788059966625 1.1913113543108 0.815908853394995 0.311013040870097
0.573993138859952 0.992199361083417 0.972600430014698 0.48120663455 70.8917300080383 -43.4439047362745 -43.4439047362745 30.7325555256559 43.1426013835621 -77.8265714231667 -77.8265714231667 227.010080669663 0.0107030512156361 0.34093698141824 0.696297675465367 0.980230034806364 0.452406939710163
0.564405600473569 1.00871126151965 0.966848463734523 0.48470501275832 85.3882888660187 -52.4894873883067 -52.4894873883067 37.1426772602911 42.8436724502773 -78.6346618344311 -78.6346618344311 233.1671986748 0.00103807422722969 0.881866508991507 1.44627459917793 0.701728531068724 0.446300663457253
0.58068606069342 0.998000080328696 1.00062213806477 0.480392018085268 73.9449754028851 -43.9176767550535 -43.9176767550535 30.5398465186308 44.5167220780652 -80.7069386086538 -80.7069386086538 235.469092940381 0.016492719851304 1.06553033653044 1.71925560307471 1.23990943101441 0.592329462371276
0.564003145389145 1.02908177267669 0.970281916381598 0.491878418779766 82.9734431370258 -50.1643719923441 -50.1643719923441 34.5657786066976 38.1220001932228 -63.2657049222854 -63.2657049222854 195.573668684748 0.00772444340578141 0.784082338138887 1.43855850099263 1.00872586355505 0.352091797878932
0.573084621952136 1.00872278042579 0.981319218611901 0.484136737041077 84.1249762389045 -51.6273888530107 -51.6273888530107 36.525021813058 43.8553580602536 -76.7344425845608 -76.7344425845608 226.90151981525 0.0084414207885628 0.629235784265384 0.939736694012162 1.00220683851827 0.534573972585633
0.566789038661102 0.99966075149383 0.972683998828775 0.483746685324495 84.5153854660294 -51.7420834015705 -51.7420834015705 36.420609386249 43.284084411391 -78.4802709043042 -78.4802709043042 249.104417986298 0.00590989629812928 0.494360834961218 0.882066694213738 1.03002863111107 0.498451823671497
0.554987942030497 0.9973235033381 0.956142956312775 0.481731729408656 78.6482905006133 -48.2505860359522 -48.2505860359522 34.1544474794399 40.4341868799227 -70.4685785680049 -70.4685785680049 197.043103667477 0.00173842353578867 0.803253003130098 1.57991704391283 1.51001843015477 0.625712635110349
0.536872577749821 1.01764626366247 0.935144793664461 0.486284630840669 71.7825225484178 -44.2946724286425 -44.2946724286425 31.4886515737434 44.0931391787548 -76.2120138619182 -76.2120138619182 215.291704209108 0.00731695802130871 0.0173639701786639 -0.0376044107800081 0.977886840562057 0.406771152899436
0.570234743447373 1.00067027973059 0.978988669429453 0.477819737558065 84.7717288663721 -52.1563936574339 -52.1563936574339 36.987352917226 39.2290690506293 -70.2947872817241 -70.2947872817241 213.683360059408 0.00282808824348736 0.239755313644341 0.449973652494251 1.04647544642788 0.491010939086729
0.54940104666738 0.996539640972137 0.957030812144662 0.477362591486701 75.6614917129685 -44.6636683998111 -44.6636683998111 30.8404015909272 39.4033919577945 -73.8118900071569 -73.8118900071569 218.407467874581 0.00510476435990554 0.603124473431704 0.910601478854041 1.27273770241416 0.588945062518629
0.554491009887414 1.01421447681621 0.949902511959744 0.485945878236736 76.8393553741698 -45.6323700794465 -45.6323700794465 31.4863369815776 41.4857891888256 -75.4089390982224 -75.4089390982224 224.793420432816 0.00673119215003282 1.10542394778 1.77502499934974 1.27486184092265 0.659027418540268
0.582051852033954 1.02493758702972 0.991960130729701 0.489547378120022 79.5642004012978 -48.6053904063606 -48.6053904063606 34.5688841805585 46.231057024874 -81.4864411090271 -81.4864411090271 234.259664708267 0.00687675847430958 0.413712000078563 0.964768353181345 0.928544866042906 0.459367080030148
0.572019992113098 1.03194155264326 0.98986793873498 0.49231038578539 83.0512255483419 -52.2538575795308 -52.2538575795308 37.7429557949415 47.4713639868369 -84.9081690467419 -84.9081690467419 237.231101297103 0.0214867708917341 0.50080757109689 0.986564143066561 0.797466145155329 0.403188979452727
0.575455095445019 1.0180357864438 0.986736990175391 0.488413422438555 69.9559360095992 -41.9890920491788 -41.9890920491788 29.6991322465381 36.9263878646191 -63.8375567778034 -63.8375567778034 192.808169976302 0.0120869213765258 0.459275124468415 1.05430489583952 1.29507315072829 0.621235397848045
0.562969019034169 1.00810549649267 0.958280235293885 0.481702993449111 81.7681747888613 -49.4511626528639 -49.4511626528639 34.2489852466433 38.2539214862565 -67.8599967018844 -67.8599967018844 211.257859662634 0.000561550638584527 0.621490922113831 0.866868273244345 0.850946030175322 0.402952526922801
0.527804999319553 1.00961274926301 0.920789626157462 0.478955973350459 76.0858855966628 -46.4712211638351 -46.4712211638351 32.745990783811 42.5019890673597 -76.0784064115934 -76.0784064115934 214.044193173011 0.0103980854559408 0.676195426426118 1.08110689748729 0.839059095433597 0.335036694082794
0.562550696412506 0.992675739246733 0.962385656597251 0.477232716767379 74.3651658944961 -45.6152381773386 -45.6152381773386 32.7114676423368 47.3546056344816 -85.6547060218162 -85.6547060218162 240.849509322196 0.000367548024820708 0.893563313184605 1.59046676139131 0.983642394971464 0.55911977563615
0.560371038554147 0.999230589394074 0.96513626073229 0.480533368882355 83.6790257113619 -51.4111524956878 -51.4111524956878 36.1075179487718 38.6512232382942 -66.7229619081092 -66.7229619081092 210.139466627557 0.00122675879412332 1.0313230931827 1.8346295573803 0.99874630173334 0.405612166006517
0.570608728227095 1.00096604574316 0.977462127017812 0.478669343332987 79.2058442815374 -48.3999057625702 -48.3999057625702 33.3959035775597 41.6426824529458 -75.0132748098745 -75.0132748098745 223.642755802673 0.0091206371937082 0.311011277888623 0.584388443082198 1.02980323145152 0.397004154240918
0.554174219001631 0.984438253144481 0.958865665624908 0.475005858013059 79.0088105482836 -46.8802320140909 -46.8802320140909 32.1782721438116 43.9868226306092 -81.1743752336891 -81.1743752336891 240.581166217655 0.00456631007570768 0.254060607541161 0.753036840428499 0.99796592676984 0.416486159009591
0.560953500794963 1.01059784184384 0.970056885311383 0.482860876681473 79.0885365251091 -48.6164545495845 -48.6164545495845 34.5074082959896 37.2518563399625 -59.9698342224768 -59.9698342224768 185.06074484439 0.000665077587600157 0.468701578843093 0.68381963774852 0.819078411876869 0.361046536983234
0.559807816097008 0.982114946554581 0.943494834407511 0.472080661454799 84.1639289943734 -51.4201188248328 -51.4201188248328 36.7891784850975 39.2759414450205 -68.5412540488262 -68.5412540488262 208.270075749891 0.0034585427873655 0.60911849126295 0.991974619688522 0.969784873159199 0.408647921859949
0.554451459075408 1.01383236179718 0.957009527924837 0.485415686242032 80.3836427063912 -48.2963085708455 -48.2963085708455 33.8884429013619 42.7503067490863 -75.9731314830343 -75.9731314830343 214.906378106376 0.00418207778759921 0.562263100269854 0.908098456250944 1.13040652976196 0.554696830199464
0.557723782254981 1.00195020447143 0.954465094474082 0.479062246385295 79.878908659294 -48.1158724169983 -48.1158724169983 33.4519317643888 42.1114708938858 -80.9879675144104 -80.9879675144104 248.146015083653 0.0135391895237521 0.488177559950677 0.863267453201304 1.29207147689119 0.597683293738709
0.590852619013379 1.03499739344908 1.01090939845958 0.49469721750081 70.9524238887155 -43.1936999589434 -43.1936999589434 30.7317925860244 39.3508014207091 -63.0061545702541 -63.0061545702541 195.144493346092 0.00728069227482487 0.23806744059756 0.434189215511279 0.754905708264708 0.388977273372002
0.552919763925039 1.03026539902638 0.948050561265939 0.493154148669335 78.1221071319955 -47.9736310021599 -47.9736310021599 34.092833732649 41.3789394210165 -74.3272869536976 -74.3272869536976 217.978611506144 0.0076880504527186 0.316405672569472 0.733028130886843 0.93924295836924 0.543344744793423
0.572888243074832 1.00309684733569 0.984767664978032 0.490064619744136 74.5869522314451 -45.6344092458401 -45.6344092458401 32.3669856498207 38.9318103890691 -62.7445064874913 -62.7445064874913 184.50590212137 0.00746634761537948 0.808464115652911 0.911683602042902 1.04876600743831 0.452580673705754
0.589842163255028 1.01927473393034 1.00022099875718 0.48822647278198 83.1754499541174 -50.6819952093976 -50.6819952093976 35.6442222669125 38.4952113218372 -65.7042820566207 -65.7042820566207 189.851729583693 0.00558219597279988 0.653959103240378 0.758620612463514 1.11700486635543 0.472059514300639
0.559923373253817 0.983825929260917 0.961880964640839 0.480658247505645 75.2661885617166 -45.2407369777049 -45.2407369777049 31.4692759733993 36.0636013825587 -60.193960716425 -60.193960716425 191.912450118864 0.00525246820685511 0.913149852198184 1.82143033519904 1.22877814916708 0.495489349688669
0.572368074044472 1.00910761521582 0.981529124068461 0.481188082187953 77.7918202581952 -47.494023385043 -47.494023385043 33.4749326608803 45.6288650749706 -86.6931765908408 -86.6931765908408 256.053822819692 0.00645489637445256 0.0611605975286667 0.0653451112580917 1.02780485233064 0.522971110705696
0.560027940532747 1.0158374775166 0.949860955468029 0.494469414704566 85.4248530191505 -52.4461158006911 -52.4461158006911 36.580926074003 46.1817473614384 -74.0961207407899 -74.0961207407899 203.480372273454 0.00231178551126449 0.900711417181909 1.49282426508554 0.971754631621992 0.508956624413771
0.554882418498762 1.00029969806476 0.958199132636969 0.473827760950683 89.9140730770593 -54.3727597020466 -54.3727597020466 36.9776588454915 42.0943027579765 -74.4381028302203 -74.4381028302203 222.426571120347 0.00506226732635826 0.129043389697933 0.269031355413021 0.654988994734572 0.421702198679573
0.547652384442921 1.0082044993931 0.935479403976998 0.484902139272645 80.1368561037859 -50.1840441862868 -50.1840441862868 35.9412084110637 42.4973382583025 -75.8294042953433 -75.8294042953433 229.013153530885 0.0080130531000033 0.704830488852708 1.30886771631042 1.01278425581072 0.440993068181273
0.548773394015629 1.0021625972696 0.933645657093 0.480139930982546 74.5850933319471 -45.2959958746795 -45.2959958746795 32.1810363215705 42.9062631317834 -80.1883379670597 -80.1883379670597 233.781711082952 0.0110776204590378 0.692089029370671 1.1885389748418 0.53051094138189 0.405311601852658
0.559456200785205 1.00206317301048 0.959760317754595 0.486897488674814 73.9008218061642 -44.6896970545163 -44.6896970545163 31.6281620889101 45.715545269529 -85.6726555689082 -85.6726555689082 253.061997337747 0.00665161980892741 0.944857602780211 1.10867057596584 1.06060681099194 0.510757474967271
0.564407004241728 1.02241267542541 0.972860392674111 0.490201885366934 81.329358510534 -48.5907895011454 -48.5907895011454 33.4790586945159 42.0528847625507 -69.3695607181113 -69.3695607181113 199.107774835741 0.007771305055117 0.490388117565038 0.752845348810537 1.3182173560861 0.590976492149046
0.556179741672231 1.00450617366288 0.958233112995775 0.486757678165322 86.2616138713572 -52.8216393368797 -52.8216393368797 36.5542452156035 44.6050478327668 -78.7631023808139 -78.7631023808139 232.285007752087 0.00540007161614869 0.248995309635657 0.364713441749163 0.710240051562704 0.380934766550471
0.581284147835391 1.04252344400461 0.995034847508698 0.490748111209877 81.3712314684561 -50.8451050442084 -50.8451050442084 36.3600962832392 42.4884966991796 -74.4813168975318 -74.4813168975318 213.791668517528 0.011034395110915 0.353605250171198 0.379466934209271 0.790849951763135 0.319908836093825
0.583136959786146 1.03022145011285 0.996106291505813 0.496899619288583 85.7521812520211 -53.4602783630379 -53.4602783630379 37.8919695672187 42.0895416135298 -78.8424900382028 -78.8424900382028 232.755059865713 0.0107876072374478 0.0218725842062381 0.457198850653351 0.676023907060532 0.423061595087634
0.552700504971963 1.00065010712167 0.945654464668089 0.47083359643257 79.2910617466855 -48.0475860280043 -48.0475860280043 33.4788442479158 40.865627173482 -67.0570886869073 -67.0570886869073 182.57332192155 0.0057375735805614 0.994945575350106 1.56594917548617 1.29737003655751 0.595999205938935
0.57981143961759 1.0221430691425 0.990808911221544 0.487585499551411 81.7888030114898 -50.5034004419809 -50.5034004419809 35.6394308336397 37.4870402368329 -67.1780556346894 -67.1780556346894 207.337590288049 0.0040587752438294 0.745263412928349 1.23185337849477 1.4547731485408 0.578557561563248
0.568277756651478 0.998073573715401 0.961020413222475 0.478167518541287 75.5948984420432 -45.1667790480043 -45.1667790480043 31.613355667098 46.531253793985 -79.9695360720762 -79.9695360720762 226.408311903967 0.014816035905253 0.483849262229106 0.691947082947068 1.12745247730329 0.492089729419349
0.562593071589369 0.987611976061584 0.973654034236528 0.469670997189232 72.6485730774401 -44.2023347058702 -44.2023347058702 31.5453830653061 38.7837928170381 -66.3407517611553 -66.3407517611553 194.506814189382 0.00341511658606101 0.305277820599614 0.880923624570287 1.26500050717365 0.553523438916607
0.564306373082667 1.00686333803863 0.978420836149098 0.482094027519298 91.7098128443376 -56.1806599442181 -56.1806599442181 38.5124483640775 42.5671199945101 -76.4274660803943 -76.4274660803943 244.199964031137 0.0175735425715176 0.49292599203689 0.684430403175475 1.04927399035583 0.466421069380144
0.578447507779682 1.01725249881461 0.991953189703111 0.482968383863991 71.406548963137 -43.3806120980255 -43.3806120980255 31.1733453802104 40.4655668212996 -70.4049563492126 -70.4049563492126 204.867241516081 0.00912354225180968 0.66341270204434 1.04562926597002 0.839816280118786 0.268164382845203
