mu[1,1] mu[1,2] mu[2,1] mu[2,2] tau[1,1,1] tau[1,2,1] tau[2,1,1] tau[2,2,1] tau[1,1,2] tau[1,2,2] tau[2,1,2] tau[2,2,2] probdiff predOne[1] predOne[2] predTwo[1] predTwo[2]
0.567502298688074 0.850109481777723 0.971076108697953 1.43297357312294 84.6552754618492 -51.4127808081431 -51.4127808081431 35.5121080412258 4.40652622175405 -7.51687221008375 -7.51687221008375 15.2212372899805 0.0340889772922388 0.921733670275275 1.48473856048737 -0.565647649840785 0.643727331059141
0.606979480460041 0.827643865475895 1.03861669911029 1.41440564662412 85.8312154742602 -51.1497116866941 -51.1497116866941 35.4062112740913 69.459938071626 -16.0781487937611 -16.0781487937611 16.2114942090561 0.100804184777833 0.905095615725957 1.65311857116718 0.717324245968239 1.2544829432452
0.576038048355086 0.831088486391742 0.987120310979415 1.41490472043773 85.5206198274303 -52.8165312490903 -52.8165312490903 37.5063124070585 87.4377945675264 -18.9753882154882 -18.9753882154882 18.6626588063534 0.0721227273492367 0.936452760251629 1.10404173111515 0.995574328737957 1.28426025310266
0.557078345584189 0.824562737003872 0.950866688925199 1.42113123181735 86.1241197358476 -51.8409730451987 -51.8409730451987 35.9539244113686 81.5847099725055 -14.6837809826886 -14.6837809826886 16.430779437702 0.0481627240571163 0.797466904467911 1.27165398060565 0.83157688488129 1.17005199744216
0.562321122258218 0.828855297247597 0.975165705325067 1.41577394458864 78.6358516404972 -48.2488417287405 -48.2488417287405 34.0244439679167 91.0659493503182 -18.1360641514646 -18.1360641514646 16.0188415008577 0.0418566112894323 -0.231034161577087 -0.404961666694597 1.01916422616303 1.95840490640632
0.573399945657441 0.83537752553398 0.985297659895142 1.44572324140541 86.6789848594485 -52.4647911977209 -52.4647911977209 36.330793675571 91.9926403517673 -15.8822372301493 -15.8822372301493 16.2202059415887 0.0579575081721504 0.669761584038947 1.15458689845288 0.706070208728159 1.69202431724981
0.57177950521623 0.829084861092216 0.976121904474426 1.44066098267656 83.7859771651028 -50.9593283516142 -50.9593283516142 35.185529891929 85.7199181360012 -16.4661139780602 -16.4661139780602 16.5439348776859 0.0498008107534938 0.356619105447794 0.751053161793114 0.601642407559733 1.44122692543339
0.584814468764105 0.824095349225873 1.00205563917318 1.41114874435183 82.8415466712254 -50.7489634866772 -50.7489634866772 35.8813760659023 88.8606629062482 -16.0908077680049 -16.0908077680049 15.0609669105474 0.0484708741248258 0.198548537670909 0.216406019589462 0.857848386342662 1.41085101051371
0.556566493511194 0.822839892799818 0.957247734837897 1.39919302303359 78.0350103976699 -47.0994749345099 -47.0994749345099 33.1089887064692 90.1775932786385 -15.1764696732992 -15.1764696732992 15.7199729431733 0.0435389144844935 0.908585387742769 1.41144255604978 0.787046354054472 1.21493036059376
0.586930630538065 0.821464553104142 1.01562916751662 1.40435746209113 88.6563463760961 -54.7045075918677 -54.7045075918677 38.5742060612669 86.5042489653377 -18.5220563344712 -18.5220563344712 17.9303274081586 0.0466706842499381 0.472493130987766 0.747488483932468 0.875180879796636 1.08399084472945
0.599140776531878 0.823030242032744 1.02151954296276 1.43511952058923 77.9613961370714 -47.4239236329868 -47.4239236329868 33.6536892498666 87.7045153224165 -17.1328570494825 -17.1328570494825 16.4574574779073 0.0659661415061671 0.299803871355342 0.569960364345897 0.897202838594887 1.37843444897921
0.596054327483387 0.834296787781426 1.00005142162067 1.43643157458651 82.2328592789439 -50.2723751027911 -50.2723751027911 35.1761319370285 89.9096063421558 -15.2304979092443 -15.2304979092443 16.2718868125572 0.0769104337406991 0.0423081410888442 0.128167424399062 0.752442911908726 1.38925923878975
0.567029727307418 0.824850752630721 0.97497873502693 1.42718702122113 90.4325837572234 -54.5093402090958 -54.5093402090958 37.8087677571133 81.5911423683469 -17.2325275380391 -17.2325275380391 16.5537723871601 0.0577827423214781 0.235290712341741 0.405986682796466 0.648678300519875 1.507324821714
0.583988150502946 0.826334739268636 1.00179803566416 1.41056561765958 86.8825253927763 -53.3580953690032 -53.3580953690032 36.9295471497511 86.6749166051509 -17.9606607840943 -17.9606607840943 15.9131647631059 0.0555178243912623 0.526997846745467 0.9866577313016 1.02680878947427 2.08395304606148
0.597946298933677 0.836371929422687 1.0169956927443 1.43871421463198 79.8521139075412 -48.7092525535195 -48.7092525535195 33.9903604680792 87.3975464529976 -16.0649117839471 -16.0649117839471 14.6680314623934 0.051595300421709 0.417670145927017 0.976289490532451 0.817822435766635 1.41120029073078
0.531769042432751 0.824014627183546 0.943236715500781 1.39896376164134 83.7494624351974 -50.6392875610902 -50.6392875610902 35.2207262524802 87.752463160197 -15.5808979877075 -15.5808979877075 16.2991642078736 0.0652300688095295 0.241226660282272 0.531780702554566 0.835348158387293 1.54858947286411
0.563095245646596 0.833446607139436 0.977610379131705 1.42435928320849 74.5310560823473 -45.3294932358156 -45.3294932358156 32.1403465733206 88.1658221632289 -17.3629287877403 -17.3629287877403 15.5901031010609 0.055633763895873 0.321685632105612 0.418663666305906 0.551723428158414 1.29701609138898
0.570645749103875 0.821190325490863 0.975748801451361 1.4056539344228 78.9314683085552 -46.7890265517028 -46.7890265517028 32.4688538029624 81.9957586892507 -13.665222622482 -13.665222622482 15.2806148103986 0.0478072412847987 1.36787452287139 2.18579891699134 0.74143862716758 1.54983375148336
0.565085529898751 0.830998685822628 0.976870705547556 1.42201324490252 95.2775044051203 -59.4589970722008 -59.4589970722008 41.5620779324211 85.646794994208 -15.2706796808496 -15.2706796808496 14.4975376833963 0.063612252388649 0.39453094924813 0.785860100153143 0.790184843483651 1.52849063143004
0.575067050221884 0.824738285617603 0.992088036543443 1.41296871681175 83.3912873189711 -50.0596603673052 -50.0596603673052 34.3977578201758 83.9136994994814 -15.3899918149836 -15.3899918149836 16.4874065489891 0.0802998505400064 0.134457815487641 0.3720423691142 0.889519204514249 1.58788729299602
0.578278366194345 0.828385743004931 0.984513029033134 1.43266366124975 92.362510131532 -56.588209815734 -56.588209815734 39.2604621010768 91.2666167136048 -15.8402607556796 -15.8402607556796 15.9805800697315 0.061688375326825 0.697238709639935 1.22557389907463 0.842637196598093 1.02958875859318
0.571524149379122 0.834700103015138 0.977750514637277 1.43126428337156 78.2978492168833 -46.2921206339479 -46.2921206339479 32.225076301981 93.9068784150561 -17.6198885373697 -17.6198885373697 16.0110201255623 0.0459343074541735 0.394725765504149 0.388490553952007 0.753313535148718 1.21985978279683
0.575139133063869 0.830052538662302 0.993872861705925 1.4159450885973 82.6685034981557 -50.9166627724599 -50.9166627724599 36.0384156039681 86.662514396653 -15.2351913113744 -15.2351913113744 16.4272723387441 0.0626884226732539 0.179226796399935 0.415205945560688 0.838527522194318 1.82064604613532
0.574354715171053 0.825229202714377 0.985368680246217 1.41508575014231 82.1636973151468 -49.6023661170255 -49.6023661170255 34.2080894495747 87.3565524624501 -18.6292009896798 -18.6292009896798 17.9875769202517 0.0582626290882867 0.477273443989634 0.866174308990862 0.829328064713469 1.2428654589893
0.549415161531772 0.828106954838512 0.952376666395723 1.41060831659613 89.6517926563636 -55.2401645571556 -55.2401645571556 38.3977830754188 86.6774446164105 -18.2833303310885 -18.2833303310885 17.1643158899201 0.0648785226518643 0.99619524152724 1.76003821198142 0.936235100397644 1.33830159125133
0.564611749598304 0.837481066232067 0.974188051214795 1.41672383606969 80.9954146952279 -49.1502623933698 -49.1502623933698 33.9507442013929 87.3557398199717 -17.71736537053 -17.71736537053 16.5114790473691 0.0659357428965162 0.852058741802687 1.22531117692356 0.713971675076027 1.17106389108163
0.583408319815239 0.821233700280656 1.00438687244944 1.41164960337687 81.7918529437685 -50.5306424693174 -50.5306424693174 36.1066575123033 86.4530220467655 -15.2927947176052 -15.2927947176052 16.2886436605844 0.0535569187673904 0.221588614442646 0.40789579393456 0.943589525639741 1.66792288389483
0.578812378998196 0.821692458235178 0.998920812699122 1.42211659526013 80.1793924066748 -48.6948565771093 -48.6948565771093 33.7504856738244 85.9872411221797 -16.3442796661888 -16.3442796661888 16.6376563845033 0.0474010397639436 0.182632151139476 0.234846005318081 0.752806809362879 1.42829595413599
0.564550074649808 0.824607125873303 0.975467348558052 1.42547683075659 89.1182377156365 -55.3493844729433 -55.3493844729433 38.6024964145393 89.6953722692745 -16.7440744426829 -16.7440744426829 16.1431150602244 0.0371536890142077 0.352084162114766 0.919276927099518 0.687129138343835 1.28168314103879
0.546248485895568 0.827117067442719 0.942493842653832 1.4074621958286 89.6712920560566 -54.6528611934598 -54.6528611934598 38.0908212739637 81.029234789584 -16.3811932137725 -16.3811932137725 16.3146830588763 0.0347675293751751 0.119395311613718 0.447584329414562 0.803200463733728 1.48417765194554
0.579078006658693 0.827553761069009 0.987088416622812 1.41642086980275 79.7132432359696 -48.6747119360439 -48.6747119360439 34.2269090147301 88.244722278376 -18.3725969614762 -18.3725969614762 16.9264073853141 0.031616992874622 0.241503388112733 0.537162927357415 0.914836440724635 1.6780325408662
0.596995158218243 0.827617118723622 1.02398549338291 1.43273738108794 91.4538762942851 -56.042681677717 -56.042681677717 39.2345830565693 82.6136191884352 -18.5075152348442 -18.5075152348442 17.4625207777805 0.0279874100043048 0.518026478806713 1.13917985168358 0.928529705360475 1.28107719101568
0.567079508907159 0.832474280906372 0.968787597437697 1.43955369451049 90.6099095557498 -55.9139046044124 -55.9139046044124 38.9265596088139 85.2429098316204 -16.6494684346726 -16.6494684346726 15.5949288709813 0.0203025339385789 0.554269674860218 1.00283834634291 0.874242354992175 1.66349295038609
0.573850359530684 0.81965392933462 0.973147666596844 1.41289992706183 88.4275399529807 -53.91940075588 -53.91940075588 37.3238015358591 87.4252204469541 -18.2040582683755 -18.2040582683755 16.6884037840583 0.0219980385040401 0.112611239210754 0.270996564921402 0.957583862634103 1.26989340587538
0.554271344363893 0.827897898783244 0.948450196563398 1.41215157574875 83.3173687895156 -51.3312594584214 -51.3312594584214 35.754164961582 86.0028425045063 -19.4551802967832 -19.4551802967832 17.3303675476935 0.0166779542851829 0.634880025944624 0.987540918353497 0.926568025176359 1.46771967055154
0.573245199822984 0.824476160215149 0.989916019295467 1.41819864116008 88.5659351689065 -54.669299475192 -54.669299475192 38.888658912755 78.1944777433468 -15.089983145744 -15.089983145744 15.7901816913354 0.024070999468167 0.11484166879201 0.340382274225138 0.789803572918837 1.59711489859393
0.565181109350697 0.835649770805525 0.976365946724217 1.44377174793585 82.4594462104125 -49.5886346899255 -49.5886346899255 34.5381690956889 85.2658673777071 -18.0030059917292 -18.0030059917292 15.6707478793577 0.0467668044080532 0.830471880487611 1.48175265509947 0.594606642487417 0.72191902635078
0.575031240832041 0.824745580870033 0.975430463364609 1.41247579948851 90.1297087732066 -54.0312377724677 -54.0312377724677 36.9563099594423 80.7977523682379 -18.4835294043359 -18.4835294043359 16.5072248808359 0.0441582651670305 1.02357721874093 1.3860854136387 0.84779691951316 1.81793981854189
0.569811079546655 0.827968888428199 0.975705344891908 1.40949723896181 78.6836234976139 -49.9360308473814 -49.9360308473814 36.5431539416393 84.8039584791194 -16.3426827896925 -16.3426827896925 15.4562482019049 0.0366896069057197 0.437748977616894 0.765429920285077 0.813613391891727 1.62307509769406
0.566802808095979 0.823118259248736 0.968560848583764 1.40843511917811 89.7124996877763 -54.6325453466213 -54.6325453466213 38.1866359621982 80.6116069061785 -14.0836856152448 -14.0836856152448 15.4398562944792 0.0257833545463457 0.408406283014973 0.815622615956452 0.948133004770735 1.52242577845912
0.568175357998307 0.827709745486222 0.978079790985667 1.42102849434032 88.1495249013442 -54.8902954260106 -54.8902954260106 38.1130745471303 91.35184544781 -20.7727588926668 -20.7727588926668 17.7141957726528 0.0465335062130028 0.639728670317067 1.1046328358452 0.963157919096309 1.40203983192089
0.569424569508633 0.828087041540466 0.968414090044154 1.41550852912116 82.7819138772287 -49.9947487952638 -49.9947487952638 34.4294839004641 83.3134353330644 -17.923591049365 -17.923591049365 16.8103516155759 0.0417308557448804 -0.0898014684934937 -0.0709570150938423 0.708490761974912 1.47227402280668
0.570028046892654 0.824873090417765 0.97004187506596 1.42574615158531 78.5908427591083 -48.6141397693312 -48.6141397693312 34.758727748721 91.5119536062301 -20.6746867488949 -20.6746867488949 16.7985749595871 0.0459291878512211 -0.00106308145350485 0.207580553948007 0.571919514544408 1.11394397146412
0.567338413793647 0.825594312940395 0.976454963358385 1.41226252260335 78.7662752432514 -48.0113795141795 -48.0113795141795 34.1235396543012 88.5973040094893 -18.9815337652622 -18.9815337652622 16.3632470552649 0.0556684358496471 0.243358975378817 0.658064071342328 0.831793794300258 1.13983905970239
0.590437999477572 0.826414196501401 1.00350765337869 1.42770584604951 89.4739782564305 -54.3718307424521 -54.3718307424521 37.6013108152877 87.0945126729868 -13.3161433614949 -13.3161433614949 14.3157204329584 0.0661147833853163 0.789353898664061 1.39332954871372 0.730639088520591 1.05089375376811
0.576806453717005 0.823385457290253 0.990607941791757 1.40616260830741 82.8157719161794 -51.3814191405197 -51.3814191405197 36.499357600801 90.6856934251612 -18.1764608803877 -18.1764608803877 16.8101912625887 0.0454144392101234 0.534200958758589 1.31480545199784 0.949520707842782 1.61059582119036
0.575060150240542 0.827556558487057 0.986306779231614 1.43687702016743 85.9968393513998 -52.498953706947 -52.498953706947 36.7619189636821 87.6634826426345 -16.5535088084126 -16.5535088084126 16.3388696185762 0.0582297333812229 0.761606218176806 1.35784989251873 0.952556768987439 1.6655120603101
0.610618602139683 0.827785599329119 1.0280718239606 1.42357555692032 79.6873216871987 -47.883442838886 -47.883442838886 33.7423332496051 92.2789658625147 -16.5575417513622 -16.5575417513622 15.8118090418039 0.0621552673887777 0.793927092646257 1.44500673251031 0.899829106846791 1.22725649056934
0.576910231876166 0.826994153345622 0.98371355390414 1.41186102034124 80.7710119772982 -49.7171906843596 -49.7171906843596 35.4129657097086 90.2468630548954 -20.6257563643746 -20.6257563643746 17.769737937808 0.0728865579656311 0.23534409689108 0.488936216907692 0.900312584207685 1.64531304783488
0.565611481125342 0.830588685383011 0.982076583026557 1.42185774736995 84.124149986943 -51.5953797740955 -51.5953797740955 36.5053325140318 82.3855123745848 -17.5321028336082 -17.5321028336082 17.2343339061011 0.0511413175529921 0.719415412428523 1.20787498242175 0.688888406564407 1.64945498097967
0.560301278295443 0.826665117201939 0.956912112171609 1.41955642657792 78.3035014781796 -47.2141225609039 -47.2141225609039 32.7932804680415 80.6920343472152 -15.1504960242178 -15.1504960242178 16.4596781156586 0.0508657577500489 1.21157755355289 1.48167107254305 0.710817909591056 1.27302132217174
0.585317219177068 0.829220661156437 0.989700308636537 1.41845539314226 84.5488482648131 -52.4545676621903 -52.4545676621903 36.7210606048152 87.1358346816656 -18.6078321304106 -18.6078321304106 16.3642474202982 0.0343596914917527 0.620778203133335 0.938128676554853 0.701670824544391 1.6570110892171
0.573966493821067 0.827351985863924 0.991202249244974 1.4161881425299 82.4525468552684 -50.3239602399735 -50.3239602399735 35.0142057458723 90.5729528187912 -19.7869802012963 -19.7869802012963 16.9099365136061 0.0391786568593658 0.601478689886893 1.19932843296781 0.724454499386819 1.34405084044336
0.581846522615427 0.835568466852619 0.992216567308061 1.42938781170098 77.9113344392882 -47.7903259619335 -47.7903259619335 34.4121195133158 86.511814453792 -18.167973714927 -18.167973714927 16.2770912082485 0.0345245398443739 0.603131660637193 0.886145478493763 0.881364110187253 2.03636462972561
0.57968919791763 0.829762823350789 0.980320695234815 1.42630774593342 80.3959308897456 -49.6473494250027 -49.6473494250027 35.3914098833876 88.8315061579417 -18.8572495031197 -18.8572495031197 16.0364984092663 0.0425359945536424 0.475088097581319 0.863138827261619 0.900383847806886 1.77333532652335
0.556320998419611 0.828977064856349 0.955812698925819 1.43843692563128 80.8159631619856 -50.1789668301292 -50.1789668301292 35.3816728027106 87.8829202164267 -17.6185297627174 -17.6185297627174 16.9555019370754 0.0437569804098789 0.533935334616547 0.804372555968952 0.692851125010034 1.26609140302309
0.570352057513128 0.831875512323027 0.967897147797471 1.42978979880452 89.2745023052301 -55.2208611347405 -55.2208611347405 38.6210570811383 82.0968950638328 -16.6895514631496 -16.6895514631496 15.0103114113767 0.0402990074409253 0.312823171952493 0.611470818187106 1.1035197344185 2.06027818531551
0.574741425214697 0.830760443138166 0.981193311213231 1.41779596919648 81.5428047138498 -49.424655449165 -49.424655449165 34.3259550366878 89.4252043670453 -19.835837883256 -19.835837883256 17.4026927083154 0.0375581269222093 0.661074973218382 1.00760317766819 0.613232259787027 1.24320849670066
0.570971371227633 0.821639914335446 0.98699667416666 1.41046108872339 79.8054330986775 -47.9947400951802 -47.9947400951802 33.0448822575614 78.6494488399558 -16.0571235506641 -16.0571235506641 16.274224109874 0.0346718384434484 0.421662979468658 0.848049738257905 0.852213659788118 1.65622657802147
0.577493207329645 0.826105821998607 0.988487341301693 1.41587890871778 87.3261768635777 -53.2096989303216 -53.2096989303216 37.0857292142817 87.1528447518654 -18.9914241640179 -18.9914241640179 15.8882260277894 0.0297194329649311 0.552332606079774 0.951806175831538 0.841463831649442 1.62580488665645
0.588711091062073 0.833853393092772 1.00024329823989 1.4170460887522 87.2681303408944 -52.6968346152079 -52.6968346152079 36.3344335967145 94.8611332524191 -17.0180566868035 -17.0180566868035 17.0151656208454 0.041102299887611 -0.121034735912333 0.0140505708054742 0.900142038369685 1.27577891433807
0.560405292060702 0.829508589601775 0.965646542548959 1.41466719011236 83.796356429737 -51.1130811610823 -51.1130811610823 35.7212050990847 95.3844079598062 -16.523923711088 -16.523923711088 16.4570202483716 0.0472837849260919 0.465836070953344 0.790041751081149 0.54028106472307 1.44005223068721
0.556604367003267 0.829639405640808 0.958431768706187 1.42468167092489 89.5890110846432 -55.4133549394572 -55.4133549394572 38.4135481599864 80.9488217609646 -16.4508755985628 -16.4508755985628 15.9290074313175 0.0453731577441583 0.434711314624407 1.0849597120662 0.974841006424274 1.71131361113816
0.54510161791942 0.833518837164204 0.94990675651254 1.43289886419223 77.9096491395175 -47.7696463206176 -47.7696463206176 33.5665390108113 89.6763682157934 -16.4347196637031 -16.4347196637031 15.043450545305 0.0442839589374025 0.602386163805488 1.1507375096844 0.698352887210997 1.54454708362638
0.570610663517234 0.824178456300523 0.971434869806662 1.40081978550484 85.2001019809758 -51.6171531283531 -51.6171531283531 35.842225500826 85.5333731770481 -14.9274560024882 -14.9274560024882 15.3769695049096 0.03420914343833 0.189245390346837 0.620848132439619 0.623725439642255 1.17428342619832
0.57427975487466 0.823115092190389 0.994349934285092 1.42063215616744 76.566880903532 -46.826799420116 -46.826799420116 32.9721492152536 95.6189508483978 -21.1767036962709 -21.1767036962709 17.0435620887309 0.0425382383007989 0.397643120599594 0.714131691912794 0.672979497661966 1.62777513234145
0.577479351695063 0.821647053629994 0.987323854310128 1.41473739017717 92.4045418604164 -56.013524572564 -56.013524572564 38.3240324956252 85.6039442892573 -17.5493647064618 -17.5493647064618 17.8361333490074 0.0378803733648525 0.887450547419432 1.59299029267463 0.91195298047548 1.58290788035795
0.549340826453422 0.829764133183026 0.924325043915538 1.42499916598746 83.0335322580929 -49.7050745191156 -49.7050745191156 33.9201537616374 87.8269571248506 -18.2580120620191 -18.2580120620191 16.3682688074254 0.054182645961992 0.655591604996827 1.28345275621676 0.816104962555304 1.40449665150699
0.559549655185145 0.83166123941081 0.963607675237366 1.42161469974443 93.4330826100296 -57.3183105337713 -57.3183105337713 39.4115091625939 86.8180697006922 -17.2102191006752 -17.2102191006752 18.1084870273715 0.039945185527457 0.0219090897865557 0.206593107511946 0.700139608723968 1.63405994325159
0.57267481159111 0.827927785000456 0.987306093455468 1.40591243857798 85.6836434391951 -51.6157765548755 -51.6157765548755 35.8359671119442 83.4895559930918 -17.4322057427286 -17.4322057427286 16.5839454856258 0.0565476797561316 0.346897901277751 0.717266571709135 0.711920422044464 1.29305766763915
0.554640011843862 0.833661680033661 0.951733115558491 1.42336228153194 92.0539575620574 -56.6925493134219 -56.6925493134219 39.0638556409069 93.6556707341467 -18.2931925405349 -18.2931925405349 15.5150683359062 0.0518509039049035 0.124065134924027 0.12842679319913 0.913221013387298 1.599056110678
0.559770916169734 0.831788132406278 0.955909703742667 1.42062665860927 75.2803788404283 -45.6781317552534 -45.6781317552534 32.5422145630274 87.4310169933634 -16.6470402217781 -16.6470402217781 16.1749675140621 0.0464605768286539 0.589114172523739 1.35513882705255 0.716914765797171 1.14050174168159
0.591483483248491 0.831432766784304 1.01983066051622 1.42371660984668 75.1702265957582 -43.8228753800274 -43.8228753800274 30.2117645229442 83.7047870322173 -16.1526139912039 -16.1526139912039 15.3119211017293 0.0383311131429336 0.222024108719501 0.639900786608873 0.823544365979263 1.4786355462581
0.576355377690454 0.825221785096584 0.986545666478702 1.40696342248552 74.2764394912704 -45.2901579721113 -45.2901579721113 32.2460308086357 89.2298577370845 -17.0916239755911 -17.0916239755911 16.3524398194127 0.0487060412090228 0.192176773587705 0.507514724044497 0.992207518179638 1.74671401524931
0.574857278456125 0.824693978026895 0.984281976914909 1.41946778995274 82.4744700418433 -50.7348804981025 -50.7348804981025 35.683779977896 80.6753994501747 -13.4617801327645 -13.4617801327645 15.6312828830357 0.0597300275035243 0.354000095275028 0.613269050897809 0.874240557221191 1.52709743043626
0.573936900251015 0.827317754989491 0.982602560649029 1.42107003013589 81.514245149823 -49.8893552657687 -49.8893552657687 35.3145508344941 83.0052449161073 -14.0616348638805 -14.0616348638805 16.3796620131414 0.0509018654511256 0.532359569725556 0.938060096175163 0.871657164361388 1.62639045919823
0.583553636737842 0.826632682440223 0.986971509870306 1.42713875804473 80.8660341803831 -49.9276438605798 -49.9276438605798 35.1911824728191 95.8252337072751 -19.1011392266859 -19.1011392266859 17.0984241988498 0.0541278444917113 0.547638913946622 0.707767414813457 0.780628745698776 1.33963870691584
0.568404516788101 0.830489239241214 0.962112995601753 1.41419907918659 82.8215421613359 -50.0305001157658 -50.0305001157658 34.9620427757507 90.9251250796454 -19.4944230635898 -19.4944230635898 16.5489651582653 0.0381878637871224 0.897042443803207 1.38810603802432 0.987911724761558 1.58582106733209
0.554955096785472 0.820801103191697 0.967263936980243 1.38984718669454 73.4016661973585 -44.8993740351841 -44.8993740351841 32.3022863459333 88.6662108932574 -18.0634335147829 -18.0634335147829 15.860061722854 0.0566628757310896 1.02977250135632 1.60568742245155 0.828204023208623 1.43837160382166
0.575409909567219 0.822620952784493 0.989671687900643 1.41605077274634 81.7889639302881 -50.3295308058045 -50.3295308058045 36.1062429692857 85.9675054412471 -16.7617507412461 -16.7617507412461 16.4563732363691 0.0529861539127693 0.227320928824554 0.287167204321962 0.838894280534668 1.55947042498924
0.57608504849928 0.826727372247034 0.990067423080736 1.40236949125652 74.2980772287877 -44.2738232529262 -44.2738232529262 30.9056424580016 91.080374901744 -18.2704095503177 -18.2704095503177 15.9024952355751 0.0359841544964878 0.303443139391119 0.68565105759153 0.550156218735742 1.33408165447309
0.590572645296403 0.828290643228634 1.01078223461944 1.40955589101725 84.3902905464932 -51.592118500502 -51.592118500502 36.205721176682 87.0831245152419 -17.6310569943926 -17.6310569943926 16.778231957587 0.0266987632374602 0.603871215705417 1.02222088191775 0.776085277040293 1.20334852251015
0.578126516534976 0.822099696582518 1.00004980980309 1.40500233217473 80.3268636661087 -50.5224811633194 -50.5224811633194 36.1104608232745 80.5355592824355 -17.832736281294 -17.832736281294 16.2628696275413 0.019718393839914 0.214871389118394 0.708227197602659 0.861999422925943 1.69364918208677
0.572967750886863 0.829121543314645 0.966657103890942 1.42993232129222 85.7962602474744 -50.6279770411704 -50.6279770411704 34.407996495316 79.7387937483858 -18.2856518871479 -18.2856518871479 15.0851219248129 0.0238697154994415 0.698274097833183 1.34239831530003 0.955109268507643 1.58567743504886
0.574474068644326 0.81970782026143 0.988922212022629 1.40423688703279 78.2821263902877 -46.0761926566625 -46.0761926566625 31.7633574232821 78.3193049383051 -17.1999461759183 -17.1999461759183 15.9039514515623 0.032715866396615 0.652968929230221 1.32886120542894 0.721653580171938 1.52442522568979
0.587369404839261 0.82703262922584 1.00970523765021 1.41392657804687 78.7500297330329 -47.7522042983467 -47.7522042983467 33.8959817158081 94.6113393088107 -21.095053352891 -21.095053352891 16.0716229895188 0.0288555471511252 0.59897541024705 1.27026111374455 1.05235292692786 1.78066765630485
0.58813654570644 0.82870551395021 1.01028670365521 1.42628146479644 85.792429702354 -51.6727178799006 -51.6727178799006 35.1285965967361 83.8893601617419 -16.97617776638 -16.97617776638 17.4200546461774 0.0346600624322045 0.521440776201269 1.00503370587695 0.770785654680916 1.52068658029598
0.590056102320459 0.831662848262073 0.999023598871142 1.41997355185493 70.1717063618887 -43.6361712346313 -43.6361712346313 32.1480594720202 87.3265700916048 -16.1122266453601 -16.1122266453601 15.6889565723712 0.037459487409778 0.631403536745897 0.917131850264653 0.835323261373861 1.43467333807253
0.586097681371341 0.821202305718961 0.996433725489348 1.4099627102238 87.0886556004575 -52.6533520166333 -52.6533520166333 36.3195378552416 80.9208457838244 -16.3153540375428 -16.3153540375428 15.2669788346391 0.0477041497639015 0.764004948137995 1.46111401908682 0.928557051803789 1.79863329321379
0.57080975540972 0.82167971281268 0.987414228530586 1.42787173990636 85.9906928749179 -52.8499050845241 -52.8499050845241 36.8006296894145 84.9144939523702 -16.9264819077394 -16.9264819077394 16.1323852092083 0.0411576653669939 0.42985414363291 0.373085830456996 0.868449028858329 1.40344978490036
0.571891446183712 0.830726916418143 0.989041584276491 1.41411103007863 90.8053532716708 -54.547048753488 -54.547048753488 37.3082803774944 89.9835904882055 -20.0817522880496 -20.0817522880496 18.0120319345764 0.0284619314283938 0.220873618742853 0.422799994214072 0.848069295517571 1.48847867036928
0.578614014493783 0.831666912648772 0.990420808292722 1.42124854280977 75.81486325721 -46.4896359096865 -46.4896359096865 32.7991503466792 83.5709233258583 -16.551276014353 -16.551276014353 15.2188669002798 0.0285758735291563 0.490093403411635 0.593862255325429 0.630177530130453 1.2406243221758
0.561217211545612 0.822685796783242 0.965373908188263 1.41798539790706 78.1508141014295 -46.9736979961362 -46.9736979961362 32.7232525376642 86.0940501917133 -17.0767845782369 -17.0767845782369 15.3981928492368 0.0245095165181705 0.44847102036437 0.869542315185541 0.521389713525049 0.895379675349577
0.593617323246773 0.82700168743909 1.02507282758329 1.41082955400746 86.9325515281323 -52.711598024518 -52.711598024518 36.6031461660027 84.3060267401458 -18.576034607048 -18.576034607048 16.4548461621434 0.0278762950723099 -0.0157179345303252 0.0837550585542462 0.710052054543212 1.23982419063057
0.576621000344655 0.821883518559281 0.982514528889271 1.40155651424075 80.7589248465697 -49.4075172367298 -49.4075172367298 34.517091733791 90.2250521977663 -18.2144610827502 -18.2144610827502 15.4581225184723 0.018935716505142 0.677590626812704 1.31077996983301 0.80756681060329 1.6860493814446
0.558735003009937 0.826318762830952 0.968486842440693 1.41442995831678 85.2971051066215 -52.7534846648415 -52.7534846648415 37.1524273296825 82.3308533146991 -19.0862343193656 -19.0862343193656 17.0422458410585 0.0160389412866844 0.530776309463323 0.897351416080352 0.795273348991656 1.6016791263459
0.574591798194256 0.820865271669584 0.983320425086356 1.4176455464981 89.0187306058097 -54.10126662145 -54.10126662145 37.4908739021914 80.2030972346169 -17.1199352466318 -17.1199352466318 16.7869805929421 0.0218689402227867 1.24952974183252 1.86435170418962 0.600860022393804 1.17663657708469
0.569489150079621 0.820773120583744 0.985976238889243 1.4101106290387 81.1903077012168 -50.2883049585635 -50.2883049585635 35.8034090617282 82.383964484085 -17.5506212382918 -17.5506212382918 15.6691982461196 0.0175724228130176 0.0724409810332552 0.042010817816173 0.826293341814952 1.81989478326406
0.571515022664473 0.832527869347557 0.983163849436313 1.43408147318265 77.1069176189655 -46.1812598685566 -46.1812598685566 32.5555872242291 82.45290637003 -18.0321744293529 -18.0321744293529 15.3651259059012 0.0158842615565638 0.655047941647773 1.00184182113757 0.784408055880072 1.3338470962168
0.543209524594385 0.824181771584321 0.945374360960292 1.40968483622077 76.2524570206155 -46.0245560788898 -46.0245560788898 32.2637774642386 84.9295684686874 -18.2273486262528 -18.2273486262528 15.6613746517231 0.0197948406824944 0.794287621053536 1.29603233484886 0.709231777051823 1.24838315126884
0.574336398113145 0.825219190227509 0.988336618919686 1.41502713323157 81.7435552310426 -49.1452667886869 -49.1452667886869 34.0032938161983 87.4585567657028 -19.1061545878745 -19.1061545878745 16.8352239693166 0.0157082209600457 0.259084914531777 0.331391503404979 0.925656441171255 1.72117898076675
0.575190936265943 0.830000608739878 0.985571262336828 1.42758692003372 82.251622935618 -51.5458688671877 -51.5458688671877 36.9677227329901 78.1246833837127 -18.6627408581091 -18.6627408581091 17.670456524374 0.0130558819408126 0.100114520224545 0.252741566380392 0.8111498279066 1.42813149879112
0.56125222257663 0.822364634317742 0.976455800688256 1.41165668839274 95.4679277176844 -57.4623503139677 -57.4623503139677 39.1347054278779 86.6137190665542 -18.6836607148522 -18.6836607148522 15.7784098462809 0.0195545925737066 0.754519504516549 1.14855428313423 1.13417267549169 2.25053297121768
0.569497080116974 0.828688577281545 0.991924925157294 1.44834408674312 82.6690848302244 -51.5663128783182 -51.5663128783182 37.1952134016843 85.9596150525887 -18.9245424897124 -18.9245424897124 15.9394531606841 0.0136059208891175 0.282516087730484 0.794380385625682 0.865271789824707 1.81195017352744
0.595639204520177 0.832325816192711 1.01138338265239 1.42800098187066 77.6680498343917 -47.6974070163594 -47.6974070163594 33.865246711126 89.3496840022359 -19.7170769231417 -19.7170769231417 16.7864719765465 0.0229266157902027 0.498255108100322 0.559615825324681 0.753403884249149 1.1895262521339
0.559670535773578 0.823686720234609 0.963448431081581 1.43002309369611 87.0297044274965 -51.4273885603259 -51.4273885603259 34.9772531854016 91.5538792310658 -19.1597463596408 -19.1597463596408 17.0229827395365 0.0243794557616163 0.894654399927582 1.39405308733902 0.799640188743675 1.22909281739508
0.576746303972403 0.823977172825806 0.988610270232805 1.409641935668 84.2657602224525 -51.2688747258698 -51.2688747258698 36.0927761453197 88.2723294098805 -17.61181365471 -17.61181365471 15.9771604853622 0.0226672739492666 0.382727439251691 0.633588682382664 0.702940273283195 1.35303181613048
0.588981669961189 0.821693156339596 1.00895947687783 1.41369276988081 87.5253444708134 -54.1079011268644 -54.1079011268644 38.1488386662556 86.532366307545 -17.9886048414912 -17.9886048414912 16.35744521478 0.0332546937204613 0.796869981182592 1.27191468167286 0.721819807286874 1.21520980447552
0.582031473042774 0.837013025616594 0.99287859291109 1.4333530329196 76.9352394579686 -47.4641700323789 -47.4641700323789 34.0888325896981 85.3068553489719 -16.3390080232696 -16.3390080232696 16.6348653541089 0.0325860999273255 0.632211514576916 1.17284517456343 0.938222832883653 1.27713097471529
0.563254394487722 0.830323509308578 0.964199574630037 1.42749700091015 81.9637273161915 -50.5778513664746 -50.5778513664746 35.5261050694464 90.1486674973692 -17.9917138160105 -17.9917138160105 16.0644993905929 0.0380932600152214 0.922176114901508 1.67855573636081 0.655674632123445 1.11243215220191
0.602588277287341 0.824694089567477 1.01701273109572 1.4194088103403 85.2136457466846 -53.2886934567431 -53.2886934567431 37.5147175670457 87.0853853055363 -16.7162394544116 -16.7162394544116 17.5077238994227 0.0301063637780485 0.271963712727352 0.516991396674075 0.749850033577069 1.28979103610611
0.569854043229352 0.828252966209287 0.979571723713698 1.42123678732775 79.6853965354892 -48.9392593546772 -48.9392593546772 34.9100606981289 90.1730897211702 -16.7521476680554 -16.7521476680554 16.4434434508158 0.0248773721872814 -0.135302529417027 0.0202695321842257 0.836675063548319 1.06598235627048
0.593426191933609 0.822963001430847 1.00441162344984 1.41641710109843 76.0231283423392 -47.3879495481696 -47.3879495481696 34.6114101282003 83.5298440294288 -17.5608148250503 -17.5608148250503 15.4647169122982 0.0374549376462114 0.38513122696924 0.880620044886806 0.793559385322537 1.13400500061758
0.558268335177606 0.826951836211896 0.965105432079862 1.41362839825782 75.6590145806238 -46.5430717933233 -46.5430717933233 33.0496883600432 86.9968687258867 -17.560976702619 -17.560976702619 15.3716394649916 0.0309463452190891 0.893591068783539 1.48593572139971 0.75691381471693 1.48818241353709
0.542116356833446 0.828071189044555 0.92336582433892 1.4296112376449 86.3703616121417 -52.1795819299315 -52.1795819299315 36.1245786529857 89.0690587103523 -19.4909534511795 -19.4909534511795 16.2706669880327 0.0400287397906009 0.435989306735435 0.856254496245864 0.823841219841749 1.40046393058417
0.555812162944821 0.830917220480281 0.962589060783534 1.42831857989022 83.3460765256583 -49.9559385915386 -49.9559385915386 33.9762901704636 89.5874718671811 -17.6045970487113 -17.6045970487113 16.5856960898549 0.0443123870376698 1.18827072435244 1.80544281092171 0.629408891725581 1.08143944769676
0.595825031675046 0.829302215336914 1.01169383404866 1.42106601610453 87.4381718556378 -52.1457119460025 -52.1457119460025 35.4127806938932 95.6824339232694 -17.0547710745322 -17.0547710745322 14.8601255377996 0.0500317905462231 1.02980530084338 1.69108727539914 0.875271016510369 1.14691113474909
0.564343391804176 0.835674149271569 0.981878071670309 1.42531576694595 94.1894703207126 -57.7120925075587 -57.7120925075587 39.8528658109655 95.1751345555898 -18.3094153914702 -18.3094153914702 16.3181649646243 0.0640287442408942 0.351764543779589 0.751549160075835 0.859175142318788 1.25341391498768
0.561169538441577 0.836591102420707 0.965904321966734 1.44263467931758 87.0191769662606 -51.7460945376018 -51.7460945376018 35.4610286166329 82.0084714368121 -14.4166630183389 -14.4166630183389 14.5503763616498 0.0542106014804085 0.652339047907233 1.26111808541106 0.834063647341577 1.23942762169926
0.554341808223793 0.835790925382469 0.952776067866758 1.41261049810188 81.7128047906926 -50.2681099866421 -50.2681099866421 36.1040044328628 82.5569218244265 -15.6963569220408 -15.6963569220408 14.8897598960685 0.0443228328374647 0.0729436295984403 0.656017311442937 0.782434418458114 0.861338143976059
0.578253530739714 0.822268217774814 0.988815669793244 1.41696472927009 82.7150830895949 -51.4200089594812 -51.4200089594812 36.9449129772976 86.6243009819804 -17.1500283246657 -17.1500283246657 16.7409816282143 0.0439474401322272 0.324293709212058 0.72541545720545 0.929789679692492 1.66464885909193
0.575877361323872 0.830707263030135 0.995815383140138 1.41867506866708 86.033628107978 -51.258648522331 -51.258648522331 34.9155662142147 83.2057023103351 -16.6058406321301 -16.6058406321301 16.2724238967992 0.0510106772706912 1.27598310308529 2.07627599381244 0.896800076597331 1.34984545372693
0.563865766894188 0.828798005271936 0.970669532532899 1.43168432325148 89.1459150885092 -53.0355754633978 -53.0355754633978 36.3234608131283 82.995634550651 -16.0807230308922 -16.0807230308922 16.6128302354548 0.0526762067043573 0.896282869880437 1.48528220367557 0.920980133350123 1.48829014831357
0.589944154801984 0.828717271527734 1.00512416783432 1.42048981429649 91.3043833926635 -56.0161648980229 -56.0161648980229 38.9990137791103 91.7170322196751 -16.2553335014968 -16.2553335014968 16.6028507001268 0.0541343600846754 0.676512894973418 1.2128798984482 0.909883044742315 1.45573977933822
0.575825805725831 0.827814993930049 0.986900446520448 1.42024799275154 85.8724955335383 -51.5430771591203 -51.5430771591203 35.6107044279777 89.9359375311273 -15.4084098806929 -15.4084098806929 16.2047006497256 0.0600474090028793 0.406650368963106 0.799089326180386 1.05771091563612 1.50350148082534
0.576618890151634 0.827417509980233 0.988028552717454 1.41313908549309 87.6257156441171 -53.5390241573141 -53.5390241573141 37.0909398062897 85.9805534511793 -15.5422246587704 -15.5422246587704 15.6077394074039 0.0400385681805148 0.477114588458508 0.976940461431669 0.889650257720426 1.08580165475283
0.592534565141738 0.830634658216003 1.00143877171064 1.43584807794166 85.2837407550421 -50.8852878256492 -50.8852878256492 34.667218678316 86.1797846902217 -17.239604926944 -17.239604926944 15.3375517743573 0.0391660201449649 0.689087337927407 1.14436136966493 0.814521930880761 1.44728928295138
0.548559418607983 0.825720890308859 0.940787229612896 1.42600203671868 77.7401161849294 -46.5899401948705 -46.5899401948705 32.4846952027067 81.0041814794304 -16.9581437826485 -16.9581437826485 17.1553329877267 0.0554027976753768 0.626371468125881 1.38810411442523 0.950865489324855 1.6713705680907
0.587830265258695 0.823466663495028 1.004018699142 1.42112843691283 89.4468619095864 -54.376305799687 -54.376305799687 37.1743372560226 85.0688237507796 -14.1450483475136 -14.1450483475136 15.8255446197179 0.0436908544193667 0.639940541663211 1.17783450660841 0.841464433067645 1.67562795071006
0.575526798406943 0.833713107422609 0.988251557233429 1.42641066200045 92.5985213341109 -56.188815912246 -56.188815912246 38.4711663202027 90.0686922902364 -16.2329720012587 -16.2329720012587 16.3382783347391 0.037405107973139 0.558811618709209 0.960556571582816 0.889127680582261 1.82581226255164
0.562562575232888 0.823875113226272 0.970882489219149 1.41623836246617 78.9846548988524 -48.8730062431089 -48.8730062431089 34.5302486020279 88.9646265173216 -16.3955472007698 -16.3955472007698 15.9704168083258 0.0491441993430016 0.244240167018841 0.601291969008735 0.751672841756328 1.42922777837921
0.586710521945828 0.825303695871895 1.00517339050498 1.41197888959567 82.4676073646724 -49.6174570147837 -49.6174570147837 34.0971911243307 84.0225067763404 -17.9165173057697 -17.9165173057697 16.2750174196321 0.0607882273559662 1.08930730246847 1.76303339221425 0.784587216021792 1.33603421650065
0.573014796082257 0.822008279439929 0.974937450957175 1.41358142443892 90.0455022512983 -55.5924778192515 -55.5924778192515 38.8047742560068 83.4430303542506 -17.9999224734097 -17.9999224734097 16.6352729424309 0.0407865541796952 0.768354603021109 1.34752339216771 0.894073987559346 1.19082661741535
0.591057297008268 0.822420360766095 1.01705095896682 1.41438186201722 78.1697648373921 -47.5068446105891 -47.5068446105891 33.3762038892915 87.0409764814579 -17.671781360574 -17.671781360574 16.3320922408534 0.0253917986394396 0.0219672698083829 0.2853797656167 0.853886117841348 1.32434302966872
0.554979112031317 0.827477907653619 0.958038789540501 1.41799433972294 83.2577286235742 -51.8695252257502 -51.8695252257502 36.300629284642 82.7778192744953 -16.4995724784496 -16.4995724784496 15.8689115182358 0.0382085043825753 -0.0163291439775451 0.205489130649901 1.04028949441689 1.53505989172818
0.547552721704168 0.824855200492947 0.935008372297457 1.41649060046891 80.4089782232475 -48.655534762124 -48.655534762124 33.9247232566867 83.8377145584571 -16.0700508772748 -16.0700508772748 15.4540350244622 0.0377621422381793 0.723122181383962 1.0153192220088 0.958696954664916 1.52517365884399
0.582781011598025 0.830015316490915 0.983888358624454 1.42456544251385 79.9296945577062 -47.820789418969 -47.820789418969 32.9995583673959 86.9401152708786 -17.0724513119854 -17.0724513119854 15.9248065221392 0.0565572590402576 0.792539002440038 1.2223384083916 0.782421755936525 1.47664627962283
0.562036933755494 0.830604034379665 0.974235358517028 1.42397178000213 80.1768513174015 -48.8419477648063 -48.8419477648063 34.2022067449438 81.9232818066999 -16.1534908293343 -16.1534908293343 14.5668755884693 0.0456610001330353 0.172291187893277 0.388143923948196 0.79142407320222 1.14423175097159
0.573756352482652 0.829751970503671 0.98177346415921 1.41566766852825 88.9102924136477 -53.957358845053 -53.957358845053 37.6704943249947 81.1429264031183 -15.7149356816281 -15.7149356816281 16.0990734843177 0.0397402419457965 0.780792415583247 1.22909492063436 0.815380570320577 1.44507653057118
0.556293149175106 0.823861750970771 0.965179261482176 1.41267061995489 100.661915055978 -62.4703361459668 -62.4703361459668 43.1445631033418 85.9834634059856 -16.5417233454492 -16.5417233454492 15.7067475327382 0.062100394874289 0.686434906335849 0.927831502090228 0.848002410557579 1.27868225538693
0.590049959084661 0.826475053269475 1.00706715894336 1.4239888557135 88.5057207876111 -53.2747256311923 -53.2747256311923 36.5877736640163 84.467701403053 -16.9987737143649 -16.9987737143649 16.226467880566 0.0674294130463072 0.814697149395329 1.0989127625934 0.929345939795895 1.56559481905556
0.580815773707216 0.838856848098031 0.998622004083665 1.42687289906935 74.8978999150783 -44.5133072164294 -44.5133072164294 31.1620691170204 85.8004064131808 -15.3305020407866 -15.3305020407866 15.4728191665796 0.0693740578244111 0.35238005055034 0.550766993738608 0.976723999314542 1.45742252575946
0.583177447356372 0.827269840013486 1.0035832612366 1.42024682181189 86.9345948564904 -52.7564653398461 -52.7564653398461 36.4148910094131 84.2318804914285 -17.6671083563578 -17.6671083563578 16.7284812296208 0.0628294307054431 0.753857271882522 1.45964316384071 0.971961662542465 1.68423668380624
0.571410954205688 0.836600203782636 0.99707569000307 1.41800811974636 88.5125606916573 -53.6751510432105 -53.6751510432105 37.0190540180745 91.0322005485104 -18.6216305191286 -18.6216305191286 16.3507754786945 0.0826602116502906 0.506596806235983 1.13185876063968 0.907297601084091 1.44628349276515
0.568819978791847 0.833102241867048 0.97510644451779 1.41598484603962 80.2521228473414 -48.8654153873792 -48.8654153873792 34.526998300757 96.8000290834987 -17.7505052958066 -17.7505052958066 16.6014693809712 0.0769561332038541 0.558744170754542 0.956800963737052 0.693464373575016 1.5670605604379
0.567599199106934 0.824314056321999 0.976372034521221 1.4204876181824 83.687389193624 -51.1252613662862 -51.1252613662862 35.8299400613001 89.1593361751772 -16.9446702469037 -16.9446702469037 17.1508560609614 0.0570037096837558 0.403256471832621 0.609242466006373 0.817334297874976 1.14602915098831
0.555179786039627 0.834550606392531 0.955200452875413 1.44107564903524 87.7111300438306 -53.4061411136051 -53.4061411136051 36.6730341288639 87.4849995408805 -17.5240702741161 -17.5240702741161 17.1474825671751 0.0644450269231754 0.318638577748548 0.569741427882494 0.697279503359158 1.31354055897285
0.569077641032193 0.829607096948813 0.973948154230654 1.42315142566644 83.3860882852542 -50.2839391216738 -50.2839391216738 34.7271705900285 99.9789985899556 -19.0554595906232 -19.0554595906232 16.5742863385748 0.0544315654151226 0.192785465744897 0.413205766336512 0.79742405916851 1.3367845237224
0.564709682941794 0.838272986498472 0.982088863519545 1.44064937007747 88.4531363584194 -53.6580263018063 -53.6580263018063 36.9251390165192 93.3419458229037 -17.3249610446674 -17.3249610446674 17.045599419472 0.0669273648823878 0.266871835744523 0.394727621318131 1.01078628853483 1.57971254415381
0.57412545592776 0.83319632795655 0.995706759875446 1.41479918351708 84.7708943466861 -50.8655809259513 -50.8655809259513 35.1826199532914 91.2431995090836 -17.1063307881439 -17.1063307881439 15.7129856798375 0.0748877968737985 0.86113787322645 1.22878813118254 0.952438801656203 1.50075248719435
0.575895467049495 0.83058250958673 0.973888761451308 1.42462202904307 82.9280686098073 -50.852287223312 -50.852287223312 35.4287405210555 89.1038419881116 -16.7771621427129 -16.7771621427129 15.6213652248194 0.0724208172582043 1.24099669471245 1.69940451453492 0.61859845340291 1.51473138173647
0.562419672147211 0.829073632606191 0.961316803967927 1.44769782375601 77.2625051913785 -46.404450686188 -46.404450686188 32.6056690626741 92.7587005298733 -17.2045063889332 -17.2045063889332 16.6498726768508 0.0550579910405074 0.914721895425954 1.84507496564178 0.91078866710171 1.52843502889576
0.560004700241614 0.822571458264687 0.961523534571044 1.42453278858524 81.882767502764 -49.7809362151699 -49.7809362151699 34.7568015135226 80.8700015034916 -16.5864935952667 -16.5864935952667 15.8539584191796 0.046610142726809 0.518143570948726 0.986823076516208 0.964428297519659 1.41986594432725
0.549049204218591 0.822963786106292 0.960423518685616 1.42482512914168 82.1828456072776 -50.0081159621272 -50.0081159621272 35.2304105539845 87.2494122911658 -20.4850529296881 -20.4850529296881 18.39483062927 0.0488511354005777 -0.205803225956488 -0.224978048859801 0.704325435328851 1.23782949046131
0.561463338178513 0.828278061115901 0.954938366254454 1.44119139236303 77.1455815227284 -46.5899362935778 -46.5899362935778 32.3598953131653 86.028635413633 -18.2167860357971 -18.2167860357971 15.5288956708644 0.0489176373642088 0.160071776261519 0.14607292822214 0.819423930057389 1.468755479578
0.568659566859254 0.826873575146393 0.973517574643995 1.39800648608341 88.470884678846 -53.4188642631035 -53.4188642631035 36.0590627542066 87.831610772742 -14.4474999744703 -14.4474999744703 14.8383424615597 0.0472587882057633 0.465396225055827 0.827929105805477 0.935615302250616 1.58214619058336
0.536017297119014 0.8292658244075 0.935109661484222 1.41437012631922 77.6953870962392 -47.9651668122607 -47.9651668122607 34.0208049981533 88.3008642840297 -15.8938507536593 -15.8938507536593 15.0371493685205 0.0403246359809819 0.506226883972819 1.20136907405103 0.694877088556692 1.19752611250244
0.549137812489119 0.823002616304625 0.943991026952341 1.41024626669374 82.6619541769469 -51.8283080127419 -51.8283080127419 36.6695144615973 91.2532147337073 -18.3271509789509 -18.3271509789509 17.4771944342237 0.0498735087219716 0.113624962301181 0.255363009029414 0.994129926452575 1.75889753181761
0.558696855578257 0.819981864421586 0.955476697429984 1.42877263184691 83.6040815093039 -50.344448901027 -50.344448901027 34.7834277049739 79.3536076296553 -15.0543084352761 -15.0543084352761 14.9868304146761 0.0345231084276161 0.366264211177448 0.434940425697411 0.754822490099688 1.33757659374261
0.577905328671819 0.832001085174685 0.992908885145673 1.42887781605825 82.7211840673014 -50.1656088547947 -50.1656088547947 35.4831829046681 85.3885351153251 -18.608835366973 -18.608835366973 17.2934632035396 0.0252743529914759 0.647146247649348 1.10182831073687 0.920107823875836 1.71812941887096
0.557024288809464 0.821942321445425 0.962728096990303 1.41591500124765 84.5021122169705 -51.517240974538 -51.517240974538 36.1992671651395 85.1069472670402 -17.3947855852634 -17.3947855852634 16.5406553287952 0.0297948959215901 0.166822867213226 0.501070286588186 1.07286790309628 1.73039142879261
0.560264871607469 0.826337032615396 0.963513779701096 1.42255674411958 93.1310197051646 -56.4777211671087 -56.4777211671087 38.4969127035566 88.5468332184809 -17.9650284789696 -17.9650284789696 16.0136013612349 0.0244081750611269 0.356582671352876 0.53460768416728 0.878022782225919 1.54837282525703
0.566977126546896 0.823223082949522 0.968953104864569 1.40407358030508 76.9903744400698 -46.6002907280784 -46.6002907280784 32.4289380450269 86.630642112857 -19.094304827984 -19.094304827984 16.7986176400345 0.0273848479682603 0.510985768361345 0.663611014724908 0.688736448891417 1.45894227593854
0.554141788218587 0.828631572350066 0.961278602822836 1.44094904597389 88.1331800847851 -54.8796278333969 -54.8796278333969 38.7812162615771 82.4465445980157 -17.5525685180588 -17.5525685180588 16.3065880444315 0.0358018377494885 1.18306085601162 1.96860237848782 0.985926772650499 1.67801278684015
0.56878351054538 0.829777850029753 0.970213280040391 1.43188872212115 81.229975448042 -49.2096375482572 -49.2096375482572 34.4302536154079 87.5955154306228 -16.3888230984492 -16.3888230984492 16.0371375253535 0.0363287402832787 0.882933878719901 1.44016240187017 0.806806893831061 1.24835323184735
0.56681156510293 0.82703237124015 0.974411527897968 1.42024516574033 79.5147791136786 -48.4293285377631 -48.4293285377631 34.2968341436669 88.3362261511903 -15.2066052230362 -15.2066052230362 15.9449307992537 0.0448786388171831 0.698789049011263 1.61536213060836 0.903088214705208 1.55150213393569
0.569233810311512 0.833200702147545 0.974697492051388 1.43396536917379 79.5763532858579 -48.0158759254022 -48.0158759254022 33.5201451266288 85.4994800659146 -16.8714713619311 -16.8714713619311 17.0041752359324 0.0542808252920985 0.862859652148904 1.21067367808984 0.671619739776432 1.47008083862269
0.591049969177972 0.831468361801406 1.01676578722228 1.42419942349858 92.1559094092113 -56.1549375660193 -56.1549375660193 38.5200749417907 86.6643934271776 -16.2849082625793 -16.2849082625793 16.2541220093037 0.0550737476226962 0.614222953250762 1.28145269178965 0.771314988803292 1.20862259469356
0.569119561478389 0.8312283175104 0.979793171534852 1.42808278137006 83.9057427438573 -50.4968899208022 -50.4968899208022 34.7040351089722 85.8641713688452 -16.3109314024723 -16.3109314024723 16.620705702941 0.0771628314065167 0.816795927990034 1.4562954623243 0.822401499698008 1.41885863523395
0.571512617297023 0.832070828258993 0.98951347192884 1.42907395999843 91.2539288656563 -55.3932838839134 -55.3932838839134 38.2951995375312 86.170115789033 -17.1253353245307 -17.1253353245307 16.3962221123926 0.0707694345294351 -0.160104373659174 -0.0105461717954791 0.78390761928707 0.873729644621833
0.5796120633927 0.839161836361592 0.990098131204404 1.43288225429765 82.5381982884923 -49.9819036568905 -49.9819036568905 34.9725114121299 86.6158385076982 -16.8527730712616 -16.8527730712616 17.0760231825924 0.0582117715598722 0.528406480479669 1.07108317412777 0.709984629544833 1.39816684082242
0.565369147683028 0.836502122157064 0.978046671926209 1.40644196100134 84.5679511479226 -51.7362648720203 -51.7362648720203 35.8011244774056 87.9783253788433 -15.0150162041722 -15.0150162041722 16.0063196530644 0.066396361245457 0.302141652488089 0.77067727157493 0.844738791648908 1.36702732756924
0.590567005613146 0.826861691393186 1.00922339494798 1.42195359940679 83.8163900493195 -50.6016308277272 -50.6016308277272 34.8545582593582 90.2588932077008 -16.7268976647064 -16.7268976647064 15.0820547627144 0.0662585935857028 0.922572545545481 1.45420794813395 0.800577275403688 1.55042226694312
0.57783292340651 0.835198200788396 0.995416573370455 1.42226279539069 91.3063024169188 -55.0011320264745 -55.0011320264745 37.7559597312258 92.2038228900569 -17.6621620192695 -17.6621620192695 16.6360551410046 0.0569218253944113 0.0989639857502868 0.363270497529337 0.698620727538053 1.21396399728053
0.541995636633325 0.81998685834506 0.927958161404377 1.40712724711282 84.287709350891 -50.8186282921309 -50.8186282921309 35.5058868483928 85.3213701742004 -17.0479279805595 -17.0479279805595 15.7733748496205 0.0452742104796189 0.934533039505309 1.57048444760566 0.835511418009296 1.61827318866294
0.586914794712797 0.825908895293054 0.999209095947712 1.40849977447376 84.0675703506337 -51.5257884027371 -51.5257884027371 36.0505125301226 88.6104366312696 -16.5575736498724 -16.5575736498724 16.203377167758 0.0425021190117592 0.808721297552564 1.40994723247799 0.753522326359118 1.30386517078624
0.572016987391896 0.828228573932722 0.98215627978421 1.43224881982855 79.6921184739893 -47.3844766923455 -47.3844766923455 32.7679513785944 85.4881238429487 -16.5012174796409 -16.5012174796409 17.4044586311476 0.046302290587759 0.810358682541127 1.34516487087261 0.74126764054521 1.34021702255598
0.601429967108478 0.830245385637675 1.01512976230573 1.41078001840509 84.5261025164816 -51.7150765294565 -51.7150765294565 36.1423605969859 87.4849852394605 -15.6177294557023 -15.6177294557023 16.0963548638764 0.0404486608744844 0.648981567442927 1.3443484751038 0.509126998206903 0.774418377740428
0.576523171063391 0.824089822406326 0.982341510654751 1.41237392524953 80.5314132147554 -49.8775949381416 -49.8775949381416 35.8676871969271 85.3658712252554 -15.7601077265996 -15.7601077265996 16.057887901488 0.0459984498807868 1.01836185974429 1.31497006183025 0.860801047994107 1.10091606275878
0.548360858381649 0.829762228727113 0.932362729969062 1.42350612390787 83.9743781081303 -50.8824367945983 -50.8824367945983 35.5931879052679 82.9026387210552 -15.2775609696844 -15.2775609696844 15.4089733679343 0.0425862912561196 0.823567278817988 1.26300432213937 0.597086401559806 1.80314264024245
0.554451254247307 0.830199216624341 0.952440708260006 1.4233318942205 87.3805455976877 -53.0088299842998 -53.0088299842998 36.7932530230498 80.8302858697186 -15.2317792473488 -15.2317792473488 16.8226376054045 0.0422065332836026 -0.0179304263976679 0.0189575222957723 0.851575377888402 1.73642738441214
0.565823898281136 0.82489866919218 0.971370327179998 1.42913724669773 77.8687816756344 -48.2242662714677 -48.2242662714677 34.1767180787901 89.9173446715599 -17.0257465403301 -17.0257465403301 15.8616744916261 0.0455203361975011 0.609751849302831 1.14614517966602 0.772075566549539 1.34744609482154
0.604320941353197 0.825322680056035 1.02174449009825 1.41655850992317 85.2733432768896 -51.7406324653747 -51.7406324653747 36.1031424643583 90.1129758707292 -16.7110818700311 -16.7110818700311 16.3728478532811 0.038859813401664 0.538196438170337 0.765222351509791 0.715752406770628 1.25788205297498
0.560801019215259 0.823567331113945 0.968081484847439 1.4178344738409 80.123539484714 -48.063918782278 -48.063918782278 33.0318859029526 80.0004685590275 -14.3837889154771 -14.3837889154771 15.3351035035627 0.0351659567004705 0.684899475834516 1.04155162109117 0.925621168132643 1.57048088756021
0.571609940700453 0.823620469382905 0.983685509888126 1.40532543602656 80.270737428625 -50.2346309131123 -50.2346309131123 35.3731346905691 90.2910991268171 -19.1565933042862 -19.1565933042862 17.0906669341533 0.050238393578967 0.994783391721226 1.52313346836114 0.907710921756652 1.02967400167478
0.566374472416909 0.828973386185947 0.976857366727234 1.42471558022289 83.1374302582102 -51.4427168464832 -51.4427168464832 36.2912707761866 90.6553637867905 -15.5675085722838 -15.5675085722838 14.753678546316 0.0378508405750186 0.720834180502472 1.13754161955891 0.880793027102464 1.36146113666392
0.558348380630968 0.82686531558769 0.968249477228127 1.41649326432423 80.1684888160713 -48.450606454519 -48.450606454519 33.7214241843191 85.0831454554334 -14.3673703916478 -14.3673703916478 15.461618148248 0.0499739670517862 0.486053803183326 1.14011256591929 0.77817490284832 1.22708370295533
0.563940412357466 0.823693533243525 0.959565157253458 1.4128916107664 75.7153530591375 -45.7722831742357 -45.7722831742357 32.1184730476109 85.2257598706213 -18.2559250953676 -18.2559250953676 17.9945697751649 0.0532894218117756 0.384909158315143 0.824612233736288 0.98713787818169 1.4006505061532
0.591889370915349 0.829368955153123 1.01056028004096 1.42864827980523 82.2922195030083 -50.7223340584011 -50.7223340584011 36.0434670591968 88.3186188153502 -18.2008108098269 -18.2008108098269 17.0892352246273 0.0304820126985705 0.776298503115626 1.205248008951 0.858628157055299 1.75991175162023
0.588353162896918 0.818229339405346 0.998030522984628 1.40711379808845 84.7068758861394 -50.2127123811544 -50.2127123811544 34.1153107097089 82.4313220765688 -16.3807915051411 -16.3807915051411 16.2167019570561 0.045674951431929 0.589724729882289 1.21200695255932 0.815484681911989 1.36064637092844
0.55827601488583 0.828148627767471 0.959984445653109 1.42327492479569 79.1600422635666 -47.5500072485627 -47.5500072485627 33.2059664771677 88.1012398358415 -17.2073525012898 -17.2073525012898 16.3849552759018 0.0539860233973104 0.701439436629274 1.20501915020361 0.567259473978531 1.33533176630031
0.560274683281713 0.825167862886584 0.951368151009826 1.43671865228364 86.7585225478267 -51.7068085572435 -51.7068085572435 34.9697679850527 79.5888886905497 -16.1741199727217 -16.1741199727217 16.4238679937889 0.0540084467931675 0.543000763707506 0.735395885739045 0.877485399034738 1.88085290949798
0.568716324864542 0.832243046340884 0.980761652888268 1.42625443214675 88.0363471486926 -52.9986223389099 -52.9986223389099 36.1799408254073 84.9893993826728 -17.0671062297985 -17.0671062297985 16.1074698150632 0.048651547968498 0.156073787473228 0.282831413428706 0.888785904701178 1.57276811486311
0.55054071059766 0.826169060394143 0.944149198223522 1.42204649899627 91.062614761606 -56.7466600417142 -56.7466600417142 39.9852243730011 84.4103899872051 -15.4529320082818 -15.4529320082818 16.1257631408993 0.0581533718807242 0.918541525669086 1.5110699997459 0.792177746971282 1.61155407366093
0.579211142913759 0.833867736527314 0.982718146105146 1.42957672543792 86.7300867492595 -53.7253741357741 -53.7253741357741 37.641483270346 84.0717337893415 -14.4514182145146 -14.4514182145146 15.4987353460652 0.0525860690064604 1.11772728979374 1.86761011920625 0.653879168950166 1.23895448272337
0.588178770901038 0.836797420277223 0.997008989728237 1.43249454169453 80.0085816608221 -49.0433991764879 -49.0433991764879 35.3802485080841 97.5446839552522 -17.883601605813 -17.883601605813 15.3856134163743 0.0748360567893919 0.583205096098557 1.01618902957119 0.794822858009388 1.23846993794574
0.571646326364676 0.829066166673939 0.972983258666978 1.43143739197618 80.9233834483726 -49.7235385183523 -49.7235385183523 35.539535556019 90.667974315263 -16.3454339245434 -16.3454339245434 16.7547311167616 0.0663225959682904 0.406753112059574 0.517524403091581 0.922851876641683 1.48873902879068
0.575969278401087 0.82789622983769 0.988174377831004 1.43826218389481 75.6078833479384 -46.5882199106482 -46.5882199106482 33.1392476151726 88.0405915721782 -16.0738986478439 -16.0738986478439 16.4461251427127 0.0598221148746554 0.583594249337173 0.936636652007956 0.794632775891742 1.30905443422228
0.573123645126645 0.819144277650193 0.970458771270597 1.41317584482064 78.7182544358451 -48.102885975721 -48.102885975721 33.6533123054318 87.8970021495993 -17.4697281117224 -17.4697281117224 17.0004853629325 0.051205680359609 1.17271103124439 1.95938557403226 0.881200194967028 1.36943601520411
0.564929816583789 0.833820864873184 0.968090495190556 1.43843696224519 82.9766119501167 -51.6177505676611 -51.6177505676611 36.7990241283917 88.4815230924557 -17.1309476101448 -17.1309476101448 15.8971120080872 0.0452794778554525 0.883579338187844 1.33076216833064 0.70859398509283 1.55590529827991
