0.9986
0.9936
0
0.9814
0.0152
0.9986
0.1946
0.4098
0.9026
0
0.0132
0.9988
0
0.996
0
0.0026
0
0.9946
0
0.9978
0
0
0.256
0.9982
0
0.0244
0
0
0.891
0
0
0.7912
0.9302
0
0.9038
0.9872
0
0.998
0.8152
0.8712
0.9826
0.999
0
0
0.9796
0.995
0
0.994
0
0
0.9428
0
0
0.9632
2e-04
0.9986
0.9986
0.9972
0.8362
0
0.9988
0.9976
0.8844
0.8882
0
0.9916
0.9026
0.9984
0.9888
0
0
0
0.9826
0
0.9112
0.956
0
0.136
0.899
0
0.0014
0.9862
0.9968
0
0.9982
0
2e-04
0
0
0.992
0
0.9984
0
0.06
0
0.7566
0.0016
4e-04
0.9978
0.8194
0.9746
0.4792
0.0054
0.999
0.9968
0.0332
0.9976
0
0.999
0.9988
0.9988
0.9988
0.9976
0.9988
0
0.9984
0.0898
0.9982
0.9904
0.9992
0.9782
0.881
0.9962
0
0.9842
0
0
0.9948
0.8568
0.995
0
0.997
0
0
0.9968
0.998
0.996
0.03
0
0.837
0.9904
0
0.9122
0.9984
0
0.9992
0
0.8978
0.9984
0
0
0
0.3896
0.9982
0.0076
0.0042
0.9986
0.9972
0.9986
0.0182
0
0
0
0.999
0.9988
0
0.9976
0.2834
0.8552
0.9984
0.998
0
0.9984
0
2e-04
0.7482
0.9988
0
0
0.9986
0.8362
0
0.9976
0.9988
0
0.0198
0
0.9988
0.9984
0.9992
0.998
0.9292
0
0.9974
0.9954
2e-04
0.9386
0
0.998
0.9984
0
0
0
0.9912
0.9978
0
0.9986
0
0.9988
0.9986
0.9984
0
0.07
0.9984
0.9984
0.0014
0.9856
0.9968
0
0
0.9978
0.9852
0
0.9474
0.9168
0.9976
0.9792
0
0
0.9982
0
0
0.999
0
0.9946
0.8672
0
0
0.9872
0.6584
0.9234
0
0.8522
0.971
0.999
0.9944
0
0.996
0.9956
0
0.9986
0
0.9988
0.9456
0.9992
0
0
0
0.995
0.9052
0
0
0
0.9984
0.0076
0.7822
0.0012
0
0.9974
0
0
0.027
0
0
2e-04
0.9962
0.0304
0.999
0.999
0.9986
0.5504
0.9986
0
0
0.9994
0.9986
0.9986
0.935
0.9986
0.9984
0.9976
0.99
0.9988
0.9478
0.9984
4e-04
0
0
0
0
0.9976
0.985
0.949
0
0.9886
0.9928
0.98
0.999
4e-04
0.0476
0.9992
0
0.9138
0.9982
0.9988
0.9982
0.7652
0
0
0.9986
0.9978
0
0.003
0
0
0.997
0.9986
0
0.3058
0.9968
0.9978
0.9988
0
0.9266
0.9986
0.7744
0
0.5142
0
0.9984
0
0.9978
0.999
0.9988
0.9784
0.9968
4e-04
0.8354
0.999
0.999
0.9746
0.817
0.9936
0
0
0.9988
0.9974
0
0.9888
0
0.0014
0.993
0.8504
0.999
0.9614
0.489
0
0.999
0
0.9986
0.9986
0
0
0.9988
0
0
0.7892
0.994
0
0
0
0
0
0
0.999
0.9986
0
0.9992
0.9988
0
0.9988
0.9974
0
0.9978
0
0.9986
0.9984
0.002
0
0.9978
4e-04
0
0
0.9986
0.9986
0
0.9968
0.9416
0.8682
0.9154
0.9986
0
0.9964
0.9988
0
8e-04
0
2e-04
0
0
0
0
0.969
0.0642
0.9958
0.9988
0
0.9672
0.9526
0.999
0
0.9892
0.999
0.9954
0
0.9056
0.9362
0.9988
0
0
2e-04
0
0.9986
0.9988
0
0
2e-04
2e-04
0.0196
0.9964
0
0.9764
0.9818
0.9986
0
0
0.9884
0
0.9988
0
0
0.9988
0.9408
0.0044
0
0
0.686
0
0
0
0.9996
0.9648
0.9984
0
0
0
0.9776
0
0.9626
0.9912
0.9886
0
0.9978
0.9984
0.9984
0
0
0.9868
0.9378
0
0.9504
0.999
0
0.986
0.9886
0.9836
0
0
0.999
0
0.9028
0.785
0.999
0
0.131
0.9982
0
0
0
0.9984
0
0.94
0
0
0.8126
0
0
0
0
0.9992
0
0.9736
0
0
0
0.0556
0
0
0
0.9638
0
0.9988
0.9984
0.9702
0.999
0.9862
0.9988
0
0.999
0.9988
0.1364
0
0
0
0
0.9966
0.999
0
0.9992
0.5406
0.9986
0.9674
0
0.3806
0.4012
0.997
0.9828
0
2e-04
0
0
0.611
0.1998
0.9982
0.9922
0.5434
0.9982
0.908
0
0.9978
2e-04
0
0.9956
0.9948
0.999
0.9986
0.994
0
0.999
0.0232
0.995
0.9972
0
0.9968
0.9994
0.0848
0
0.9992
0.9814
0
0.9914
0.9968
0
0
0
0.959
0.998
0
0.999
0.9986
0.999
0.9886
0.8662
0.9992
0.999
0.5986
0.9982
0.3018
0.0088
0
0.6244
0
0.9984
0
0
0.9978
0.9642
0.9988
0.998
0.0118
0.9958
0
0.992
0
0.9092
8e-04
0
0.9984
0
0
0
0.9918
0
0
0.9988
0.021
0.996
0
0.9988
0.6054
0.8166
0
0
0.3106
0.9928
0.9828
0
0.9986
0.9988
0.9992
0
0
0
0
0.999
0
0.9986
0.999
0.988
0.9986
0.9986
0.0564
0.9982
0
0
0.9986
0.9976
0
0.9988
0
0.9986
0.9978
0.9986
0.9984
0.999
8e-04
0
0
0.9014
0
0.999
0.9962
0.999
0.9972
2e-04
0
0.924
0
0.9912
0.9982
0
0.9986
0.0242
0.9982
0
0.8816
0.9974
0
0
0.8016
0.8388
0.999
0.999
0.9988
0.9988
0
0
8e-04
0.7154
0.9986
0.9972
0.9902
0.9984
0.9992
0.9988
0
0.9988
0.9988
0.9984
0
0
0.995
0
0.9988
0
0.9986
0.517
0
0
0
0.0122
0
0
0
0
0
0.9984
0.9984
0
0.999
0
0.9982
0.9984
0.9828
0.9802
0
0.999
0.999
0.9934
0
0.8684
0.9976
0.9522
0.998
0.9984
0.9978
0.008
0.9916
0.8976
0.9988
0
0.9052
0.9978
0.999
0
0
0.9566
0.9988
0.042
0.999
0.9978
0.999
0.6166
2e-04
0
0
0.9986
0.9982
0.0992
0
0
0
0.9984
0.8246
0.4036
0.999
8e-04
0.8946
0.9986
0.9406
0
0
0.8472
0.9984
0.9984
0
0
0.9808
0
0.9978
0.9846
0.999
0
0.0056
0
0.9928
0
0.9994
0.9992
0.9912
0.9986
0.9702
0.0044
0
0.999
0.9988
0.9986
0
8e-04
0.9138
0
0
0
0.2506
0.9944
0.9942
0
0.999
0.9986
0.9992
0.9982
0.9966
0
0.974
2e-04
4e-04
0.0012
0.9174
0.8074
0.9992
0
0
0.9964
0.999
0.0256
0.9442
0.998
0.9272
0
0.9976
0
0
0.1358
0.998
0.9966
0.9982
0
0
0
0.999
0
0.9986
0.567
0.9838
6e-04
0.999
0
2e-04
0.9972
0.998
2e-04
0.98
0
0.9986
0.9238
0
0.9988
0
0
0.9992
0.999
0.9986
0.9868
0.9954
0.999
0.998
0.9982
0.99
0.9982
0
0.999
0.003
0.977
0
0.999
0
0.9944
0
0.9988
0
0
0.9938
0.9984
0
0.999
0.995
0.8306
0
0.9984
0
0.987
0.9976
0.9914
0
0.9986
0
0.999
0
0.9992
0.9864
0
0.9982
0.3206
0.9988
0
0
0
0.997
0.0026
0
0
0.025
0
0
0.002
0
0
0
0.9986
0.9988
0.9748
0.9964
0.9844
0
0.9988
0.9962
