0.01
0.025
0.035
0.06
0.03
0.02
0.02
0.02
0.075
0.07
0.03
0.05
0.04
0.05
0.02
0.94
0.03
0.01
0.25
0.05
0.05
0.175
0.085
0.13
0.04
0.04
0.065
0.025
0.815
0.04
0.995
0.23
0.18
0.705
0.05
0.05
0.18
0.035
0.055
0.04
0.04
0.045
0.065
0.035
0.05
0.04
0.05
0.145
0.025
0.155
0.52
0.21
0.315
0.665
0.045
0.345
0.17
0.05
0.215
0.31
0.025
0.075
0.435
0.4
0.035
0.025
0.04
0.13
0.975
0.04
0.015
0.68
0.045
0.255
0.245
0.04
0.995
0.99
0.095
0.53
0.995
0.15
0.955
0.99
0.99
0.07
0.775
0.375
0.025
0.995
0.62
0.62
0.59
0.09
0.635
0.05
0.96
0.335
0.29
0.615
0.705
0.82
0.665
0.385
0.62
0.99
0.725
0.13
0.1
0.99
0.045
0.045
0.605
0.035
0.03
0.875
0.845
0.085
0.22
0.11
0.075
0.195
0.05
0.755
0.995
0.045
0.04
0.035
0.85
0.03
0.03
0.015
0.04
0.085
0.045
0.035
0.27
0.06
0.03
0.05
0.03
0.02
0.035
0.025
0.77
0.03
0.035
0.05
0.045
0.13
0.03
0.1
0.03
0.035
0.075
0.025
0.06
0.025
0.28
0.04
0.035
0.07
0.985
0.095
0.985
0.045
0.07
0.105
0.03
0.015
0.06
0.055
0.03
0.045
0.125
0.025
0.05
0.045
0.735
0.025
0.97
0.145
0.015
0.295
0.035
0.03
0.035
0.02
0.045
0.03
0.1
0.035
0.025
0.015
0.03
0.035
0.065
0.03
0.04
0.11
0.365
0.075
0.01
0.165
0.055
0.03
0.04
0.035
0.28
0.025
0.015
0.05
0.06
0.035
0.03
0.05
0.11
0.04
0.065
0.03
0.05
0.03
0.025
0.03
0.06
0.03
0.025
0.085
0.055
0.04
0.075
0.05
0.035
0.09
0.015
0.105
0.31
0.04
0.035
0.04
0.045
0.03
0.99
0.05
0.15
0.045
0.045
0.05
0.03
0.025
0.11
0.015
0.07
0.02
0.02
0.175
0.045
0.03
0.025
0.05
0.02
0.04
0.04
0.03
0.065
0.04
0.04
0.045
0.04
0.015
0.035
0.24
0.03
0.035
0.035
0.025
0.09
0.03
0.045
0.045
0
0.045
0.42
0.095
0.105
0.025
0.025
0.12
0.19
0.015
0.02
0.06
0.1
0.11
0.83
0.035
0.02
0.05
0.07
0.045
0.05
0.03
0.03
0.025
0.045
0.05
0.025
0.07
0.11
0.045
0.02
0.07
0.015
0.045
0.035
0.025
0.03
0.025
0.005
0.06
0.02
0.04
0.04
0.155
0.03
0.04
0.04
0.045
0.12
0.02
0.035
0.035
0.025
0.11
0.02
0.02
0.02
0.06
0.05
0.04
0.075
0.015
0.035
0.065
0.045
0.04
0.025
0.04
0.07
0.04
0.05
0.01
0.05
0.04
0.01
0.015
0.02
0.01
0.04
0.07
0.03
0.03
0.055
0.015
0.025
0.04
0.03
0.05
0.045
0.02
0.035
0.015
0.025
0.045
0.03
0.045
0.945
0.065
0.02
0.035
0.095
0.015
0.04
0.065
0.055
0.335
0.045
0.015
0.04
0.17
0.045
0.035
0.06
0.05
0.01
0.03
0.03
0.04
0.035
0.04
0.045
0.04
0.085
0.06
0.025
0.025
0.065
0.08
0.03
0.045
0.035
0.035
0.055
0.035
0.03
0.18
0.02
0.99
0.02
0.04
0.075
0.055
0.01
0.04
0.025
0.075
0.035
0.06
0.055
0.02
0.045
0.08
0.285
0.055
0.07
0.035
0.04
0.03
0.085
0.035
0.05
0.04
0.03
0.155
0.04
0.02
0.02
0.03
0.035
0.035
0.025
0.025
0.065
0.04
0.03
0.05
0.03
0.08
0.04
0.055
0.025
0.035
0.045
0.06
0.05
0.035
0.04
0.03
0.025
0.025
0.02
0.045
0.075
0.075
0.04
0.06
0.04
0.06
0.065
0.025
0.03
0.05
0.12
0.03
0.085
0.035
0.015
0.03
0.03
0.05
0.085
0.81
0.025
0.065
0.03
0.045
0.015
0.055
0.08
0.09
0.04
0.03
0.035
0.035
0.03
0.03
0.01
0.06
0.035
0.01
0.025
0.035
0.03
0.025
0.045
0.055
0.01
0.025
0.05
0.05
0.04
0.045
0.025
0.04
0.04
0.14
0.025
0.14
0.025
0.035
0.03
0.055
0.01
0.05
0.1
0.025
0.02
0.045
0.055
0.03
0.06
0.075
0.075
0.135
0.05
0.02
0.11
0.02
0.035
0.04
0.02
0.23
0.02
0.08
0.025
0.005
0.04
0.03
0.015
0.13
0.02
0.15
0.175
0.095
0.015
0.025
0.065
0.015
0.03
0.02
0.05
0.05
0.035
0.03
0.04
0.045
0.02
0.03
0.06
0.08
0.08
0.055
0.03
0.04
0.06
0.055
0.045
0.18
0.04
0.02
0.04
0.055
0.075
0.015
0.155
0.04
0.025
0.08
0.05
0.04
0.1
0.655
0.035
0.045
0.045
0.045
0.03
0.03
0.02
0.035
0.045
0.045
0.025
0.045
0.015
0.025
0.03
0.04
0.46
0.025
0.03
0.035
0.04
0.02
0
0.025
0.025
0.04
0.16
0.045
0.065
0.075
0.64
0.03
0.035
0.11
0.015
0.04
0.04
0.045
0.005
0.025
0.055
0.09
0.03
0.355
0.015
0.03
0.04
0.065
0.025
0.06
0.035
0.06
0.04
0.03
0.015
0.03
0.965
0.045
0.095
0.03
0.03
0.055
0.045
0.055
0.085
0.885
0.025
0.095
0.045
0.02
0.07
0.025
0.985
0.04
0.07
0.07
0.03
0.035
0.26
0.01
0.03
0.99
0.03
0.045
0.04
0.07
0.015
0.075
0.06
0.04
0.995
0.37
0.045
0.04
0.02
0.28
0.02
0.94
0.84
0.065
0.04
0.04
0.05
0.98
0.03
0.045
0.99
0.02
0.02
0.055
0.005
0.035
0.065
0.105
0.02
0.03
0.07
0.025
0.06
0.055
0.93
0.055
0.04
0.96
0.185
0.115
0.06
0.035
0.065
0.055
0.36
0.035
0.995
0.035
0.995
0.03
0.035
0.135
0.015
0.02
0.085
0.035
0.035
0.295
0.03
0.025
0.05
0.095
0.95
0.05
0.415
0.015
0.035
0.06
0.165
0.065
0.015
0.04
0.175
0.065
0.025
0.01
0.1
0.04
0.03
0.02
0.015
0.03
0.08
0.055
0.03
0.42
0.035
0.03
0.06
0.045
0.02
0.035
0.07
0.08
0.085
0.035
0.325
0.03
0.03
0.03
0.05
0.01
0.05
0.04
0.035
0.06
0.04
0.035
0.21
0.075
0.03
0.125
0.035
0.025
0.03
0.075
0.05
0.015
0.05
0.03
0.065
0.075
0.045
0.03
0.035
0.025
0.02
0.03
0.06
0.06
0.09
0.055
0.04
0.025
0.105
0.055
0.025
0.035
0.035
0.02
0.02
0.07
0.125
0.04
0.055
0.025
0.045
0.03
0.04
0.065
0.075
0.03
0.035
0.1
0.02
0.045
0.025
0.045
0.075
0.03
0.045
0.065
0.06
0.05
0.045
0.025
0.05
0.045
0.04
0.03
0.09
0.085
0.035
0.015
0.015
0.02
0.205
0.095
0.04
0.06
0.045
0.02
0.015
0.09
0.03
0.05
0.05
0.045
0.02
0.115
0.145
0.04
0.035
0.02
0.025
0.04
0.055
0.05
0.13
0.03
0.035
0.115
0.02
0.035
0.02
0.085
0.04
0.1
0.035
0.205
0.135
0.035
0.02
0.2
0.03
0.02
0.04
0.005
0.29
0.195
0.055
0.03
0.04
0.06
0.04
0.035
0.04
0.035
0.04
0.07
0.035
0.08
0.045
0.095
0.28
0.045
0.04
0.015
0.115
0.04
0.17
0.07
0.04
0.07
0.02
0.025
0.015
0.035
0.055
0.015
0.98
0.025
0.03
0.06
0.12
0.06
0.03
0.18
0.045
0.04
0.235
0.095
0.02
0.045
0.795
0.035
0.035
0.06
0.13
0.055
0.065
0.105
0.03
0.03
0.04
0.03
0.18
0.065
0.035
0.03
0.05
0.075
0.06
0.05
0.065
0.025
0.035
0.06
0.03
0.03
0.07
0.09
0.035
0.43
0.925
0.04
0.24
0.04
0.41
0.11
0.06
0.095
0.06
0.03
0.74
0.255
0.12
0.03
0.05
0.465
0.095
0.04
0.02
0.09
0.085
0.045
0.035
0.04
0.99
0.58
0.03
0.01
0.05
0.065
0.04
0.01
0.045
0.035
0.02
0.075
0.055
0.05
0.055
0.82
0.04
0.05
0.025
0.03
0.275
0.04
0.065
0.095
0.045
0.005
0.04
0.045
0.115
0.045
0.07
0.025
0.375
0.04
0.085
0.075
0.065
0.015
0.095
0.05
0.075
0.06
0.04
0.06
0.045
0.075
0.07
0.56
0.1
0.035
0.995
0.045
0.025
0.955
0.18
0.05
0.045
0.03
0.03
0.03
0.02
0.055
0.155
0.08
0.165
0.045
0.05
0.03
0.035
0.05
0.06
0.035
0.05
0.06
0.085
0.09
0.075
0.045
0.99
0.98
0.07
0.04
0.075
0.055
0.035
0.045
0.03
0.06
0.05
0.07
0.1
0.165
0.01
0.14
0.045
0.045
0.025
0.02
0.03
0.045
0.975
0.055
0.315
0.11
0.055
0.035
0.035
0.05
0.025
0.03
0.935
0.995
0.055
0.165
0.025
0.975
0.015
0.035
0.32
0.03
0.865
0.055
0.04
0.095
0.975
0.075
0.03
0.04
0.035
0.99
0.06
0.025
0.045
0.99
0.065
0.08
0.025
0.055
0.015
0.025
0.015
0.07
0.055
0.065
0.04
0.025
0.04
0.04
0.05
0.34
0.06
0.05
0.06
0.045
0.03
0.03
0.025
0.515
0.025
0.05
0.465
0.02
0.05
0.04
0.115
0.02
0.025
0.045
0.125
0.025
0.155
0.035
0.055
0.115
0.03
0.15
0.05
0.06
0.03
0.985
0.795
0.02
0.17
0.03
0.02
0.04
0.05
0.965
0.13
0.055
0.105
0.265
0.45
0.04
0.04
0.11
0.65
0.065
0.02
0.115
0.645
0.02
0.92
0.165
0.99
0.18
0.03
0.99
0.52
0.025
0.06
0.99
0.035
0.1
0.04
0.77
0.025
0.995
0.125
0.07
0.02
0.54
0.015
0.035
0.035
0.905
0.24
0.97
0.8
0.1
0.025
0.605
0.305
0.02
0.235
0.07
0.545
0.04
0.03
0.67
0.83
0.09
0.05
0.065
0.06
0.18
0.125
0.035
0.105
0.425
0.105
0.02
0.04
0.21
0.51
0.045
0.065
0.06
0.08
0.055
0.055
0.03
0.03
0.03
0.015
0.065
0.04
0.085
0.045
0.035
0.065
0.065
0.035
0.03
0.2
0.035
0.025
0.065
0.36
0.045
0.14
0.04
0.03
0.035
0.04
0.225
0.09
0.105
0.075
0.055
0.145
0.12
0.025
0.075
0.065
0.18
0.04
0.03
0.035
0.04
0.035
0.045
0.04
0.015
0.025
0.1
0.06
0.02
0.08
0.075
0.03
0.085
0.12
0.06
0.015
0.03
0.12
0.04
0.07
0.03
0.91
0.05
0.8
0.07
0.165
0.03
0.04
0.04
0.06
0.07
0.03
0.075
0.045
0.105
0.045
0.02
0.035
0.035
0.055
0.04
0.19
0.03
0.11
0.095
0.02
0.225
0.105
0.155
0.07
0.55
0.02
0.525
0.745
0.055
0.99
