mu[1,1] mu[1,2] mu[2,1] mu[2,2] tau[1,1,1] tau[1,2,1] tau[2,1,1] tau[2,2,1] tau[1,1,2] tau[1,2,2] tau[2,1,2] tau[2,2,2] probdiff predOne[1] predOne[2] predTwo[1] predTwo[2]
0.565192493423222 0.964497770401433 0.974470036928602 0.975845806028149 90.6420014265951 -55.7614552355989 -55.7614552355989 38.7629326277761 2.34569975924456 -1.79562650576489 -1.79562650576489 2.06251613001631 0.0272877831675392 0.833253671713651 1.35262299408437 3.206971149533 2.64354624698298
0.588932115575227 1.00461435973588 1.01669803735678 0.885147757648187 91.8720811105589 -56.8112902233776 -56.8112902233776 39.779041097371 5.51764617920714 0.495427521602052 0.495427521602052 3.00045554764281 0.10993322215494 0.905614679214993 1.45804404784879 0.09789477684613 0.356255844683913
0.612085426548624 1.0013365953825 1.04328611401376 0.870092122159942 78.4228388483748 -48.1261110438162 -48.1261110438162 34.1130837902124 5.83062247666244 0.348563235536378 0.348563235536378 3.12767777078371 0.160325387945687 0.795706927281851 1.24815227919547 0.877968114730323 0.0638979739274256
0.629923463120025 0.98836569974627 1.08155427956203 0.842410489530837 97.8412814751389 -59.156104082566 -59.156104082566 40.2691227029356 5.46749990199001 0.583599194148527 0.583599194148527 2.84037973529923 0.237100961659079 0.641434668061577 0.898094014010994 1.75290095353888 -0.301031613987435
0.637494590191331 1.02661816240853 1.08883704369238 0.794945880857134 93.3454293448902 -56.5128514237308 -56.5128514237308 38.4877549185503 4.63837526472287 0.227749507659364 0.227749507659364 3.33733242386624 0.307342314019691 1.16714075159545 2.08091621967441 1.05185356800979 0.356909054151579
0.649665647359234 1.03495696530536 1.10936644149884 0.709472236224468 86.2988543034427 -51.2286657943764 -51.2286657943764 34.6658864980144 4.79068132012409 0.32808231368569 0.32808231368569 3.87733167647944 0.379552209459689 0.846830482483444 1.69885632874014 1.22705937094916 -0.871834056499083
0.652618094588774 1.0801455186143 1.12133633772401 0.672437094978653 84.085279059191 -48.8982533409186 -48.8982533409186 32.5940591282336 4.72335978180291 0.375893592610514 0.375893592610514 4.21372350498071 0.427290964679414 0.612334274693691 1.13253222758511 0.925590431678348 1.07394357405032
0.665765724430104 1.03818587238403 1.14227348815196 0.550015161712485 83.5363043192784 -48.2981691241482 -48.2981691241482 32.5654559158691 4.75171773249076 -0.463134926830388 -0.463134926830388 5.71527776034498 0.443845886890878 0.0463017332925938 0.397653045056563 0.710227475871385 0.139775275726079
0.684263731465499 1.0792429126062 1.16439935163511 0.483742133559572 78.7852799360039 -46.2389238963356 -46.2389238963356 31.5121484453765 4.97168791688672 -0.537982668131933 -0.537982668131933 7.78597612098323 0.502108371629315 0.772337112548706 1.30011975585695 1.05015603840534 0.510861961288475
0.674773360809278 1.11100791229542 1.15397671649278 0.468931451363896 72.2759812388348 -42.3033338520819 -42.3033338520819 28.7470215748774 3.93015909444722 -0.92488796524744 -0.92488796524744 10.4795243290829 0.522093969769961 0.74670793388867 1.63988693515057 0.571079893443419 0.484164391585365
0.67897272056395 1.07621213676358 1.15655860483413 0.442162164054621 68.9127419898054 -41.5237278836498 -41.5237278836498 29.464585935334 4.50075149188156 -1.86528625110766 -1.86528625110766 13.9284154599957 0.553289171139869 0.651732815806383 1.08904812020656 0.920471162565264 0.300937364303555
0.682386541446274 1.16294965928936 1.16293694830493 0.445082293458327 71.7435604960158 -42.8881666342359 -42.8881666342359 29.7313732906936 4.29255656869455 -1.15024925487113 -1.15024925487113 14.8364327316312 0.542219747986081 1.06190646487056 1.71210968374479 1.77378544183249 0.275706932051978
0.670326557001355 1.09356294670311 1.13644106770059 0.451919320653356 70.3766973924047 -41.5471302574884 -41.5471302574884 28.6931007540591 4.36052540712397 -2.0127108205004 -2.0127108205004 15.343700758778 0.482811869145535 0.620615145339334 1.12837119095526 0.239989961239367 0.490345173275677
0.67782241968972 1.1232770415298 1.15146734220166 0.439925713734072 67.6351347646665 -39.2351538947959 -39.2351538947959 26.911971043871 4.15075089444059 -1.43355942472847 -1.43355942472847 20.1152024028728 0.555536198730952 0.88499679783133 1.16929232275672 0.768460334157496 0.493014721294345
0.684084798204826 1.12863074670986 1.15677212182483 0.428952060646177 69.5962531441652 -40.3886224858423 -40.3886224858423 28.0205266482341 4.75866262249799 -2.22869893136048 -2.22869893136048 20.0441391810393 0.598223835535729 1.07641891810509 1.77733968165563 1.3483351562382 0.537409748769944
0.669049214937747 1.14096781242589 1.13522495129172 0.432962982645981 70.3123202568835 -41.3164665698634 -41.3164665698634 28.5600134474813 4.88217881197734 -1.66365672350455 -1.66365672350455 19.1652724106208 0.57463538268203 0.7500792931638 1.08700465187751 0.996789533770629 0.302748924352278
0.691259647778514 1.09861323966808 1.15591575841012 0.430307409112089 62.4519470050287 -35.7875311017639 -35.7875311017639 24.7129091465144 4.06330200443744 -2.21525965763388 -2.21525965763388 18.9600316972672 0.581498468143778 0.547430874142762 0.895228920785607 0.604409564552544 0.373710623748091
0.685899028542923 1.09165379305656 1.14833624084444 0.416298645880927 66.2228880625029 -39.1464529824107 -39.1464529824107 27.6247382230729 4.78793326433224 -3.20890487434523 -3.20890487434523 23.3082687214925 0.587504549427734 0.481517150109548 0.574216563629941 1.02118572514839 0.371833407152646
0.690777799504146 1.16431105193534 1.16283667634537 0.412529724201641 67.7387946909143 -38.9297664106431 -38.9297664106431 26.7970988833712 5.1370338890522 -3.75207885873592 -3.75207885873592 22.2635135201828 0.549193065059745 0.177926385185084 -0.0503877673758066 0.869686033454773 0.171828916464768
0.681280667167025 1.14860567586127 1.15676690125658 0.427397177768492 61.4036781514073 -36.7509013155859 -36.7509013155859 26.4108105250656 4.83250227423146 -2.30419693493323 -2.30419693493323 21.7299665656495 0.555939820973949 0.77968414500043 1.08533632199148 1.14079506635888 0.410278831087964
0.67504948126713 1.14583820130439 1.13643184831422 0.424739575658808 64.3774481862702 -38.2991202784217 -38.2991202784217 26.9890557966563 4.16813525378487 -2.47820014825979 -2.47820014825979 23.6771649289528 0.570313518568737 0.358203084396024 0.65387927407998 0.960772888466182 0.671269708114527
0.676229198333369 1.11639580361118 1.14228233362903 0.441189827929014 60.3294744185113 -35.4078664470057 -35.4078664470057 25.3505700314015 4.67607137741786 -3.32548934041978 -3.32548934041978 24.2873784962026 0.554168096810375 0.994587361620588 1.69344917195051 1.33748816949752 0.395363922923698
0.686000125409813 1.14678515475808 1.16924886953167 0.423039055994483 69.0392474101504 -41.3708265693643 -41.3708265693643 29.0394997359968 5.01264494976243 -3.34627562546399 -3.34627562546399 23.0553079169149 0.590817464974797 0.556845437646735 0.971314790905959 1.31727033627789 0.297853811708909
0.678854332386722 1.12718205825816 1.15690115611789 0.429707734378609 67.5963351655359 -40.8848747471899 -40.8848747471899 29.1052811356078 3.81379134700919 -2.75688065053838 -2.75688065053838 22.9536240227751 0.563629801403026 0.917283389492075 1.42222242597583 0.766009805741074 0.352354904827525
0.685617923406164 1.09623606130173 1.15439798586008 0.423338248658002 65.4346039274081 -37.9262362257947 -37.9262362257947 26.6691066324683 4.4225441185101 -2.24029485435285 -2.24029485435285 22.2708015895478 0.562310980273282 0.653031406767217 1.53710214825288 1.38491743158239 0.610496857511258
0.670378369328131 1.11959698848969 1.14193242703322 0.415940070536219 66.9990822232789 -39.2547866957503 -39.2547866957503 27.6232658157147 4.01880704218034 -1.8555748114875 -1.8555748114875 22.0394422927432 0.565334291722299 0.452632775904055 0.928067473540543 0.716912782427105 0.0985737618120247
0.681904398316511 1.16803070483823 1.15435026615892 0.424371550775724 68.7652530100457 -40.650224930115 -40.650224930115 28.5649828504272 4.72741203525007 -2.70690486267263 -2.70690486267263 23.7402591101418 0.564119714058646 0.889882541330607 1.67774407335391 1.58627002410296 0.615172194268627
0.667721960116412 1.10005253626621 1.13255310983449 0.431363240838172 71.690788816694 -42.2814845399691 -42.2814845399691 29.5150393119959 4.73062213639586 -3.44030674004334 -3.44030674004334 24.6941203426837 0.535010056286029 0.316183993575629 0.862850087517425 1.31263934626273 0.41822963786451
0.682826453525267 1.10944210922299 1.16056666002356 0.412890913786862 66.1575422269332 -38.4974047687262 -38.4974047687262 26.6447277938733 4.49844066215685 -2.15295878584796 -2.15295878584796 19.7298445949954 0.553056000185307 1.02152476753139 1.72810541647106 0.761347779392524 0.13168195306982
0.686311058933932 1.07211680567985 1.15703323446745 0.429862036141749 65.1452036869049 -38.0761427291137 -38.0761427291137 26.4298781971867 3.83290732121443 -2.15119347673689 -2.15119347673689 19.9940314048768 0.553833422713923 0.799235898626441 0.929737749470114 1.58017965953244 0.23222265293252
0.674148717723657 1.09844234083089 1.14031702155396 0.419863151335043 71.2657001593561 -41.1164931995368 -41.1164931995368 28.211057306162 4.4390054918307 -2.11179075295411 -2.11179075295411 19.0826378978366 0.520260441109269 0.894959439934054 1.01514757033387 0.953917887704946 0.616997997097305
0.676908728814014 1.13490079796357 1.15436604953733 0.430724103448369 65.4836231377419 -38.8052273711458 -38.8052273711458 27.2597977764072 4.28386373274239 -1.47743778675585 -1.47743778675585 21.0355498953291 0.553390199360391 1.22917628332833 2.04729717109791 1.13714358628091 0.408843980909173
0.673275938720445 1.05067382737847 1.13950971072405 0.43857468636892 72.0602039435403 -43.3746826182075 -43.3746826182075 30.7006802900156 4.54089567434353 -1.88199149921524 -1.88199149921524 19.8670859113547 0.540097466408375 0.612082311545638 0.954762226183935 0.81014244468452 0.469150941422767
0.694588910417463 1.11931561810408 1.17550815373442 0.42681777253197 66.1867149543758 -40.3387720922913 -40.3387720922913 29.1973416998644 4.45705858282212 -2.81901863669011 -2.81901863669011 20.8987777589136 0.579760767008314 0.636411572560884 1.15914703152069 0.108403600797179 0.673247410455702
0.686322612732097 1.12348119717943 1.15985256128926 0.415087821650971 59.1521529639696 -34.662799257573 -34.662799257573 24.8134504061599 4.61429029624653 -3.50653244241669 -3.50653244241669 21.3203236468321 0.612836471032983 0.3929033132416 0.58974426458037 0.237500655820703 0.375978894273529
0.681437423331842 1.15982519653529 1.14866389349398 0.419985223877831 63.6370942024302 -37.5995408813163 -37.5995408813163 26.7197147877637 4.51551846334263 -3.11802606185434 -3.11802606185434 22.4844086709865 0.550716532129257 0.819852913181012 0.816208974213513 1.23257665393185 0.44773839938016
0.680782285559609 1.14494543966275 1.14941434928353 0.423711502804389 61.6861034363881 -36.0527631216822 -36.0527631216822 25.6421059717087 3.80357861785748 -2.18455496712722 -2.18455496712722 23.3130163382877 0.573499379373914 0.804355021830518 1.58576181352662 0.8560667239609 0.493395138891452
0.677350178834326 1.13861022446132 1.13809104116684 0.419591004427249 67.6326258009695 -40.1583216823757 -40.1583216823757 28.1432211333964 5.00556906943053 -3.15900345116438 -3.15900345116438 22.183230000542 0.554671009028919 0.914436352971815 1.57991960285161 0.34804311629259 0.282682825402211
0.680504755401771 1.13878419057897 1.15124221221431 0.423998908083213 63.2878717429792 -36.7530854803966 -36.7530854803966 25.5021212002313 5.12494083131487 -3.51361228815917 -3.51361228815917 20.5811367958021 0.585864363613114 0.44583403229943 0.296670639578649 0.888417020612138 0.616175888772105
0.675018212713015 1.14427377560641 1.13774425871455 0.422746183732762 62.7229956335328 -36.5396876616173 -36.5396876616173 25.6294033377369 4.28484790251405 -2.06830085350693 -2.06830085350693 23.3880192985375 0.584823726257372 0.353690319483614 0.624955610073541 1.71051957887416 0.594341088419322
0.680911705478725 1.15215970645662 1.14693539389287 0.415734517381585 62.1609434946159 -37.0397760131357 -37.0397760131357 26.3308117092962 4.76751904038806 -3.3040424085054 -3.3040424085054 25.5854434970561 0.613009400974695 0.682566659182424 0.929728985384219 0.949363052200167 0.398816376727499
0.681349583755181 1.15633179381201 1.14860894237558 0.421057342218241 60.0417786298203 -35.8533206394415 -35.8533206394415 25.755791429815 4.83533258750308 -3.24888946734008 -3.24888946734008 23.8254988443215 0.575955512270436 0.723899077194778 1.57429915539264 0.949367967809482 0.337973005881385
0.685662622650738 1.1317598093998 1.15314753014688 0.425827794421256 60.8689664066252 -35.5757830000793 -35.5757830000793 25.3493238131709 4.30332559619719 -3.82493975101811 -3.82493975101811 22.8194027143697 0.554385745884942 0.516860175417144 0.699837841254193 0.552375580509319 -0.0186923662684261
0.67680825799504 1.14408932846481 1.14127795345948 0.431039265255377 68.8671440262018 -39.6463782986406 -39.6463782986406 27.3305713659142 4.49269056905073 -3.05221815857935 -3.05221815857935 22.4471595347923 0.595316284488106 0.788406719993182 1.25561633129971 0.600164316982338 -0.00454933628577536
0.677467576465273 1.14596989775032 1.15058919785862 0.437712156937944 64.8429657677072 -38.1252595062643 -38.1252595062643 26.7836666996583 4.75686481612122 -3.04827229836939 -3.04827229836939 23.1333210164913 0.577402608320404 0.854713415033747 1.20063398393025 0.0924556264219378 0.366249920878635
0.694104316727305 1.12464927827264 1.16344239936708 0.405545338686442 62.5302616541115 -37.2335057499314 -37.2335057499314 26.4908921136097 4.44277480486083 -3.47369372438484 -3.47369372438484 24.4912592485374 0.589807770408765 1.63849386388237 2.38465937111769 1.44409740684382 0.614034572205595
0.689266971183344 1.14895651072454 1.15985894543658 0.414073731123119 67.2308519006202 -38.2698009318278 -38.2698009318278 26.0993878877252 4.59296522218183 -3.18264530691181 -3.18264530691181 26.3584929550348 0.576635711336222 0.715556590552511 1.43784603186347 1.59296577627582 0.417196689399368
0.678267274392971 1.10731633475884 1.14292682254375 0.414449668868703 62.1769491375265 -36.6635115122988 -36.6635115122988 25.973260417114 4.60710936991467 -4.06378853392021 -4.06378853392021 25.4818904192134 0.569436713845903 0.0299451849159265 0.0742966321779494 1.51158248201013 0.637952020165416
0.686902551339627 1.09206274612797 1.1623280970299 0.423286167632326 66.1552146231436 -38.7224613403534 -38.7224613403534 27.1332758547171 5.04463689497015 -3.23000522944186 -3.23000522944186 21.533376431804 0.548149896289644 0.732069852921949 1.40611707223071 1.1891719523825 0.405441894649847
0.673401497013108 1.08245198176266 1.15052047406204 0.412723222982448 65.6254098873348 -38.4268133646132 -38.4268133646132 26.9960353028686 4.36803837333196 -2.76372108025091 -2.76372108025091 22.1721884926161 0.589103577181457 1.00582143081735 1.23147832180703 0.797416830511568 0.582611707876973
0.682509114543601 1.12384587644051 1.14557397063487 0.43153940351185 70.1214359157913 -40.8489783746556 -40.8489783746556 28.2774100863457 4.18052515664086 -2.474109648522 -2.474109648522 24.3140355440705 0.555968249937323 0.272792465928352 0.439942351495398 1.55257689254793 0.464863190528157
0.675534643081981 1.13160832569584 1.14132999581242 0.416903829280926 64.6546483073148 -37.7776967275189 -37.7776967275189 26.5594985360881 4.6935419512303 -2.81393734510583 -2.81393734510583 22.460604411698 0.585028642586983 0.758433357235059 0.963056081910741 1.05849598903086 0.462200180028916
0.677818357988715 1.12529264259062 1.16209885956559 0.43306906954178 62.5802620472947 -37.0538491286205 -37.0538491286205 26.1994940592908 4.45982120292561 -2.57823974728355 -2.57823974728355 22.5131569540976 0.568472913248982 0.3180684668377 0.333988816353003 1.30817402337393 0.447728451332803
0.67560012410032 1.15992761676878 1.14584310937821 0.412294993024647 62.1867342465008 -35.9278607377077 -35.9278607377077 25.2167497522344 4.13040823267065 -3.70324058081583 -3.70324058081583 24.3268045957707 0.578573873115644 0.416487969676789 0.90947187608649 1.11928674611 0.417238069686575
0.656971303545308 1.15188183481901 1.10911465845835 0.411404440098759 61.4455670918553 -36.3745969655392 -36.3745969655392 26.0177855058492 4.80046189173439 -4.53140662963481 -4.53140662963481 28.4365584661539 0.576388690733864 0.579229755642907 0.987815672299366 1.36703330382816 0.0473570922662657
0.680954880668407 1.11195809693892 1.15838668756004 0.38704580405056 59.0900094070906 -34.772377437476 -34.772377437476 24.8415907857717 5.3426233938496 -4.65155591494485 -4.65155591494485 25.7077583237391 0.570036170987188 0.920216222360308 1.62217130195827 1.19567626559654 0.418398488802955
0.687031846400032 1.1636086173339 1.16149898401751 0.406525764901881 57.0476473498469 -32.861242289291 -32.861242289291 23.540901078153 4.80807029741999 -3.88261996855097 -3.88261996855097 24.4908975382165 0.622172833174256 0.717332996401625 1.20985356979181 0.732805271687902 0.0735559773707824
0.694421271059875 1.11919162106764 1.15964641338343 0.396355664568804 56.8756889986894 -33.2297121564384 -33.2297121564384 24.0281640842784 4.47702358358546 -3.79534635496979 -3.79534635496979 28.4874505324538 0.552553566275817 1.13681786775511 2.01939149104728 1.09401129654428 0.520111051667103
0.671214182070668 1.12601199046508 1.13956265096954 0.397223708763788 60.7277013331714 -35.3012528580056 -35.3012528580056 25.3283818276097 4.41902550687461 -3.95590179821792 -3.95590179821792 27.7336782362535 0.562959300598809 0.755856454797776 1.31271318338213 1.67563650578385 0.202701308969579
0.67278561590329 1.10417265318477 1.13706695323236 0.415163936001699 60.7015337325762 -35.9551556455318 -35.9551556455318 26.1004333604966 4.60288458708854 -3.76046507019548 -3.76046507019548 27.5569258800975 0.582445517464072 0.664370254765176 1.12801095475605 0.493120461918128 0.235197644601692
0.683799109171804 1.1466947050732 1.15133512111197 0.409671767480108 58.9590943707808 -34.6062439308807 -34.6062439308807 24.9737446470401 4.55949864483839 -3.59811223710867 -3.59811223710867 22.5937169154264 0.58674451622617 0.344226221625948 0.640206929067438 1.32444954519319 0.176045829327889
0.680537379327356 1.13549386857028 1.15603115417005 0.399822525471408 62.3332328468875 -36.6656961119698 -36.6656961119698 25.9845514946812 4.58747888726004 -3.11311447306724 -3.11311447306724 23.8326663777932 0.552561989417155 0.81844387546071 1.30177602801199 1.41330305007978 0.209243462961714
0.68395534333866 1.06977692198771 1.15162661339284 0.390815073009866 63.5499369386596 -37.3066092442761 -37.3066092442761 26.4938350206125 4.6827268096448 -2.60413945056662 -2.60413945056662 20.5451907103993 0.581566088075367 1.18001393486708 2.21659490739144 1.90516245825401 0.44221041490907
0.673881146611605 1.12433119282792 1.13638279556019 0.420798888789509 72.1478735295294 -42.1957789650451 -42.1957789650451 28.7594333381455 5.2188301965961 -2.89370214077994 -2.89370214077994 23.2237441630787 0.538829413945815 0.665166481659912 0.719121488269899 1.13289917139598 0.0168126019294283
0.687662658522094 1.11732415904835 1.16505792495463 0.422795777884735 66.172743294423 -38.8155119949888 -38.8155119949888 27.0180928490576 4.41473050287175 -3.26305206663884 -3.26305206663884 22.5678979445966 0.534773330637071 0.23035917202761 0.620021794483482 1.67705467081887 0.530677042661801
0.670164277175415 1.17994710859335 1.14303106764426 0.432948607393901 64.1722330988999 -37.6123705914276 -37.6123705914276 26.5737580585621 4.07880983631159 -2.64606896413714 -2.64606896413714 23.1270650849147 0.558064402847098 0.370707666221046 0.620237746033066 1.56081514301287 0.341029958776051
0.684444693107123 1.11435423787383 1.15037480852301 0.410548765183452 63.9460340669679 -37.2418532284996 -37.2418532284996 26.4254341312238 4.99720123170897 -3.29595394669759 -3.29595394669759 26.1348392050875 0.578565018961848 0.586686338309417 0.896498628506257 0.920598259314944 0.402251763343749
0.685680862888459 1.16802956713416 1.15674460469967 0.421671010923399 64.8920264254432 -37.2920304643377 -37.2920304643377 25.8286282762375 4.53726473319743 -2.51525745600532 -2.51525745600532 24.3949875784367 0.587818085550511 0.725393981495282 0.96727663735471 1.36211970938563 0.60807218210109
0.679790851865429 1.13545820698996 1.14808139909725 0.413014141488823 61.3626992380872 -35.8220299001702 -35.8220299001702 25.5089128693069 4.49337704256953 -3.48398429277594 -3.48398429277594 21.5991859612332 0.562912021515592 0.329594498595394 0.792149654722613 0.99757062940294 0.195679872563876
0.686864663445018 1.12798521948251 1.15502978594175 0.40647630086336 64.5235033719459 -38.0199425851076 -38.0199425851076 26.628883335997 5.51039395935162 -3.67777621700675 -3.67777621700675 22.8559817035953 0.57058925055866 0.866440687607044 1.53544496592624 1.02819056214752 0.250127216602819
0.671445538958098 1.17530790741353 1.1341389921266 0.432202551926016 66.1461768758601 -38.3993535749778 -38.3993535749778 26.6574262394581 5.08932725037447 -3.87491667102139 -3.87491667102139 25.2679958202012 0.585438147078497 0.997576204647054 1.7764095625658 0.482196443185842 0.328283221184224
0.686253246275905 1.10903377954832 1.15948191613894 0.40684233671259 68.6051562768097 -40.1195812359121 -40.1195812359121 27.9313033148429 4.80345362352003 -4.32144747350123 -4.32144747350123 22.4825909813682 0.597264259962802 0.679333703735415 1.24291181948466 1.29735160735106 0.239454076463592
0.68662158717212 1.09306559171005 1.15551577598284 0.420277969536657 65.5589798064663 -39.0665971191777 -39.0665971191777 27.7043209966738 4.40322461325745 -2.81319148243274 -2.81319148243274 23.8228122916365 0.553679089089763 0.865240650104493 1.38501897975581 1.87355908825631 0.3069161288607
0.69650115959491 1.12953260540829 1.16531789031534 0.425966261169751 65.4317358216441 -38.831129284798 -38.831129284798 27.2665724230004 4.50251486322751 -3.54972455882613 -3.54972455882613 26.7231139509938 0.557608835336583 0.332938812314945 0.709220444485969 1.41715709133831 0.425792519465735
0.669289849491611 1.14129016896887 1.13785312508306 0.417450515376518 66.5330196020312 -38.8654361020718 -38.8654361020718 26.9750185287389 4.4125124593482 -3.37479785478989 -3.37479785478989 22.1979057995934 0.575647427529601 0.847595312965745 1.47855565447832 1.78077974865269 0.714588301797874
0.678622281217738 1.1318433175181 1.13905763580162 0.411989098635087 63.4348552141446 -38.1016386173381 -38.1016386173381 27.2859337013409 4.08857300512817 -2.93665321703772 -2.93665321703772 21.5250329110985 0.570325483070506 0.807384450376269 1.52109256546843 1.55303933099143 0.13232711160831
0.682304273294772 1.13504338113998 1.14688200644024 0.418338739438789 68.8934543915683 -40.4810497952074 -40.4810497952074 28.2705288882895 4.47712811688269 -2.65294714194988 -2.65294714194988 24.4496428769916 0.570271942222241 0.656927319563558 1.10514721533895 0.937799218315025 0.18574096715917
0.675893892564033 1.11151038395846 1.14574952846162 0.419147724927073 64.6537915996577 -39.0710599128978 -39.0710599128978 28.2518340837661 4.19401653595627 -2.55669904863078 -2.55669904863078 22.2877780463877 0.587149206138546 0.807275696419293 1.33047027377845 1.16192650238661 0.305377838578761
0.686938024839106 1.13381811071887 1.16441252541786 0.422451859153137 58.3171734983957 -33.8754412671151 -33.8754412671151 23.897975193806 4.20270565159598 -3.28674350268643 -3.28674350268643 24.8805981141362 0.586576891804507 0.0622509514289455 0.162942294132634 0.548159312420356 0.349226541525217
0.682360922591934 1.1117638456024 1.13882873429376 0.413850211054651 60.5593257030447 -35.1296827670956 -35.1296827670956 24.8744578232116 4.36045496668857 -3.12703967840451 -3.12703967840451 25.308141030019 0.589355421760478 0.617017805148019 1.22373042794461 0.790687680026598 0.739105325507941
0.691113694385123 1.12025684031401 1.1622459427479 0.384945388877616 61.8176909505486 -35.7935070583761 -35.7935070583761 25.1479241805878 4.4671341357848 -4.07117283001874 -4.07117283001874 28.0407078515488 0.575298288460307 0.822347202152171 1.16064293566468 1.70007783450711 0.470433177518863
0.687179406584377 1.14094958513683 1.15891022202031 0.390484523596741 57.0296848028982 -33.1522728808763 -33.1522728808763 23.9127257144901 5.01181885269853 -4.81340485959793 -4.81340485959793 29.3095173160053 0.578113185097855 0.592999364417064 1.26975304745067 1.04353627733874 0.261513978547807
0.677977427708423 1.11919752796753 1.14196261101157 0.4117635035054 60.8105251166836 -35.1007417726903 -35.1007417726903 24.6799016592885 4.96019639181883 -3.44342339976424 -3.44342339976424 24.5559361173039 0.592889728612815 0.542204276496427 0.69695863000623 1.20468013163903 0.389714051417577
0.695823321601809 1.13205826038327 1.1733685449217 0.414794566812218 61.5062916662445 -35.9492608268507 -35.9492608268507 25.5805111567769 4.67163808431437 -3.54836030044306 -3.54836030044306 24.5377160595409 0.58066607184813 0.571119717918514 1.1549765728617 0.947026441656209 0.228341407194638
0.683915524004424 1.10699803960708 1.15533113209641 0.408899387421676 63.6689131126414 -38.0562238386532 -38.0562238386532 27.464342238042 5.02516776094581 -3.49048558646467 -3.49048558646467 25.3682998992062 0.56274994334676 0.266163828411424 0.496453352981977 1.01534160415335 0.325077900280593
0.675500572708834 1.14094249186328 1.14589757205814 0.4235869780197 59.7731722233358 -35.635706920953 -35.635706920953 26.2454645649993 4.13415004847609 -3.05317651438949 -3.05317651438949 24.4079787987461 0.557569068537933 0.79436896708315 1.32324879996606 2.00444157391978 0.470380884404085
0.694664658494472 1.11655978440816 1.16064963547453 0.417321447816111 59.2804858430558 -35.0290383945815 -35.0290383945815 25.000128121781 4.82174527426231 -2.99684035703869 -2.99684035703869 22.2414987043389 0.550564914665086 0.340244898543132 0.572018494597087 0.95823301325036 0.0110947315628326
0.684936093607289 1.12756406330329 1.1632452484223 0.439761976509576 61.5616236272301 -37.018034377662 -37.018034377662 26.6049470811947 4.5731823178946 -3.45406427659765 -3.45406427659765 23.3165672297728 0.573610390324672 0.32024434860631 0.590308577856 1.25322058514034 0.313256432124617
0.680629009852137 1.09053296312113 1.15627868479638 0.41415217822266 64.752631030034 -38.1620599526693 -38.1620599526693 27.1777135081171 4.18595253856935 -3.95730973607388 -3.95730973607388 25.8123052857981 0.576643105814388 0.450962398818633 0.745575404500317 1.1327948088797 0.485863394417079
0.680164029572442 1.10016746710657 1.14734671094386 0.415550711545087 65.2801036005418 -38.1137993188238 -38.1137993188238 26.7572232737663 4.69101337521086 -3.22751216378734 -3.22751216378734 24.034556462099 0.584025862950027 1.27058211418366 1.95012551445577 0.501316459615053 0.19885394141326
0.685258885799731 1.13101748272593 1.15806328992443 0.413175916040286 63.6899425314755 -37.6020427952164 -37.6020427952164 26.8340241270261 4.24683214761466 -3.1349927186107 -3.1349927186107 22.0483327612658 0.57538144312784 0.545183749941782 0.836339686959644 0.0660056114779392 0.0599653931343482
0.683042776082734 1.1418669530575 1.15031780687485 0.410236187619801 66.3569828363734 -39.3691866802439 -39.3691866802439 27.7408269948268 5.69170346976365 -3.43145744729388 -3.43145744729388 21.2148382127932 0.558449634355245 0.188152625351865 0.610381241949481 1.47937472993982 0.5991209631939
0.669857357322571 1.15920853154995 1.13971491101139 0.404390768647468 63.2973869729288 -36.3429425474731 -36.3429425474731 25.5555626037042 5.03380870485807 -3.57590635336379 -3.57590635336379 24.1454936581544 0.551247718601179 0.461229081323492 0.77754302924705 1.44097900762341 0.471538410211739
0.69262864547891 1.18252314755746 1.16700977563404 0.423397742478969 62.971392103653 -37.0773007301976 -37.0773007301976 26.5382402636074 4.03534157767109 -2.85070896870612 -2.85070896870612 21.7806133092113 0.565657790884583 -0.221162752347708 -0.48572924162568 2.04446617253164 0.706763797504062
0.665132629653351 1.16242874621519 1.12845146994969 0.420753909553309 63.5581854535226 -38.2823838902206 -38.2823838902206 27.4496229663549 3.9627294878747 -3.63648729091417 -3.63648729091417 26.220278890734 0.58923142610118 0.575957797888909 1.21760712029704 0.314137518716232 0.32191019925335
0.688760514679759 1.13495738790847 1.17363874859127 0.410885422804752 57.2747575401142 -34.5408029400759 -34.5408029400759 25.4423514948083 4.46294092662046 -3.28834237687885 -3.28834237687885 24.5410885673056 0.537331947582996 0.483891415733815 0.953959802037653 1.62419615191212 0.551424245974647
0.677295488546679 1.11152506710767 1.15180947300956 0.411379662702727 60.742334713074 -35.5472805113843 -35.5472805113843 24.5986018412473 4.4882388845204 -2.93384074991365 -2.93384074991365 24.9779399206165 0.57122631983685 0.603049550379121 1.12403732965308 0.700084021491728 0.0724013903685458
0.674218278082316 1.13988505208918 1.13618972765672 0.41540327894404 63.6989865503288 -37.2138942393456 -37.2138942393456 26.6120084845281 4.59445873387709 -4.47912680290303 -4.47912680290303 26.6611375580864 0.594153283261263 0.710083948368286 1.16372157139162 0.911086162004452 0.561594365303577
0.665672334230999 1.09233855555197 1.12523081019431 0.392093777670169 61.9387167118055 -36.2394866782607 -36.2394866782607 25.7216148508978 4.70443114444999 -3.63182959928734 -3.63182959928734 24.475646733104 0.605163433211396 0.639431598799331 1.02519396080157 0.859877625000537 0.363504082764141
0.682964275325634 1.10409028268196 1.14707374496532 0.407230800484954 60.7948348078799 -34.9493763029931 -34.9493763029931 24.7226492531648 4.51229173797199 -4.02694232978832 -4.02694232978832 24.6413426195884 0.5678901274012 0.801987898286181 1.07865260712778 1.66128848280764 0.238244108884158
0.658903953384804 1.10958818348342 1.12148140731116 0.404351787416613 62.9711864452837 -38.0077069080366 -38.0077069080366 27.2629719798759 4.30589107816549 -3.71772042178642 -3.71772042178642 24.6767423026235 0.599498368495479 0.589646945353378 0.799007660443547 0.946982343106646 0.137860783773061
0.678557575042247 1.14682848304226 1.14849042563984 0.396815007240847 59.4083234474678 -34.4068182391485 -34.4068182391485 24.7286321200009 4.39149619481835 -3.48369914524835 -3.48369914524835 23.711689474689 0.594170113241942 0.480237788326139 0.861561796004915 0.982454175599424 0.153546486353212
0.668607500203076 1.14602283725254 1.12788438289971 0.413643267179376 61.7323623206243 -36.0831209736117 -36.0831209736117 25.5090851001019 4.79458625717016 -4.56886199553926 -4.56886199553926 26.4661564672085 0.57448923554569 0.451482960059203 0.898558049256368 0.43334586769466 0.367332803087777
0.690111767222803 1.09588429261137 1.16351887572478 0.382878701192367 57.8521472000929 -34.4480397997608 -34.4480397997608 25.0200095832038 4.80832506572654 -4.09677478310855 -4.09677478310855 26.442056108202 0.571335486489269 0.973749889702457 1.51928367545855 1.7231010545578 0.614607172335896
0.690750475059261 1.14016635623498 1.15950031051689 0.417054253413997 60.6303562686413 -35.6265681005445 -35.6265681005445 25.3133079833351 4.68704469411163 -4.74146071886565 -4.74146071886565 30.9464267954806 0.566388549255978 0.78098034194178 1.23894409971333 1.34327508375655 0.380061421821346
0.686343780734003 1.13744417665571 1.15967180502167 0.405238487571294 60.0645273176737 -35.1353504922573 -35.1353504922573 24.9625247129337 4.24630236260085 -4.70552398058354 -4.70552398058354 29.4070342299237 0.573785675142453 0.726402508130182 0.847754760478921 1.37382642092417 0.657502501586494
0.691555013673449 1.15796579262518 1.17418959122496 0.426535216625396 64.9594423497438 -37.786852730493 -37.786852730493 26.7199766196359 4.48447062724362 -2.98158476892603 -2.98158476892603 25.2157584638065 0.564846628013855 0.938677772847357 1.61639558221632 1.45557015224301 0.498287323398437
0.691760117640358 1.16066588078755 1.172597450539 0.42877577797106 64.2526915448116 -36.6743887850287 -36.6743887850287 25.5577428941127 4.49406883774665 -1.66970322254189 -1.66970322254189 24.6499573116285 0.548204134223477 0.516026959809961 0.670048564078291 1.2434472977985 0.654607920402851
0.686575681854024 1.11573013854055 1.16246709517298 0.419030217715308 66.6317206493461 -38.6291623860371 -38.6291623860371 27.1612735089487 4.38587657539609 -3.16392608851488 -3.16392608851488 25.0938216367146 0.558078117788027 0.732787124976659 1.00997007391263 2.340635740898 0.651890145910918
0.688568497586864 1.14453188084376 1.17474269966951 0.446887876389703 69.1662686344172 -40.9442799132875 -40.9442799132875 28.6082050311964 4.25264524836983 -2.99666127466891 -2.99666127466891 23.2445905461078 0.557689574351677 0.299642434128331 0.291729250745453 1.81022482215541 0.624511261497325
0.686855828716761 1.08522636270784 1.15069995550358 0.416400395282218 68.8059508483791 -40.9654012890751 -40.9654012890751 28.9264628174908 4.38036755270544 -3.08168565090056 -3.08168565090056 21.7966698066753 0.573806851132353 0.713543664280716 1.3335729981805 0.999479875449603 0.0950307151145225
0.677261427919713 1.10156095708414 1.1420597829104 0.403876495590256 61.0788167251785 -36.1288322997307 -36.1288322997307 25.698874700906 4.46535155111819 -3.1843838546728 -3.1843838546728 23.5733994120115 0.562744967431137 0.751782885345782 1.11246909517215 1.25996985948698 0.850320281252536
0.69062091383322 1.13897121358797 1.16472887219023 0.416933655435167 66.5123145461946 -38.6255529684276 -38.6255529684276 26.6947446954887 4.41385997786169 -2.8444801913275 -2.8444801913275 22.0272503329122 0.57273825127138 1.07032327832325 1.86844134129055 1.29020016391662 0.33852232322881
0.685341612033745 1.11358328458747 1.15059914718767 0.403250267379899 70.8864818773966 -42.5228783348121 -42.5228783348121 29.951312258637 4.23532084052306 -2.45624779354756 -2.45624779354756 21.8662953979781 0.555137194681157 0.0705590343104861 0.175392073889101 1.5334126363627 0.328121241764895
0.679825466057211 1.10106942644262 1.15537409123358 0.42623439133985 65.2271790608716 -38.4130033749377 -38.4130033749377 26.8910133753304 4.8451741521755 -3.38027896719792 -3.38027896719792 21.375781793725 0.570755145867196 1.15584463421224 1.74555988419089 0.950785594033166 0.331622485878881
0.675254123425606 1.12177650451421 1.14650058439915 0.408646796867842 65.1136831772233 -38.7847319826585 -38.7847319826585 27.4203674089198 4.49586871800552 -2.56162141491393 -2.56162141491393 21.884319255456 0.60471101018668 1.42485098971319 2.36616899372852 0.487135521993125 0.230739775778477
0.692005207004878 1.11566058671541 1.1707718085781 0.40794930317805 65.314326246639 -38.324382326138 -38.324382326138 26.8773876235899 4.43469034084783 -2.67677063550689 -2.67677063550689 22.9409576655435 0.56854837913972 0.730245374094715 1.29857530819501 1.25984137748457 0.214688393254495
0.692361399295468 1.14480196053716 1.17105993212322 0.426114408960226 65.4641439236334 -37.6329119086692 -37.6329119086692 26.0170463376489 4.04156295645761 -2.74342751979143 -2.74342751979143 23.4505189970583 0.565723797091278 1.03386447779125 1.85256426870726 0.544157901577751 0.447413807889103
0.679899165496131 1.15367131023125 1.15047305133883 0.420248397301073 66.8731356306965 -38.8679977225743 -38.8679977225743 27.0575855313454 4.50023091484018 -2.68265666772342 -2.68265666772342 22.8239637783011 0.542957008377828 0.152474892564925 0.353285959048914 0.851747379553627 0.310981900245632
0.671092325752805 1.15290314784678 1.14460802991055 0.437796391887736 68.5494533510647 -41.0364717494039 -41.0364717494039 29.063541256498 4.60340584915931 -2.30558821611308 -2.30558821611308 22.6084048608862 0.547687948557161 0.522986700605972 0.803259461061072 1.39618916259003 0.568907605930186
0.679049630227659 1.1109684050872 1.16724495416345 0.437103546785016 67.126848627621 -39.0405230200008 -39.0405230200008 27.3374732705562 4.93332699404853 -2.46730200654895 -2.46730200654895 22.9546649994221 0.560788644664579 0.876684430496702 1.23533241135439 1.06133126785743 0.412537596362081
0.679897375463223 1.08320700896288 1.14660710610246 0.434209177047134 67.093727455809 -40.7026339517438 -40.7026339517438 29.333907180169 3.58573728743477 -2.39640006597328 -2.39640006597328 22.6261850470245 0.569876279412576 1.04541594228679 1.65053066527054 1.59266344158826 0.168792188582041
0.687711756650853 1.12638956766112 1.16441254014703 0.435506046836112 69.1457076223194 -41.3365809473021 -41.3365809473021 29.1477333977132 4.72671633552591 -2.37859729818983 -2.37859729818983 21.3293838254178 0.574417397937631 1.01060611902094 1.67786190032976 0.503181999435996 0.16675550715789
0.687766988730874 1.11354845331578 1.16035643152049 0.421357802758845 63.873565609577 -37.9650553582305 -37.9650553582305 26.7397756182277 4.41300894767371 -3.056475940111 -3.056475940111 21.6667642875124 0.582727432362246 0.46166377169278 0.540722007513994 1.50027442393589 0.515694871762419
0.68426195604131 1.15966237067458 1.16051893652331 0.41797985824609 67.7537599742542 -40.1028866853899 -40.1028866853899 27.7730962012519 4.31925312800407 -3.45551992960465 -3.45551992960465 24.1652551151747 0.531087768548038 0.100521714273782 0.218799002498583 2.07354645719186 0.669897074665981
0.671068813802527 1.12875299536301 1.13457164797203 0.417781258728837 68.2965936112637 -40.2569539470475 -40.2569539470475 28.3725628541905 4.37292758157101 -3.80269112929602 -3.80269112929602 22.9378048899793 0.603434431858187 0.734167824830129 1.40426975671493 2.02948251991 0.456125825305968
0.678496807940219 1.12963018936999 1.13408737323432 0.422837531159211 68.2425197853738 -39.3651750607593 -39.3651750607593 27.1213320525158 4.25213683689928 -2.91887830894151 -2.91887830894151 22.3187432204223 0.549098954444555 1.01393877973162 1.65824125675199 2.08688307612407 0.645665246832288
0.675879753622027 1.13445449681781 1.15076899680051 0.433156532229203 62.2779314139064 -37.1844224759942 -37.1844224759942 26.652398293786 4.60593771427705 -4.06015367684712 -4.06015367684712 22.7722555872506 0.578559791380642 1.38937015944649 2.2860532605251 1.43772526539585 0.852930676738707
0.685749172435436 1.15500292641695 1.15964116245887 0.414813934183123 66.9590040642812 -39.5617017690447 -39.5617017690447 27.8362390682591 4.74550188441177 -3.82250967190035 -3.82250967190035 25.9198657105381 0.559396788536091 1.07886640091882 1.77373879104845 0.371980776950259 0.265783294967837
0.680015462636701 1.12614705873653 1.15452417821677 0.436298465117037 74.2881683535006 -42.3613249352175 -42.3613249352175 28.5880541516942 4.90155720457997 -3.26199427465201 -3.26199427465201 25.2661916041007 0.575985414189665 0.618264090226267 0.78103227135902 1.25706708574266 0.462450635013685
0.690430065812693 1.1516034399856 1.16736972790386 0.432531367519914 66.0639041413409 -39.6450921834031 -39.6450921834031 28.2434090998211 4.30582411153872 -3.15683038071879 -3.15683038071879 24.25432741828 0.573104261048571 0.81590149153918 1.22238888374785 1.42781754854616 0.774579516394722
0.682280169793839 1.10729615480485 1.15541929627156 0.419824947551596 59.2812265724224 -35.2080170748243 -35.2080170748243 25.6568638647977 4.32367136593276 -2.99759977999827 -2.99759977999827 22.8964880410423 0.531679360994249 0.676781875925401 1.11000825014514 1.50131205649421 0.797267771072833
0.687891968805753 1.04406522285201 1.15983032298934 0.431438995154702 60.8682978304094 -35.9725934847632 -35.9725934847632 25.7796559329108 4.15234008222917 -2.65639320608035 -2.65639320608035 22.365219372565 0.563060137923831 0.902435152322476 1.24713619837513 0.685224782866676 0.530351123642386
0.690474204020278 1.13686439685503 1.17731427576747 0.431850765397086 65.3141691242957 -39.0207489360655 -39.0207489360655 28.0323037541575 3.64731823231316 -3.22566279165116 -3.22566279165116 25.5657541241726 0.564242105631278 0.877856851057212 1.42746749453442 1.64129010405705 0.742893424819586
0.678988306835084 1.13686283629534 1.14683454224944 0.424145772073982 63.7938912420838 -38.0474809661373 -38.0474809661373 27.1738077604448 3.93304059300238 -2.78484875772061 -2.78484875772061 20.6734566300181 0.557700332574706 0.892201791462866 1.47527539354915 1.52073302005284 0.484380813018208
0.691560894774989 1.12199939461399 1.17128482315722 0.422879961585141 62.435391620606 -37.2730892996424 -37.2730892996424 27.021504399849 4.10140336548507 -3.17075658242218 -3.17075658242218 23.0977037057207 0.546151365866771 0.782936680094383 1.28907109015442 1.31577769823579 0.201670889502884
0.683189361136966 1.12155176464635 1.1571984252049 0.401140863186534 62.1955269298314 -36.1288275758175 -36.1288275758175 25.4358169139326 4.42198778195664 -3.53620423539683 -3.53620423539683 25.6206361671698 0.569904895505386 1.11172302594387 1.61006579002504 1.19989602550789 0.132237115989799
0.686342030132178 1.11128770356443 1.15408757650635 0.403297263265746 58.2713659398954 -33.9066956464421 -33.9066956464421 24.2133664179086 4.41849174048212 -3.66610173172344 -3.66610173172344 22.7783195493755 0.579759744545467 0.69653974268883 1.71270844158149 1.83761720046565 0.442152161322561
0.681099177106932 1.08988760202783 1.1456180186054 0.404943202522312 60.9997262366656 -36.113299658423 -36.113299658423 25.9854431155246 4.58853257654209 -2.63701715399238 -2.63701715399238 27.8805857273997 0.577442701611212 0.544074102029013 0.814290120825033 0.115957006974142 0.0580335993625664
0.676010444421124 1.13853369083958 1.14427074382428 0.410481126568529 62.8739501001295 -36.3654833248141 -36.3654833248141 25.8244276316763 5.00125388422216 -3.33799591418531 -3.33799591418531 22.15086728227 0.583862028055059 0.581116838605105 0.769435698636091 1.08573459240121 0.25899014208214
0.683118487140334 1.1483945691146 1.15764720392225 0.425938381943347 65.6632872911397 -37.6178316849713 -37.6178316849713 25.7679000051074 3.96446469243389 -1.58750578517015 -1.58750578517015 21.7918262774177 0.572209670762813 0.52209367388118 0.946572313280709 2.1354515603629 0.570247596823427
0.673196477650643 1.0837759762852 1.14751712269428 0.41508591761167 63.6196974400502 -36.8953541119943 -36.8953541119943 25.9185588296627 4.26433684481485 -3.20965341843511 -3.20965341843511 23.5701919734781 0.563624646604571 0.516448293110813 1.1997251393027 0.986564503297367 0.431671383861085
0.682013781159372 1.14859604925761 1.14563912109897 0.415066234420296 60.7057497977014 -35.3765782116519 -35.3765782116519 25.0355176712145 4.45510466371638 -3.8484283776214 -3.8484283776214 23.6431167953889 0.593067404236954 1.02159840747998 1.7593728199265 1.01760287328539 0.594686983620228
0.679710718872726 1.16611550847767 1.15875235646845 0.413469370755984 61.8483768535001 -36.2419231304673 -36.2419231304673 25.6420615288481 4.57989094164257 -2.75398283374137 -2.75398283374137 25.8959139949229 0.560567364998388 0.868257378875924 1.25356285720906 1.83067465142837 0.521512150417843
0.702789225268194 1.1281256859031 1.17629848793182 0.419561410261742 62.3086161695139 -36.9337296178114 -36.9337296178114 25.81186494593 4.25132059335148 -3.85745831188632 -3.85745831188632 25.6299625629648 0.565361649414454 0.187265441784735 0.576733378893123 0.713446722105089 0.328653422949773
0.673811152664962 1.08379051218384 1.12959025354189 0.410623954354883 65.4148746693832 -39.037491740004 -39.037491740004 27.8224691959907 4.25791728303015 -2.93346873575109 -2.93346873575109 23.2084288641367 0.532479867438104 0.725296379211715 0.979386379186339 2.28587359293946 0.623818771252036
0.694789103818982 1.11103631854569 1.17377466080607 0.440926789600453 63.8968195682349 -38.0950053052991 -38.0950053052991 27.0147284679604 4.73951682482017 -2.89153586359357 -2.89153586359357 23.7426110792472 0.57660700135997 0.289141083890228 0.572837840753639 1.31451211980832 0.529443766091032
0.688198633712385 1.13878386922406 1.1640098998192 0.434030447126288 62.9239027872256 -36.2753131279636 -36.2753131279636 25.3876723584641 4.20495839370506 -2.8881759447311 -2.8881759447311 22.7104504312689 0.571689207463053 0.567286500536241 1.09708652261977 0.832717976133666 0.244808323158599
0.681907742515543 1.13936839592286 1.15517675100267 0.428288017682101 61.4544386401287 -36.2001513844694 -36.2001513844694 25.8186143640846 4.13486338133858 -2.32184314806181 -2.32184314806181 20.4799168561615 0.551659621722601 0.327790146580269 0.782379544367037 0.546503099926187 0.943577825325364
0.685000512183766 1.07813744430056 1.1533263203367 0.409080297668178 65.3551581574455 -37.9390665593225 -37.9390665593225 26.5280128222482 4.35273835592118 -2.0895866113924 -2.0895866113924 21.9034049858306 0.570670669176209 0.837333448106748 1.55521699854334 0.95843938451811 0.301452682002257
0.661987160511607 1.10874923925988 1.12027111445627 0.427624207698527 63.573222431958 -37.8351384473823 -37.8351384473823 27.0841920672577 4.60052871258831 -2.85539551709114 -2.85539551709114 23.0485359418757 0.554053839370567 0.888331021950317 1.5945770514692 0.277933183632568 0.238031440381503
0.676427289707488 1.0459629848181 1.14701438119058 0.433187583731609 66.5800949443011 -38.7569446460435 -38.7569446460435 26.8148322439314 4.20063792733558 -2.75140035634234 -2.75140035634234 23.5836411805893 0.557821654532513 0.222562562098214 0.409632378108991 0.236657147647852 0.400214895482287
0.669801925137467 1.11559595222579 1.13929232684557 0.418740065598941 70.0751333855695 -41.1760045992984 -41.1760045992984 28.6142013589506 4.64759509288429 -2.5028134334704 -2.5028134334704 20.6961807629058 0.554118585969063 0.213151985904414 0.313055400563123 1.51737389529006 0.387036474684357
0.69244580971075 1.10404931323249 1.17196833329887 0.411303252075015 63.8575158540167 -36.8022516890874 -36.8022516890874 25.5924237051008 4.1685602289965 -2.94540566385473 -2.94540566385473 22.4883330020489 0.578722608849956 0.919718557821332 1.6560846258219 1.06875676238777 0.298078749657313
0.675704743215592 1.12110220544832 1.14573528528369 0.432125904820019 60.7392485756302 -35.2918335061433 -35.2918335061433 24.9392771410414 4.87995091929686 -3.00207176252915 -3.00207176252915 25.4220238806692 0.561198687727551 0.606241409131722 0.435128289026532 0.384264603178277 0.640567386095779
0.68299729491256 1.15986427613709 1.14540874044155 0.419305508917382 60.6762482319025 -36.1530509373213 -36.1530509373213 26.0264506851018 4.22014570987251 -3.42561831460214 -3.42561831460214 26.991968725758 0.586608226912089 0.610827813941394 0.88870609607824 1.8089570039539 0.73339158146836
0.670149793728151 1.13545203862854 1.14936234490513 0.423533669008497 61.2936759611349 -36.1773333652841 -36.1773333652841 25.9351428311781 4.71496661939813 -3.24273912162581 -3.24273912162581 25.671494170319 0.534368523895949 0.56786691301124 0.878468695410774 0.906760335056286 0.552146274946073
0.682535377652072 1.13274143629264 1.14652606917423 0.431293750545057 64.0316254734031 -37.7565344139575 -37.7565344139575 26.8200860133551 4.46028611789117 -3.96017057933766 -3.96017057933766 25.299246006487 0.603111437863001 0.565243241060278 1.09853449610163 0.348519995535278 0.410322107370117
0.67075936590597 1.11579454150662 1.13354717417257 0.419715272802035 66.0233010751959 -39.2230525171737 -39.2230525171737 27.6065307264884 4.94428462655373 -4.69319873918225 -4.69319873918225 25.7875714048423 0.573348416582552 0.584180671018568 0.961001639038209 0.717936006996899 0.52389705926982
0.677468297801398 1.10268193961457 1.14669786880723 0.424906357861943 64.4589562828079 -38.1758568323068 -38.1758568323068 26.6485175715223 5.04642683588997 -4.08656732857991 -4.08656732857991 23.9883001074146 0.588913597232969 0.333457133586795 0.808460240358615 1.29387086658822 0.711414286494918
0.678237826703631 1.11344644261381 1.14767818699034 0.430076835457592 61.1254695051088 -35.2738244533728 -35.2738244533728 24.9813879191922 4.60198152917044 -3.42577339770301 -3.42577339770301 24.2064053979073 0.564112094995414 0.455424628434015 1.03913561474975 1.42347002981376 0.280218984324243
0.676859785418383 1.17060700669242 1.14728027746625 0.418407357297841 60.8231740620323 -35.2175546117403 -35.2175546117403 24.5644922741652 4.31512593316528 -2.96989651889834 -2.96989651889834 24.5880488602485 0.582290311264218 0.415754195101319 0.87700839493642 0.758115394219914 0.625636388289244
0.677168742650666 1.13136786473932 1.14921212752383 0.412110507993473 62.4743474547108 -37.8120232693757 -37.8120232693757 27.4552671049262 4.79944091345082 -2.49746438862709 -2.49746438862709 22.5295725983248 0.568427719171871 0.504047412265163 1.02835746247533 2.26844412011528 0.486218296489646
0.684733873074191 1.10519335625138 1.16014460478617 0.409646931263093 60.5718565205462 -34.4949909803345 -34.4949909803345 24.1183300144271 4.73880620474101 -3.14176260984138 -3.14176260984138 22.1076706531162 0.566405020492544 0.430750878263137 0.511217074995909 0.965084792207922 0.329254809019299
0.667355816805486 1.12275210024544 1.13963574870513 0.4246039496274 67.4816444853646 -39.7436765494922 -39.7436765494922 27.8992455979824 4.85348713052695 -3.30134839143902 -3.30134839143902 22.9277982124457 0.577724974289218 0.953771702500468 1.89227082692937 1.88025994248273 0.221583058516964
0.672533846710871 1.12685358495754 1.1305055940798 0.426708070670849 66.566795642973 -38.8988715278313 -38.8988715278313 27.5480201764811 4.12358312223622 -2.67583588740687 -2.67583588740687 19.6301969969942 0.581066611163517 0.524284636987859 0.756852667571995 0.893021296003847 0.399930503322238
0.682017739201569 1.11264282874777 1.15462144055185 0.414258488256275 66.1110870605163 -39.1348132220512 -39.1348132220512 27.689715817411 4.53321227438063 -2.47845796229486 -2.47845796229486 19.3423850085646 0.543887787286994 0.885629549420647 1.54555822786118 1.70863330684268 0.361942026094061
0.671770782589403 1.09613651991981 1.13658812011156 0.422558180478899 69.4622313429519 -40.4519394301194 -40.4519394301194 28.0318476416656 3.71510264428584 -1.67734928406524 -1.67734928406524 23.2116337759283 0.543705198384524 0.85659934110298 1.47525251823634 1.02115092024888 0.411939154086017
0.674294245012192 1.15788527882434 1.13805719113613 0.426539750399821 67.6997533417308 -38.8427660665718 -38.8427660665718 27.0053920472821 4.39344257160667 -2.5306520476674 -2.5306520476674 18.9679154628579 0.537609888054557 0.78712577335064 1.07555727610079 0.889698401585383 0.294822643449743
0.680867184708509 1.0938064915783 1.15248520982362 0.413951872968518 60.4774556606993 -35.3913078540292 -35.3913078540292 25.1288421581582 4.51385501107053 -2.85511849898616 -2.85511849898616 22.6739726291894 0.54613654748232 0.570339825026496 1.00487678710573 1.13221810335805 0.697527216070165
0.68303558475939 1.13619285209019 1.15283000336211 0.424022761770743 65.1723981352515 -38.4576801332716 -38.4576801332716 26.9096628386777 4.2368985662153 -2.47605187610719 -2.47605187610719 26.8518755366521 0.568416926478854 -0.143721025905303 0.0287106585758319 0.218936346145713 0.527196991987531
0.682545837941192 1.10927819403605 1.15039413549444 0.401938767749501 64.1385540671211 -37.32787593582 -37.32787593582 26.1039163976123 5.089612198095 -3.5921541383085 -3.5921541383085 20.4412870724432 0.579168073751956 0.611601982732614 0.966718480433531 0.513162444190783 0.124739957182796
0.685293633565408 1.13198318935498 1.15444123923842 0.411097733348848 60.3432937742973 -34.89335826621 -34.89335826621 24.7711375843031 4.65475863381699 -2.93838255985026 -2.93838255985026 21.2918762237144 0.551098061814268 0.17312488382792 0.370351472902648 1.46586728096658 0.624474501882246
0.689153576962264 1.12433044779508 1.15387629932454 0.430467104274197 66.6954156656489 -40.0311433417213 -40.0311433417213 28.4715875543826 4.1522509945389 -3.1889691630453 -3.1889691630453 21.9474018925388 0.571016665287458 0.656868472408622 0.838443546845684 1.23720717640127 0.552465136485994
0.687910920703033 1.11136539260879 1.17053255481521 0.424450234946806 64.0879123449208 -37.5466227645855 -37.5466227645855 25.884378249082 4.31054526978573 -3.01639966447387 -3.01639966447387 20.6176492661382 0.540365295718505 1.06438267805973 1.81388771628311 1.05802022285096 0.135822101294137
0.68372432039712 1.10982992302846 1.16590991476229 0.420316831904294 66.581016550227 -38.8950329471566 -38.8950329471566 27.3289621823477 4.52171553477393 -2.3937543671242 -2.3937543671242 19.5167511166783 0.578613423507484 0.782179615005203 0.928695816434504 0.776384379780938 0.640611755717593
0.670112987320949 1.1346806670878 1.14248857107184 0.404190834734701 62.8342075487073 -36.7303571878388 -36.7303571878388 25.8116137585683 4.48286043322723 -2.48731299579134 -2.48731299579134 19.2390245267188 0.530813054874324 1.46290905834156 2.08377205228668 1.89211444867021 0.399434487669358
0.684217694273522 1.09925920911448 1.15980201722558 0.433886590120248 62.9680059221202 -37.2580670750332 -37.2580670750332 26.5866210819556 4.49604023661312 -3.14640215118325 -3.14640215118325 23.7567302146999 0.558511979804621 1.11913140142973 1.95100562273182 1.38812515003166 0.118923363670948
0.671685199971587 1.0773647978273 1.14492128716531 0.424842523833642 68.0077439076794 -40.6406991097068 -40.6406991097068 28.5768930402274 4.87318298924504 -2.82575000032339 -2.82575000032339 22.7680147983508 0.557822304609743 0.237484458116054 0.757136042337528 0.755603348635928 0.111919825209191
0.673297044770997 1.11067667140675 1.14819113472354 0.420210412621147 68.8791972314119 -41.1347437558144 -41.1347437558144 28.8583647971471 4.43084916320122 -2.57053114934279 -2.57053114934279 24.0611193087565 0.554389910190999 0.693469871347549 1.39529578518424 1.3540800360404 0.595651518157583
0.663288783057302 1.1382115981201 1.12866621142699 0.433134473693872 62.284561112168 -35.85431897935 -35.85431897935 25.3677761389341 4.62723979984246 -3.03269723698757 -3.03269723698757 22.344571184193 0.557300769403717 0.654403082214387 1.54836822722012 1.39964888935253 0.315384295802608
0.671730536253268 1.10267543709757 1.14172814657037 0.422479460681884 68.4372016599156 -40.8470862388916 -40.8470862388916 28.8976796939109 3.95598312610785 -2.19772966819688 -2.19772966819688 24.415026888002 0.582083385107454 0.320766749532659 0.42999579635826 1.0001198430849 0.611949208322107
0.670204069860606 1.13674416601215 1.13580734667977 0.426326676325315 68.9450191022729 -40.2419817798244 -40.2419817798244 28.3627219037091 4.28598469541402 -3.19674014751466 -3.19674014751466 22.9287826374296 0.533323529221947 0.550608727142437 0.753741914044475 1.07853893158078 0.410837569887461
0.664067456292673 1.13952175734665 1.12402300532114 0.403562392200586 64.3686388123697 -38.1911374040812 -38.1911374040812 27.0275764206084 4.31408774376406 -2.78771849472661 -2.78771849472661 22.5576070458344 0.589612465208533 0.457364557530796 0.626274928966105 0.828684506672042 0.513901410078525
0.689917665202086 1.14335975758421 1.15979422672459 0.390088882334084 58.5906322745632 -33.8289554268125 -33.8289554268125 23.8279460997133 4.21864879061658 -3.66092096342 -3.66092096342 26.9742784799191 0.571868064567681 0.888680481780096 1.08755946412446 0.815151261904446 0.443031300458917
0.685662232447714 1.12371245123409 1.16395279974162 0.393471213274943 59.7076134265264 -34.8080651535922 -34.8080651535922 24.5156965243319 4.49816334663493 -3.25682960727876 -3.25682960727876 26.6787065061429 0.608162120417547 0.665197183616076 0.92672846242075 1.34463983152036 0.559292349912515
0.704386982349553 1.10897644443052 1.18085929766744 0.410982439358139 59.6448532771864 -34.7532371827707 -34.7532371827707 24.5941344285416 4.72711462921494 -3.18950108130832 -3.18950108130832 25.2123338108836 0.58018709065686 0.607846191737745 0.978230509385488 0.846701171254155 0.251633246220262
0.694815451048166 1.13012807037708 1.16794024458042 0.417318453236728 53.9752706313442 -30.7282048216684 -30.7282048216684 21.8264182597568 4.81820690486832 -4.39822314338405 -4.39822314338405 26.6193496330765 0.582125740867739 0.669787121309956 0.904059968845487 0.719951843591647 0.131476384897432
0.660503700391211 1.14400590144558 1.12497552471248 0.384285787224526 55.8041390084998 -32.4495262624574 -32.4495262624574 23.554597452451 4.70048306266881 -3.99756027400634 -3.99756027400634 27.8394333220492 0.574913571687281 0.543714401943362 0.705490011879028 0.98907347119024 0.161955115264491
0.690256567262274 1.13877566807162 1.15717814232807 0.392075529250682 56.7641408838096 -33.454297273762 -33.454297273762 24.0452210687106 4.58627750446985 -3.75346530887588 -3.75346530887588 31.5571733477659 0.583970531933947 1.0686332203827 1.77869451650518 2.11848564093336 0.511984126923406
0.679978252505093 1.1523343404908 1.13698011770054 0.39193925959745 60.2971747925313 -35.4346634744897 -35.4346634744897 25.5098202411689 4.4455843612036 -4.25099928488557 -4.25099928488557 29.8847980110861 0.572657056019754 0.457517194010097 0.683058313083964 1.64749720705773 0.540277510503913
0.680254788369909 1.10559289822299 1.13400666795848 0.38249775049662 51.3992727204323 -30.3294816722514 -30.3294816722514 22.1853893571134 4.00387522649922 -3.95294280701197 -3.95294280701197 27.3894695990926 0.568824264855745 0.861921772720271 1.73432649687042 1.3116052475236 -0.208138143849725
0.691020176873123 1.13829043633204 1.14786740643136 0.395096954847783 63.4107584702256 -37.2896067950234 -37.2896067950234 26.3938575232113 4.82843438606974 -4.74483055396572 -4.74483055396572 29.4367774129206 0.582763315514707 0.959498692204083 1.51615063094243 1.55919081451893 0.418252354908739
0.670786872118283 1.15670783968673 1.13092367765142 0.416038999711846 57.0654962832048 -33.8987215375812 -33.8987215375812 24.3760562772186 4.49681360242483 -3.39173842178187 -3.39173842178187 26.1382231632665 0.565763154294325 -0.0732608704769565 -0.123071643802631 0.968501510214383 0.57450232706929
0.680091377335128 1.17304484836847 1.13666033392435 0.42352980639773 59.0698742397774 -34.6947998623526 -34.6947998623526 25.0552557711236 4.51918440403522 -3.82197688117545 -3.82197688117545 26.3398927062308 0.59430046434908 0.53895504406987 0.969074213254495 0.674585593268559 0.34353509754279
0.675261709380641 1.13961275071169 1.14380466000334 0.409548499300302 56.3759848044742 -32.2484917197559 -32.2484917197559 22.537782500898 4.78004630501509 -4.37556366692629 -4.37556366692629 28.2792210362907 0.586284132922914 0.670081450586111 0.849011995536464 0.761777715469724 0.309503374900784
0.698176397099376 1.12744163084046 1.17581426938011 0.403366858820113 59.5283099599448 -35.4100416905962 -35.4100416905962 25.3558491351619 5.23555613738391 -4.10340417423619 -4.10340417423619 24.516510735045 0.564555333878793 1.05246673802394 1.44163327330538 1.6736598755105 0.552652804689829
0.686267733741388 1.05900816316289 1.15697436974823 0.396394603899679 63.1965611752096 -37.3797346123264 -37.3797346123264 26.5835547148106 4.61134685672281 -3.18324135932732 -3.18324135932732 24.7547601278158 0.569521456883053 0.887343358686706 1.60474360093522 1.75024232488041 0.79545395177352
0.675299737811937 1.13547749017096 1.13734748805755 0.412123950409692 59.8359139527841 -35.2235426531396 -35.2235426531396 25.1458005552342 4.29387458163996 -3.3655683013713 -3.3655683013713 23.5992210228384 0.580099928872805 0.452529992814955 1.08224329013353 1.30370646629736 0.554764458355945
0.681852486211675 1.15307655531472 1.15280909167656 0.423188721856708 60.1975142797093 -34.5098422185972 -34.5098422185972 24.3550322366679 4.03983192086823 -3.1574061511098 -3.1574061511098 26.3955385125112 0.586675665419155 0.674947480001212 0.986210008958117 1.78797054836903 0.438667064422245
