mu[1,1] mu[1,2] mu[2,1] mu[2,2] tau[1,1,1] tau[1,2,1] tau[2,1,1] tau[2,2,1] tau[1,1,2] tau[1,2,2] tau[2,1,2] tau[2,2,2] probdiff predOne[1] predOne[2] predTwo[1] predTwo[2]
0.549981332113556 1.52384304679934 0.962814279741752 0.567786024501514 79.5307408354138 -50.3222916837784 -50.3222916837784 36.3010249547614 3.31996870370821 -1.02355574396813 -1.02355574396813 0.755112695719315 0.00324288242973892 0.750277383361297 1.39136267999484 2.08412257183502 0.528793130140772
0.56912823488579 1.4855229876502 0.985295182907003 0.567943545422857 78.5519351527958 -49.2332194552145 -49.2332194552145 35.0063602932457 3.82768749381253 0.939287329980116 0.939287329980116 5.92455937802121 0.0107435101108881 0.304737418237552 0.701846938020745 1.12994196641631 1.22243071557513
0.56630907109595 1.50471356201619 0.978455393110832 0.546676096470128 84.2782443266095 -51.1895875611046 -51.1895875611046 35.3473911540936 3.85559280390377 0.804980231879451 0.804980231879451 7.82191668717564 0.0367476426429431 0.666090587594258 0.780613427985085 1.18258307479679 0.587105102832335
0.608329684026598 1.56528129629851 1.03311354243763 0.491065244974084 83.0437563146372 -50.2629525284491 -50.2629525284491 34.8524256079538 3.85527758876557 0.66813571787364 0.66813571787364 8.5651338279249 0.0669445481419918 0.624426731909017 0.906737977705985 1.5648510176733 0.254393064650122
0.598743080780687 1.58590053316702 1.0059184099971 0.453468640505227 67.4560772892428 -42.9603832862547 -42.9603832862547 31.8115655247318 4.50265444200861 -0.583177302523599 -0.583177302523599 14.4092672453108 0.119467945791539 0.210338598235556 0.468029208946008 1.23474967006141 0.824968232041245
0.612011210941196 1.57033314911751 1.01906356299154 0.418316299143038 59.7061822723133 -37.3967913289772 -37.3967913289772 26.957277125427 5.57667533211654 -4.14127621389102 -4.14127621389102 30.1180224766089 0.146091225045468 0.924513944861009 1.71804455225698 1.85962726808821 0.792337142072453
0.599823422554801 1.63073887294686 0.985734882703059 0.422700587334912 65.0451451142787 -41.7280823102984 -41.7280823102984 31.0131038089507 5.5184446749066 -6.72751359535319 -6.72751359535319 42.9968840953391 0.17493608719519 0.0779886688855068 0.33251082966243 2.49657046901829 0.539407632843336
0.628069116433315 1.6014588983078 1.04523357399815 0.39558368594367 62.4313015545619 -39.6275717690251 -39.6275717690251 29.8685813357444 6.03115094241302 -8.48447489609948 -8.48447489609948 50.1118209350819 0.182576227936672 0.875349637659896 1.268043650415 1.60881568132267 0.431585528288163
0.632811474045502 1.57626389544693 1.04938630611232 0.389992881855961 62.304094336414 -40.2445995009764 -40.2445995009764 30.6871700558299 6.11721575037654 -7.8449065254671 -7.8449065254671 50.4135412982426 0.138828646225798 1.02534080985382 1.566580971762 1.99422730475858 0.631948995130934
0.63405917310219 1.63472382704745 1.03666240324641 0.410740020307145 63.4502918867147 -40.9499889490071 -40.9499889490071 30.5772645731866 7.05186900935933 -10.2702260865705 -10.2702260865705 60.1273124453944 0.203157122267409 1.05418455730889 1.46668354804377 1.60247914739067 0.411488611564929
0.622252941336094 1.6101458648071 1.02332858572625 0.386035888556871 56.919935123538 -35.4046038282225 -35.4046038282225 26.2005310975289 7.10422091334827 -10.5063750834281 -10.5063750834281 56.3423519202674 0.163265458159285 0.676350948883684 1.03713094755844 1.48874317840279 0.281028543255177
0.616187847256615 1.62648433670889 1.00792635524506 0.399166101155909 55.6609016211606 -35.5142304710713 -35.5142304710713 26.8394588991081 7.49526209741072 -11.6923019793134 -11.6923019793134 63.3818978089117 0.184819630604376 0.804100395520047 0.918568317769698 2.21479921743831 0.633772444947386
0.607138779286643 1.62846523385846 0.991428474788012 0.406572769540845 53.1789202400064 -34.1497657630683 -34.1497657630683 25.8303217240947 6.90448805352178 -13.2878441180355 -13.2878441180355 71.0046296806695 0.192712577942276 0.125267939466308 0.362244621605384 1.48199288683303 0.347082084967448
0.635288029777186 1.62258236334552 1.04459823732025 0.398389522289014 54.7976204712553 -33.8764236018938 -33.8764236018938 25.3900128812482 8.15538243257367 -15.8833539590909 -15.8833539590909 78.8406125746355 0.192617782135069 0.820798651040982 1.29121308131328 1.61782537056396 0.483181224993425
0.607085581894189 1.5947864086038 0.99394390643346 0.391124256231129 52.7569611513995 -32.4274248529035 -32.4274248529035 24.4030492643434 8.0009693233437 -14.5914517562798 -14.5914517562798 74.5493849336864 0.191675074297177 1.21947417069984 1.95769358045718 1.31378414144576 0.369675162223691
0.629337247532419 1.59351609948307 1.02742725633489 0.383459193739401 48.0357368848099 -29.4763807180451 -29.4763807180451 22.2925612751103 7.09717409072055 -11.831149233317 -11.831149233317 62.134715073571 0.183462296531302 0.945279167731573 1.65549830674281 2.16626431710258 0.589178949067434
0.653742952433568 1.59763993626896 1.06962188959017 0.386833719888878 52.5822850949691 -33.3558949054783 -33.3558949054783 25.5150790825696 8.8008512062763 -15.5660410744338 -15.5660410744338 69.4181810745777 0.176607713313624 0.422445345466126 0.647073849588872 0.769405064638392 0.32833537901722
0.595281058002529 1.63901006637107 0.982581686835336 0.403230502037107 48.0692398969648 -30.3090755204678 -30.3090755204678 23.6897150873679 7.82869476473406 -13.0362384958224 -13.0362384958224 60.515788151038 0.177333929540642 0.119953438008953 0.239419567135402 2.2616535960932 0.591173457761006
0.610304707138661 1.59691728226556 1.00217730198167 0.392472585616674 54.9549087098911 -35.1084495151739 -35.1084495151739 26.9483087363912 7.66260079280342 -13.8617614500789 -13.8617614500789 68.0655750401968 0.174141137852765 0.488196126082276 0.659173433299031 1.86949615650907 0.49102410871837
0.613812532650031 1.63607244198269 1.01262209062847 0.402468097750617 56.1524936795389 -35.9272164628516 -35.9272164628516 27.232692661445 7.10880954374372 -11.226307782144 -11.226307782144 61.1679139553525 0.197078556970868 1.32103346570658 1.92994268822896 2.29576307667012 0.56600286932165
0.608309515756072 1.65629228715355 1.01517794377253 0.403707888206918 52.330164952602 -33.7067450153807 -33.7067450153807 26.1638839981598 6.60970448087774 -10.9020890076132 -10.9020890076132 61.6224051740566 0.189907644587953 0.582729995597085 0.945358533328911 1.37373307338145 0.347814569349384
0.620191692866669 1.61717771471229 1.02721225545021 0.400091260704797 58.1510301120039 -37.1553031215519 -37.1553031215519 28.5019783075643 6.93901677312079 -12.8814985369229 -12.8814985369229 63.4122460443893 0.186892797984172 0.597782443790014 0.562192471196151 1.46260758944852 0.301592118931992
0.615146469626029 1.61171504960334 1.01381708920213 0.401787232368865 53.3754008682849 -34.3346178040502 -34.3346178040502 26.3486318609903 7.63894769543678 -12.5095427472337 -12.5095427472337 63.6051849504512 0.177316801367399 0.369909851702088 0.599879680342939 1.93824153544584 0.625169581983576
0.620593294777879 1.6245219724789 1.02433702957607 0.398619063977138 53.5751515499311 -33.8054119817588 -33.8054119817588 25.6923493869394 8.20259848294533 -13.5729940489775 -13.5729940489775 65.483158857513 0.181845198709748 0.541232038471822 1.09563743183759 1.86972789458616 0.326845840929526
0.624825149476853 1.63581007936648 1.02481300090297 0.404762749916537 56.6698067356989 -35.5306137363369 -35.5306137363369 26.6001983209768 6.75782724815442 -11.4074835835469 -11.4074835835469 63.0342597046141 0.160775514353761 1.05014629859759 1.91842789358449 1.68135418053071 0.435170267489334
0.628037278109625 1.60369224759115 1.03243545447145 0.399824564318747 54.6781199034235 -35.0943824143279 -35.0943824143279 27.1526853963469 6.1950626737303 -10.4412694189949 -10.4412694189949 61.9816534321136 0.204772981659914 0.368141212549498 0.705233398645264 1.72178121152728 0.595941417012865
0.624371584997227 1.59767572224174 1.02464486887215 0.389625727982515 52.2741758423492 -34.6952010766013 -34.6952010766013 27.6447018096428 6.87096997749735 -11.8405034237838 -11.8405034237838 68.2810050143969 0.1541761951346 0.633544141377822 0.978784633091184 1.93272912145383 0.362895887513406
0.637214130855127 1.61776510489468 1.05142532216154 0.403276672805188 56.7435771913897 -36.1637371234484 -36.1637371234484 27.366232533219 6.74459633180161 -11.4263958675498 -11.4263958675498 61.9034137638384 0.187598856712398 1.08883333727404 1.57594796511097 2.17982392805271 0.48525312899202
0.631681738930863 1.58676437510217 1.03453515100363 0.38872795140159 55.0174953631405 -34.382874872777 -34.382874872777 25.6918834679824 7.69106712233367 -12.5636058691727 -12.5636058691727 66.7852923410302 0.191513061098196 0.348445974396819 0.567315062303525 1.49206761923988 0.360690940534946
0.630438174026843 1.60833018928422 1.03654389549304 0.38802856016541 51.5702079976141 -32.8522779718878 -32.8522779718878 25.13411023887 7.82912835226443 -12.72969440665 -12.72969440665 59.1864857093818 0.202697131450972 0.359801897038616 0.870200604048105 1.16834508087091 0.0501943599533911
0.621912104681227 1.61377521129028 1.01328441052736 0.401169756764834 57.5781790358202 -35.9915251682704 -35.9915251682704 26.6500405521043 7.35773227843289 -12.5685013827832 -12.5685013827832 68.3367920043455 0.150450019946541 0.689991726716776 1.19867084511917 1.89181624890381 0.377931882881815
0.641622135258067 1.61325729276639 1.03873586099181 0.399403654398729 58.5383437016826 -38.46930673338 -38.46930673338 29.3538573979003 7.39738236498708 -13.0710874440385 -13.0710874440385 63.8648203070644 0.178104585262373 0.0117422920913095 0.407132325888801 1.5425746311639 0.4602269931796
0.626959832095714 1.61598107676925 1.03079098019087 0.398233908820524 48.211434161456 -31.225556705011 -31.225556705011 24.6765051242652 7.70856767237478 -13.2228069456251 -13.2228069456251 67.5269757935453 0.186838924779842 0.8097594498874 1.25475697242743 1.96036585884656 0.530167216766469
0.596325361622595 1.5853148822847 0.980298229580634 0.39042826460268 53.4710323058326 -33.3882080653252 -33.3882080653252 24.9881700232038 8.33956637981619 -14.3875399454282 -14.3875399454282 69.6616558956461 0.185334385271852 0.77420554276667 1.43989781466022 1.38266413115401 0.419632957301738
0.608131150223587 1.60131500958963 1.0071407152788 0.380568967955803 57.4256154410326 -36.4867267882443 -36.4867267882443 27.4464823180729 7.59111295586376 -13.6659354983104 -13.6659354983104 69.1106639198431 0.157093193217899 0.276551141426298 0.297403340064881 1.36355512549029 0.3753309663652
0.612437348011835 1.62858233244167 0.99480147368292 0.408073171043827 51.4192592740109 -33.0574116994899 -33.0574116994899 25.5728637359862 7.82943276507872 -13.9119138311883 -13.9119138311883 68.5893304250067 0.181621675599757 1.11743190584491 1.60719623785298 1.82948112950861 0.405423766281266
0.63539990905558 1.59510029586372 1.04978752218336 0.390248363828805 49.4500042658151 -30.4140489698156 -30.4140489698156 22.8888959045146 7.11311869124249 -13.7551957992118 -13.7551957992118 66.3655169317185 0.206707722980227 0.349261375097688 0.813216092694548 1.56913666044629 0.490736547934648
0.619791761068987 1.63329716182272 1.02060202351575 0.409778902338558 51.5013365740593 -33.7187627216157 -33.7187627216157 26.428672797664 7.3345339863703 -13.5958252613132 -13.5958252613132 64.6331136756614 0.188541765335644 0.927675016579228 1.36123496539051 1.50975499868651 0.460720587270969
0.631144882625274 1.58503132861019 1.03448241417813 0.391391423105966 54.8983498765718 -36.2691074166518 -36.2691074166518 28.4968565741582 6.60449414713069 -12.127537273875 -12.127537273875 68.8107286195664 0.215782488601572 0.247803610527515 0.598663963789609 1.7096144970309 0.539664834114833
0.623850984323188 1.59428150207298 1.02676681224684 0.38347783553548 50.8218894912176 -31.9066410661606 -31.9066410661606 24.2703805660414 7.31349423592261 -12.7675190817358 -12.7675190817358 64.0361439062449 0.189208429010494 0.581749479160401 0.941189712959508 1.33307534546593 0.370167395914982
0.629557449225793 1.64790280281205 1.03057781794116 0.397903028814119 58.2035506757545 -37.5588830514944 -37.5588830514944 28.4330848484463 6.46684686758033 -12.092999129885 -12.092999129885 65.6196305370145 0.177547630288495 0.139785161795252 0.932029228624656 1.93651867460877 0.341048846710142
0.611984885549489 1.6426205509308 1.01521290580358 0.409313408494083 56.2635385778188 -35.9577273798133 -35.9577273798133 27.2639299044106 7.16240958141712 -11.3464706189765 -11.3464706189765 64.3839162230838 0.198712313909909 0.544494083408278 0.788460361793294 1.03737787320953 0.362825186146177
0.613184515004182 1.63100791174113 1.02713058762246 0.401208545688675 55.7436595261031 -36.1322495073913 -36.1322495073913 27.5221859030348 7.68038084356726 -12.3171463541507 -12.3171463541507 60.9204266842145 0.179233907511601 0.621652419475387 1.15039759241414 1.66903144614251 0.267748964373229
0.610627539619118 1.60757989371231 1.0104806674406 0.401601890445111 56.3434871504442 -34.3504637353445 -34.3504637353445 25.2959114856241 7.60263923249855 -13.7646238028168 -13.7646238028168 68.5929819299401 0.164952016700258 0.343427924307414 0.698271847663711 1.85352392518307 0.59641751677396
0.61469963788542 1.61075154494461 0.998448137741415 0.400756253848887 55.5677439336729 -36.3239227309948 -36.3239227309948 28.2184582028634 7.11296188455208 -11.3681258896691 -11.3681258896691 65.0774521056797 0.208508664992114 0.839164627768921 1.2738641039283 1.71338700196524 0.330954298921925
0.611532193983618 1.60998207790969 1.01213788767553 0.400322227673422 53.6604727048892 -34.8220116697007 -34.8220116697007 26.4953297917651 6.98035769903934 -11.4381110489525 -11.4381110489525 58.9308255102522 0.167556232662201 0.522156286454489 0.907675018644884 1.60053807519 0.425195273429272
0.632779190872651 1.59562641034727 1.02593844810059 0.391444782443669 53.4570509421297 -33.8719458459376 -33.8719458459376 25.4930687386334 6.86465162374976 -11.0991886543773 -11.0991886543773 62.3047053991477 0.187471695732532 0.324308486730767 0.640331385239066 1.39619224666419 0.240476248158123
0.640175760666333 1.60083744279824 1.04843770882275 0.392803365026157 56.1702267592202 -35.7380645250803 -35.7380645250803 27.0036964018519 7.18762409767663 -12.6582930589293 -12.6582930589293 66.9681487089009 0.199686071023791 0.542231960962267 1.01412000787241 1.49769633058308 0.356990168146108
0.618879636060206 1.64539574529642 1.01070352585929 0.406892527586922 51.7760825559247 -31.6238146077185 -31.6238146077185 23.880633952352 6.94797591657535 -12.1730589771798 -12.1730589771798 65.5802122066082 0.1847586719019 0.316431245395896 0.414542483624889 1.21718104866647 0.31259423841404
0.606872829556995 1.61912980163849 1.00923870787254 0.392977633232511 57.093592471289 -35.6670082898925 -35.6670082898925 26.536531042291 7.61724482504847 -13.3477341313854 -13.3477341313854 65.3487304247737 0.177007089753218 0.767628561444924 1.18994684293669 1.58938146062624 0.117273175608709
0.624953768426107 1.62687179987823 1.02307369050579 0.388946739963312 57.9834181844954 -36.5039687324106 -36.5039687324106 27.4173820678903 7.0854373898082 -11.2200162968937 -11.2200162968937 68.965997412472 0.178615797428422 0.430556997371731 0.661047127847463 0.950494093048609 0.0811238626595751
0.61313819467927 1.64329098617289 1.00412382976054 0.405339584143097 54.2345877608608 -35.2021265526942 -35.2021265526942 27.2308175335776 6.73924475621879 -10.4151820211299 -10.4151820211299 60.5887480057735 0.169142765012553 1.03332785802991 1.53766615280143 1.73937941714974 0.498837639477264
0.606502562430069 1.64036294991327 1.01854484320865 0.39427180040218 50.8526223465043 -30.8402385829102 -30.8402385829102 22.9271549124613 6.99783730150248 -10.7248356833202 -10.7248356833202 63.0784410235603 0.225882904030461 0.154810896994259 0.503145814154585 2.0464624136221 0.418448915339279
0.609382433948482 1.63283336495939 1.00082703102141 0.401966781764596 54.4701577477655 -35.298568983997 -35.298568983997 27.2122689674248 7.83700792763914 -14.8399459009397 -14.8399459009397 70.1881933036773 0.19361473709342 0.593487932964412 1.44177546104478 1.06145758796616 0.213124690171165
0.609142899502855 1.67418026045092 0.999119732726577 0.41220345840389 54.9675384065493 -34.5723395520978 -34.5723395520978 26.0127029289196 7.12229504246433 -11.5400693558926 -11.5400693558926 63.5564253508326 0.182925786379028 1.05784495753958 1.77058916558384 2.42054138202308 0.370477240331551
0.615952079349596 1.62860075020192 1.0106853994383 0.397794486558132 56.8485314845322 -36.6584160109203 -36.6584160109203 28.378762681766 7.06221530792159 -13.0151427146832 -13.0151427146832 67.530778275995 0.187809647597101 0.556460445371458 0.89383357464341 1.75375174279814 0.485747533365213
0.607339685193796 1.58007981679414 1.01209656065684 0.384172668899393 52.9896283694137 -32.6936327358119 -32.6936327358119 24.6104136348887 7.63538681278479 -12.8507922547153 -12.8507922547153 64.5520303498485 0.175949935253825 -0.10412514437522 -0.188231432957132 1.88828002720262 0.539593111907644
0.623680890828622 1.6307818104593 1.01099619146112 0.395859191236538 50.1883530701443 -32.2653649562683 -32.2653649562683 25.1717064615984 8.33631328254234 -12.8387820180118 -12.8387820180118 60.5802015125453 0.176801134810699 0.523398315550057 0.848186845831131 0.975504388699372 0.326932339236356
0.634312318092973 1.63431241913085 1.05706608506882 0.407250893257901 59.2487015491081 -36.4399967338798 -36.4399967338798 26.5326810502661 7.73600229497426 -12.1845953281253 -12.1845953281253 63.6265958818082 0.202931453545466 0.250421254542055 0.238109786484385 1.66247166815407 0.50981198342975
0.596589033564304 1.59310817669199 0.985576282635185 0.394853030944455 53.0212982929715 -32.7698553238745 -32.7698553238745 24.3266075357063 7.71078939235034 -12.9641991169408 -12.9641991169408 66.985359411723 0.170788954259353 0.608787751080613 1.51606764391224 1.42661492082894 0.262128117367308
0.619239499002002 1.57964684986197 1.01597105696783 0.383336992972491 52.077866135871 -32.4317653320994 -32.4317653320994 24.4253800183714 8.21086357655907 -13.4682299385208 -13.4682299385208 66.1418616516359 0.197732284493663 0.766508641623559 1.47104658871694 1.47106049268958 0.360027710998672
0.607289152699357 1.6407778516693 1.00824444072348 0.402159179010889 52.2057333418575 -33.4036840275695 -33.4036840275695 25.714054516173 8.32837054604605 -14.5835827055422 -14.5835827055422 70.0146005861289 0.194660813686872 0.490563285053765 0.875010729062677 1.17806294127657 0.380522292422438
0.602256020033362 1.61791884157358 1.00038334803688 0.402412284565298 55.390686214179 -34.9661197231333 -34.9661197231333 26.6325101494526 7.13086086504427 -12.8332367788605 -12.8332367788605 64.7853355807011 0.176577265838314 0.69615209239005 1.22824626567404 2.04855020427329 0.563345181576346
0.605488900950781 1.61057071172544 1.00451431282942 0.392083572303124 53.0074747533882 -34.2817752828566 -34.2817752828566 27.0996693161759 6.02812864946378 -9.34567329723417 -9.34567329723417 61.3540028555576 0.184537330688156 0.234140649378164 0.628805827668261 1.8223430277308 0.502557308201119
0.620376568473397 1.61115747248263 1.01727422257509 0.403749365036403 57.3754942803265 -35.7807916116468 -35.7807916116468 26.3604894191838 6.9034507560982 -12.0753907760518 -12.0753907760518 67.6994210590003 0.204111614175874 0.793981423514877 1.14634376914788 1.40679584667868 0.387470676776256
0.60121218474654 1.61205510532408 0.991441506723378 0.393256081114109 54.1085117959411 -34.5731877124943 -34.5731877124943 26.5816785746951 7.69869480476155 -13.5318989821544 -13.5318989821544 67.4611499552194 0.167517343141384 0.610095265717821 0.884728130214043 1.33483628269432 0.467881427457137
0.609170122909026 1.60221406526024 1.00842116132179 0.398607167602826 48.268373458366 -30.8634144464749 -30.8634144464749 24.1794086218763 7.2668939870728 -11.79048462001 -11.79048462001 60.3044368658831 0.16796619209034 -0.0960624662583519 0.0060681022530266 1.67318197924161 0.438858368500237
0.612215245049316 1.62143275757636 1.00595942660239 0.392930243523993 50.0099973799678 -31.4314443740803 -31.4314443740803 24.2042527763533 7.31059036312212 -13.8688720264637 -13.8688720264637 72.6848717274017 0.209574566133883 0.392678561895705 0.767172737473058 1.2834053574489 0.283539411283241
0.645894574966868 1.6064465560802 1.05666191269832 0.389710243879093 55.2994778695842 -34.525279477866 -34.525279477866 25.8840184061878 6.46754403458687 -10.8920241416674 -10.8920241416674 63.141475528257 0.165520475324489 0.281318078272072 1.00424232430225 1.73786416629258 0.537284571162284
0.627281687804568 1.59256250703139 1.03069831734901 0.386880308199817 56.9639396146065 -35.2391843778148 -35.2391843778148 26.0038290142487 6.20653282426539 -10.155600245768 -10.155600245768 59.4891799481308 0.185622023878959 1.1097776801985 1.5904400685246 1.78051869616568 0.307292563810689
0.611497108905166 1.61514282936807 1.01235223103988 0.387750977850881 59.117471289984 -38.1651838657156 -38.1651838657156 28.5104616353355 6.83845134473531 -10.4643893201879 -10.4643893201879 62.2738689643828 0.170999312055185 0.209170754821005 0.263898176744088 1.55567826215843 0.247925353820232
0.633276680026754 1.61724402069758 1.04542084187348 0.400116482526176 59.821605970244 -38.52259275427 -38.52259275427 29.1924829894971 7.17615059272672 -11.5529158000868 -11.5529158000868 63.0404595174317 0.197026039854929 1.14425557556214 1.55681189366984 1.21010961186393 0.54176747202282
0.614584864428943 1.62593158789623 1.00303570616373 0.397018622704782 55.0290964956002 -35.12350337748 -35.12350337748 26.9602619895602 6.7939770108389 -12.6334047172578 -12.6334047172578 65.9842442729708 0.190300163108605 1.16474504770537 1.56268239314428 1.10832916543968 0.296566732860944
0.607759969138322 1.60335148693845 1.00306943107655 0.397665682489257 53.5633753229426 -33.6158567725944 -33.6158567725944 25.691194028277 8.03210583275231 -12.8663839766389 -12.8663839766389 66.3678979627491 0.183075616870439 0.806676601934348 1.55458570636025 1.82065068746339 0.497549488255561
0.622963017167155 1.63607635339226 1.02691280164701 0.40544631661154 52.2254311732123 -33.4688956278181 -33.4688956278181 25.9132912817421 7.16252132144239 -10.9162091574387 -10.9162091574387 56.3503630782765 0.203073750682298 0.951996411991504 1.53786549951015 1.66927987642581 0.208855294376331
0.637484406925886 1.64008578809858 1.03787773535088 0.409213815542797 53.9029841450941 -33.5512993116173 -33.5512993116173 25.1047383540913 6.9295061435031 -12.6933403825075 -12.6933403825075 66.2113027166313 0.206378522595579 0.945556103638459 1.13092967255336 0.802850119641234 0.180834801010186
0.627914129930354 1.59549390755434 1.01783620037186 0.397036390644428 55.0185369149078 -35.7351132783292 -35.7351132783292 27.4449574521753 7.19912107285656 -13.0237849044174 -13.0237849044174 64.6397385888944 0.171304841518409 0.782826096947711 1.18887407746713 0.979933438856137 0.139658896016123
0.583865593338242 1.5830238392694 0.967155961365237 0.393116360299604 58.0543028751606 -36.6638064448294 -36.6638064448294 27.4890037756392 6.2076860960387 -9.88887868885081 -9.88887868885081 58.5176719436702 0.166942416217058 0.671429728666846 1.0777182558088 1.33604530626849 0.365950836568206
0.622127818618835 1.58673666339154 1.01463645322367 0.401479191996292 60.3563067181048 -38.4636032765193 -38.4636032765193 28.7722528106362 6.79574468892382 -10.3982132619186 -10.3982132619186 59.9796288221033 0.185397333382244 0.380299576400381 0.7132673245287 1.39351843716405 0.484924743747999
0.630992075700052 1.62500960902965 1.03256585713012 0.394164402500449 55.2559230013138 -34.9622547126401 -34.9622547126401 26.126616379289 6.78846544441707 -10.3755269668037 -10.3755269668037 62.0237934474276 0.191632642847019 0.1023488562076 0.174249466722592 2.62897156704641 0.516658735514497
0.628548993782125 1.60125152774804 1.03713457555147 0.401422502055092 53.5174258787593 -33.3973216623329 -33.3973216623329 25.0668559546678 6.49084641410806 -10.0946760950031 -10.0946760950031 56.6477556024349 0.167297560096099 0.368650400752234 0.429184067964557 1.70930149258954 0.473936071904314
0.629368749868323 1.66064926930762 1.03069584133448 0.400864993154095 55.4594407928165 -34.2159516948576 -34.2159516948576 24.9212186655586 6.98107758217701 -11.8291310545513 -11.8291310545513 67.2881858219669 0.174880883276568 0.908152419371131 1.37158400560516 1.8561925467835 0.316876682312273
0.625349882599606 1.60925355094402 1.03478851035092 0.400628487631238 49.2528712708594 -31.2010760815614 -31.2010760815614 24.1047433872757 7.23411959232838 -11.9823176274488 -11.9823176274488 61.9415821436412 0.198045315338464 0.604548201106937 1.27455602908723 1.67239692061602 0.394861946235542
0.624473200451725 1.63682119404741 1.01889816895112 0.401811135330256 55.5460903567168 -34.1862684283898 -34.1862684283898 25.4355031130285 7.02270346223367 -11.4854833278049 -11.4854833278049 65.4617174809882 0.189375821001427 0.972135333350288 1.25486546470985 0.582499650406915 0.100546812789204
0.610961689537366 1.65641002848585 1.02135553139134 0.403054112803075 50.6167630042211 -32.5354158664453 -32.5354158664453 25.3648857882266 7.90233547371689 -11.3553887350448 -11.3553887350448 55.4766637754345 0.178668615206829 1.09396768224564 1.49084627179295 1.92821315193084 0.596259462512437
0.61314303932746 1.61970709892531 1.00544592129144 0.39999827140653 52.7198499904915 -33.2002997823794 -33.2002997823794 25.390526565265 7.72282984780042 -13.8734682689007 -13.8734682689007 73.9391282938621 0.19953321294374 0.735866771456196 1.10262335278891 1.90371018655757 0.319677582860027
0.633446820343925 1.59126252609815 1.04531870320451 0.395165458185578 51.8864864808198 -32.8692072312216 -32.8692072312216 25.4324739173708 7.75348745183174 -13.293550087242 -13.293550087242 71.728706846406 0.178804839631568 0.887642061059582 1.31447467087547 2.1722007709484 0.642916605642388
0.607556517689789 1.62221336044393 0.989269054027069 0.391757404417373 57.3376767635131 -36.8545795433655 -36.8545795433655 28.0966835207468 6.42885064390411 -10.8267927924898 -10.8267927924898 62.6322810011163 0.202275261253165 0.586945306401797 0.900965483731477 1.83015782611399 0.546204283570531
0.608643890901804 1.59163840273974 1.00178528767713 0.388951879163155 56.0337388747528 -35.376302993858 -35.376302993858 26.853874031004 6.87406913961253 -11.4310924931229 -11.4310924931229 64.2518563276975 0.17932066614268 0.873137860658191 1.47332918070242 2.16340396770644 0.587897282486908
0.630227073778023 1.59716477156791 1.0275013972024 0.397851185173352 53.9518681117177 -33.8855561664729 -33.8855561664729 25.5110379477582 6.9280583779308 -11.4952357832114 -11.4952357832114 65.2613932745444 0.167754849282718 0.9381419917759 1.35875884798794 1.76763345446961 0.355550681238713
0.617515630026883 1.60669433710143 1.02942114271397 0.394516477155491 56.8622367271609 -35.7635166365871 -35.7635166365871 26.589468160812 7.69951373546037 -12.3414287409051 -12.3414287409051 66.9384227503833 0.204365051886418 0.6323887666703 0.893351231871677 1.72141946947755 0.277118886529818
0.626803787912452 1.63019301203352 1.02634829582256 0.395925761512243 54.3164952260156 -33.4971567967525 -33.4971567967525 24.7445247108609 8.46757628915217 -14.0553782691425 -14.0553782691425 65.4736179986013 0.186897389632691 1.36110018525465 2.15336960702226 2.49817146469465 0.612000794772413
0.613442411247242 1.61953290605383 1.00984221516156 0.396953764096325 54.4481751723087 -35.2194464833503 -35.2194464833503 26.7816995296391 7.76834579608221 -12.1543847120007 -12.1543847120007 63.1033554700365 0.175047860369515 0.88505283934984 1.27136735797402 1.52194508297452 0.391633728781721
0.616791925508876 1.61599883323467 1.01296822364014 0.39251402490413 56.6187866708781 -35.1497022167944 -35.1497022167944 26.4658551247538 7.49946408697407 -11.0241957936089 -11.0241957936089 59.2545803280984 0.168791711739145 0.375598656650132 0.556831936561711 1.32310435207923 0.156339488795154
0.622947609213323 1.63788411257521 1.02386034658396 0.407949250447915 57.1528343251342 -37.0738525426767 -37.0738525426767 28.5758453307277 6.86181240172773 -11.9781948617627 -11.9781948617627 67.1969588039941 0.173363501448176 0.689834900223784 1.39926768693548 1.44867143556991 0.132439742491111
0.622694113682018 1.61659556733865 1.01319378094205 0.403596419926974 58.0063214756041 -36.3106106205622 -36.3106106205622 27.2133764186159 7.66694446256843 -12.7993569211303 -12.7993569211303 62.2264336587455 0.189077770954388 0.588000542497471 1.30280995923587 1.50689514263972 0.664440699024354
0.6336571546897 1.57962948751146 1.02808845632072 0.396230525662872 54.1952360789547 -33.753424204992 -33.753424204992 25.9836550610251 7.39141928103141 -12.6831355725129 -12.6831355725129 64.3385768719585 0.213545726604027 1.14469468706686 2.02070416972255 1.91813119633483 0.614379122369862
0.633238917316729 1.61620853708715 1.03311059647847 0.382873835738904 47.5775290290853 -30.1966669749738 -30.1966669749738 23.5979306737674 7.42166700272128 -12.5010208005433 -12.5010208005433 65.3992189482333 0.180183410503898 0.858336477039853 1.61672004732493 1.85683942963671 0.486832162513992
0.632566868541877 1.62518145666068 1.03679799930674 0.393806735462551 55.8655637335008 -35.0514348412302 -35.0514348412302 26.1233829145541 7.87961789296053 -13.6663884256473 -13.6663884256473 68.7070875746495 0.190855363404767 0.874378834002891 1.37522893702068 1.92353258587847 0.409406734340965
0.615123310522827 1.62998968476587 1.00786725476437 0.396926290424723 52.3901755315472 -33.0438409639746 -33.0438409639746 24.9107493103258 7.53262222618675 -14.0132902911794 -14.0132902911794 78.841261763139 0.172996379342704 0.91831909653841 1.47478809426984 1.22027134973653 0.2635320194804
0.60553662507245 1.6098547871718 0.995509844440421 0.406982819934928 60.037869071966 -38.0411846544813 -38.0411846544813 28.6300782258878 5.84701144618864 -9.24896970086942 -9.24896970086942 54.2937732164695 0.197438783421047 0.234657532194277 0.693378469628807 1.36586552149809 0.105987471751497
0.647280921030526 1.6312001664977 1.05061575725688 0.399296201180929 52.3544226422043 -33.067931832134 -33.067931832134 25.2705466531541 7.55249569232151 -12.8719414170414 -12.8719414170414 64.0432712372631 0.163593935347925 0.954627214848764 1.55647346936741 1.15014517742833 0.255392906425055
0.619133720477171 1.61976463763568 1.02266338532508 0.401002110698769 50.6390103930063 -30.9869697933743 -30.9869697933743 23.3254315007924 8.49105408407349 -16.1609675905166 -16.1609675905166 73.1208776330432 0.180466928395336 0.770977260113903 1.38450907249187 0.936187258410339 0.156404602140922
0.607825068393898 1.59972008004325 1.00191166774731 0.392987475828955 53.0446695386261 -33.6574942151171 -33.6574942151171 26.1377301386013 7.66464248772122 -12.3097677334704 -12.3097677334704 65.4631113157116 0.192977454101039 0.304920934298669 0.533377276586454 2.15488416989048 0.493924233142117
0.62543970583675 1.60031232871372 1.03057426991453 0.399143159896766 57.5351854482592 -37.2316003596456 -37.2316003596456 28.2300768275121 7.07886406733973 -12.8087818058618 -12.8087818058618 64.6625192703873 0.160348491525255 0.407845592931476 0.796292215598894 0.951916847132456 0.372425791803886
0.65134711955246 1.63052566418834 1.05469902113021 0.403455152023202 55.1936300945611 -34.609638657165 -34.609638657165 26.1995531283191 7.35938270216231 -12.4820001929986 -12.4820001929986 62.622242571162 0.167451521313451 0.338302720427708 0.623210972518504 1.02452561537597 0.341725825278231
0.61767917138173 1.58621931853691 1.00370004338612 0.381205390204619 57.2529219361741 -36.0816769927871 -36.0816769927871 26.8511570657597 7.89726248106474 -13.4601216075316 -13.4601216075316 62.7533980554601 0.183680985830797 1.02374759731427 1.59232253271125 1.88140623046911 0.354874403342681
0.635626398395078 1.61099611774276 1.03317297203234 0.394857936055992 53.3605317650356 -33.1926086676894 -33.1926086676894 25.4449713395152 6.99191903024301 -12.3972023366816 -12.3972023366816 68.1263940000637 0.154255994807783 0.514638049838396 0.898310144131638 2.04588383218931 0.5006913319807
0.610217429398008 1.59785210814358 1.01273658734164 0.398024514434283 50.5215049691343 -31.8969521075406 -31.8969521075406 24.7600914473101 7.33649001672706 -12.3244897825615 -12.3244897825615 64.3131574754398 0.181256619645385 0.459188933332627 0.689475726442513 2.15722650388181 0.285165267609349
0.612022721563485 1.60532175198199 1.00754881492925 0.404308713686779 53.8295634334227 -33.8108189328643 -33.8108189328643 25.9842315596866 8.17158263768436 -13.4416972504981 -13.4416972504981 64.1906144677848 0.204702560005458 0.968606028360817 1.25558606205253 1.39039945944918 0.122584055891646
0.615653890779113 1.62795274936286 1.02267786628567 0.391527837718765 50.2897357272666 -30.8927050138673 -30.8927050138673 23.2220149202637 7.10457057727729 -10.906607889673 -10.906607889673 53.3275528685215 0.191473482286533 0.544521893617605 0.727573082125264 2.32817760096759 0.554503751478234
0.619465033352608 1.62017736089851 1.02656137881316 0.395392793234182 55.3980789801592 -35.1288138221563 -35.1288138221563 26.8518688612821 7.57654255783802 -13.7057130401287 -13.7057130401287 68.6780734341789 0.21175131020354 0.357328827702393 0.657266112860066 1.97885546422916 0.40192496011994
0.627355282266746 1.62579986724673 1.03022488000407 0.413128976476575 53.9577682017144 -34.2565284569187 -34.2565284569187 25.9889740084485 7.71539394308088 -12.566215485523 -12.566215485523 63.6646666346245 0.207707812303767 0.56580206504392 0.537987727185516 1.47386838275026 0.308956836166115
0.638369064541774 1.62887058720065 1.04144642224679 0.396524417152491 54.6714287270394 -34.779954577265 -34.779954577265 26.0008712323783 7.26905763493903 -11.4423680813418 -11.4423680813418 63.3554669716291 0.18069985838376 0.821545644768526 1.11554554580872 1.23813599256787 0.191881166623382
0.641956540627256 1.60818464610095 1.04993738427411 0.383295990013074 57.5628397785751 -35.5355079285229 -35.5355079285229 26.3014638219877 7.38814637420977 -12.8112182517937 -12.8112182517937 61.13146613233 0.205086148919653 1.0847275331173 1.7422620776015 1.67958117617669 0.495379742823482
0.627460352044143 1.6518738041602 1.03644382978695 0.401806103442427 50.020936329165 -31.0198564906002 -31.0198564906002 23.7129683325471 7.23448580489161 -11.7389269944758 -11.7389269944758 59.3595627806598 0.187033824604362 -0.178394408537536 0.0943752825588097 2.15774195507357 0.317164907315713
0.6154673302511 1.62239590552723 1.02149466825045 0.398286391945676 50.4213579319886 -31.8992595303728 -31.8992595303728 25.0459665146387 7.69059634327066 -13.0386859342213 -13.0386859342213 69.5204720767977 0.198160571114178 0.859921375527728 1.51033576999576 1.20695223441486 0.310964305647267
0.606130776169791 1.65534753350226 1.00065737740434 0.414974613059718 51.8973753810066 -32.3727995261234 -32.3727995261234 24.4181539689082 7.4416733316402 -14.6327763792006 -14.6327763792006 74.3081424889747 0.206581655863953 0.193539611214553 0.22273614581394 1.48955418891297 0.422423517427364
0.621387163689504 1.64680774314947 1.01897886617353 0.407170402397856 51.9170056746988 -32.199071144346 -32.199071144346 24.3306576867384 6.34837680915104 -10.2191691222833 -10.2191691222833 62.8534804456732 0.223879305111113 0.99797034308381 1.5871788342868 1.76224273103065 0.354418956237502
0.607984071595083 1.63148335592518 1.0147500309682 0.412400060743063 47.0910715813841 -29.3038038421646 -29.3038038421646 22.8180134994774 7.96705097522958 -12.6040523555375 -12.6040523555375 62.4664776508889 0.170449916755281 0.834312038885008 1.78006189362525 2.26722180394642 0.450912651064109
0.626958883676007 1.61520815075113 1.02259554379104 0.400148477243984 52.3905900337806 -33.0545125133657 -33.0545125133657 24.7688203103495 8.67017324211281 -14.2800543566262 -14.2800543566262 68.1893179983135 0.186130734137978 1.14190079844359 1.83679041557406 1.13227096641822 0.189446820530128
0.616607152135627 1.62524642965443 1.00830769568372 0.401277730770095 54.3089571241098 -35.4827383584386 -35.4827383584386 27.4576525465072 7.78751228716801 -14.0658240890084 -14.0658240890084 72.2322648693182 0.201500934003619 0.532142123648217 0.803050636936128 1.07101518726942 0.105230510599422
0.601639371352051 1.63492082367573 0.993796347413011 0.393048088400556 55.1329159642496 -34.2257384798046 -34.2257384798046 25.3651705630403 7.39880632826181 -11.5824081565671 -11.5824081565671 62.3461006078828 0.177519967433237 0.645967062621754 0.856957930515399 2.44838006541287 0.591046882798633
0.62108857741203 1.61238760857808 1.02067732547682 0.406727403408261 54.4788983999833 -34.8159235845515 -34.8159235845515 26.7361880504762 7.24493575810607 -10.7302933962823 -10.7302933962823 58.4839545781112 0.20427178313141 0.273767622113413 0.508037807168812 1.65064910984363 0.465084826584089
0.612691386506438 1.60973492449919 1.00583709374349 0.39406337404052 52.88448431033 -33.961061769952 -33.961061769952 25.6295362179348 6.8672312476121 -10.7979673897546 -10.7979673897546 56.2428031705779 0.184896696288229 1.12190726118945 1.82651532517933 1.58200605152412 0.144215004068852
0.61363155312193 1.63169225650275 1.00822123739405 0.406922242306812 53.0702269375094 -33.7672792198177 -33.7672792198177 25.5378797594201 7.5903572060059 -12.7449996645961 -12.7449996645961 66.3019819986669 0.20241481338261 -0.392764039826739 -0.49119039639741 1.48414310235847 0.373472892628127
0.621698105771663 1.65238161715279 1.01462846843592 0.405871243736369 53.3416789386822 -33.1838707749434 -33.1838707749434 24.9541165652993 7.00928721334672 -10.6248260014586 -10.6248260014586 61.4781369495463 0.194063217679928 0.661210033149702 1.29893834605541 1.8569183406829 0.415082800056186
0.618087850495115 1.59419742861762 1.00959501414796 0.399588201940385 53.1277278430139 -33.4315303760467 -33.4315303760467 25.0245368302228 7.1589796138971 -12.2908953560239 -12.2908953560239 64.9422889517878 0.191363228975869 0.729946335003908 1.38894655595258 1.46965952105943 0.340661580665969
0.606709600843839 1.63297650157992 0.989550574871804 0.402936336998925 54.7914334733844 -35.0876668660747 -35.0876668660747 26.641914089316 6.66894913007526 -10.4618547025493 -10.4618547025493 60.6072062764356 0.166537888740311 -0.301900552111124 -0.064403771814714 1.65077294506749 0.488800887609338
0.602806528626502 1.61528248842654 1.01183931144895 0.400767265474462 52.351619821851 -32.7642056579788 -32.7642056579788 24.8166120042978 7.64130185025561 -11.8024370731868 -11.8024370731868 60.4655453182538 0.196726700882715 0.902825389634111 1.1362977776186 1.223659930857 0.361281609914988
0.623028240353256 1.6061392532984 1.01786720038167 0.390361772830632 52.6354640056457 -34.1993631218289 -34.1993631218289 26.5846827293319 8.29132698956642 -13.994379265482 -13.994379265482 70.1975244046474 0.198308836603778 0.815226707519457 1.44349751496991 1.24875251774002 0.459779075830568
0.617198343454146 1.62305113860109 1.00673546408246 0.388203141278225 49.444786950258 -31.3048880388869 -31.3048880388869 24.2642965359478 7.71005425865559 -12.3505614292643 -12.3505614292643 68.1323818412688 0.171715442728916 0.862103870326146 1.56216149727535 1.29777994618534 0.440683704992029
0.633176190998143 1.62189055833422 1.03479359562992 0.398295129111664 53.0929801530844 -33.2624333608994 -33.2624333608994 25.2811559814418 7.78545479570432 -13.5660159705727 -13.5660159705727 68.0250989460335 0.227257460113588 0.278923687674873 0.585087457508641 1.16708542791262 0.0688184935789079
0.624946475199219 1.62380747128733 1.02518429129074 0.384511822015488 50.4280594532808 -31.7279533906586 -31.7279533906586 24.052620788764 7.86314735089314 -14.4729766088083 -14.4729766088083 74.0507376895613 0.201388718484023 0.422983680459679 0.403456996593732 0.978442718112415 0.244520929227928
0.614451236780493 1.60648241215089 1.01125703107041 0.393312487581065 54.9359594542407 -34.685932988882 -34.685932988882 25.9408597866489 6.94232227908648 -12.5955651601816 -12.5955651601816 68.7427112090931 0.220959256587637 0.478695274610128 1.01582319989305 1.97939197682986 0.442022272253907
0.637393973360187 1.60903146393677 1.05121722887987 0.392875829520364 51.014808621566 -31.162672695691 -31.162672695691 23.2002514487521 8.14142322840732 -13.8765396793773 -13.8765396793773 68.4390391292372 0.197457060211761 0.385670584848284 1.28415411296056 1.96717054641612 0.420049330524576
0.619454683934748 1.61890027579427 1.02038513556688 0.394003934682335 54.564105866799 -33.6929235595887 -33.6929235595887 24.8773003409252 7.31817563198058 -11.5931335541858 -11.5931335541858 57.1255547140755 0.16696816603933 0.86431540953719 1.21621331506881 1.31095905704493 0.4356750138293
0.610987623652273 1.58851989157735 1.00258558859418 0.394059531968945 51.1604834697865 -33.3665770734137 -33.3665770734137 25.8788576351182 7.14599181512688 -12.9369759496575 -12.9369759496575 67.0890145267374 0.191756788761089 0.917969568212561 1.42032305825435 1.60433644387853 0.300490256167782
0.616628514125134 1.66804056431526 1.01226460142709 0.398848751520242 50.1506344648164 -32.2218289059224 -32.2218289059224 25.1055993320071 7.24952420230131 -11.1903952218764 -11.1903952218764 63.7857862933771 0.180115501079291 1.25226926405193 1.71669104807065 0.598941752313127 0.224787556423659
0.618304007811618 1.60150721064116 1.01406719887727 0.400394733508813 55.5760093407901 -34.9603389139933 -34.9603389139933 26.5013882691779 6.94572165155146 -12.1295207361908 -12.1295207361908 67.7394419406053 0.179659350750257 0.855627230113431 1.39307865753994 1.19553754836393 0.71476323980997
0.619978263125762 1.58915624147493 1.01925082735686 0.40284404788256 54.702760667078 -33.8852359502711 -33.8852359502711 25.6685815938215 6.91086633684966 -11.1488863565982 -11.1488863565982 64.0569007283318 0.171768130767956 0.44418452198877 0.477816237488419 1.25874148394611 0.31110624906259
0.618767100826719 1.60374891659165 1.02915715058242 0.394521757523736 59.3503008450278 -38.1916891032037 -38.1916891032037 28.6818334598987 5.99253037854143 -10.4291325316096 -10.4291325316096 63.3977880807506 0.210035550800533 0.290518607638119 0.683578152898257 2.00489230578465 0.596248705393766
0.618870867199169 1.57625938986722 1.03025958282583 0.379928929372934 53.8922190985989 -33.8641448154353 -33.8641448154353 25.43532841681 7.35774389045198 -11.4445141656691 -11.4445141656691 59.9073519221236 0.180752731449846 -0.320570706134988 -0.55965986260365 1.28201050658128 0.592598239234305
0.610967665367948 1.61788795139313 1.0088879005151 0.396825092794901 56.4442375044328 -35.9713372593538 -35.9713372593538 27.3608390151231 7.33479726247212 -12.5438804578883 -12.5438804578883 61.8596642278537 0.203917358744082 0.269301733309967 0.292591725456592 1.96458136852929 0.64671008826974
0.632746010767542 1.6369938518456 1.03252066215336 0.409205497725207 56.7132680507778 -35.7903915684225 -35.7903915684225 27.3717001825135 6.89456649209916 -10.7364519088281 -10.7364519088281 61.386156426979 0.1554557569682 0.23934786380195 0.298088604740619 1.65334512138276 0.177975173555298
0.633797348162858 1.59621174343348 1.03788415089015 0.395260799168633 53.2094087856836 -34.325297961351 -34.325297961351 26.5392197996442 6.66679655081898 -11.6267570373003 -11.6267570373003 63.1175612579269 0.172138984695993 0.721952560538425 0.890158504052748 1.07752464063342 0.306762502935042
0.630798848921018 1.62778343123894 1.022887466287 0.413568038113454 59.6452127126966 -37.8654710891744 -37.8654710891744 28.6295606059113 7.14721552661416 -12.2239338991372 -12.2239338991372 61.5647241682565 0.192723282735808 0.737064566214495 1.29443866976495 1.4706629306424 0.192975013434873
0.633868479036437 1.60227203476363 1.04003755156355 0.395900736866502 53.4758287538523 -33.8516725863526 -33.8516725863526 25.6367757752342 7.33830407394422 -11.7648854571384 -11.7648854571384 68.559951610286 0.186035517148076 0.663340703947328 1.05893393664594 2.89830821426435 0.498348989754329
0.640427579969687 1.62655166067527 1.04563007026501 0.413049433843394 48.6895034740334 -30.5264638882226 -30.5264638882226 23.2651722202743 8.57878668490054 -14.7628704444222 -14.7628704444222 72.1701531652418 0.174459120344785 0.485547864208269 0.869082388199158 1.5536439282545 0.391768490715983
0.629227716695234 1.61760066422041 1.01893101942214 0.402773893637528 49.5325075596016 -31.1578259819121 -31.1578259819121 23.8550276302545 7.77133462252137 -12.0025450400361 -12.0025450400361 62.7442509866028 0.189925571092661 0.624301009662374 1.06276478681586 2.2854650752074 0.339457514499259
0.63238953468232 1.61418176703493 1.02801118381784 0.404275915262662 57.558294877304 -36.5577198357234 -36.5577198357234 27.01482216785 7.40245783204844 -12.396918579887 -12.396918579887 63.6344676331294 0.185974386895395 0.206568705756251 0.308306684917082 1.4066175733206 0.184540367874346
0.635497046518984 1.62733317915681 1.0308534644421 0.395626067396589 56.3218242372787 -36.0497558973809 -36.0497558973809 26.8991012972353 7.26919216351457 -11.6208967945914 -11.6208967945914 59.0718518812674 0.169783681124277 0.347998938087636 0.675031330680445 1.63493195083823 0.456130937160782
0.631045379924409 1.62148295974532 1.03429016388073 0.403685672443875 58.8435986830849 -37.2362135167733 -37.2362135167733 27.7470690322953 7.34467052023996 -12.9363064732293 -12.9363064732293 66.5686927111987 0.163303337606035 0.556536964894331 1.25489414324407 1.91031223604882 0.617088555892839
0.633636398584101 1.59863704096443 1.03317068662723 0.398927123302429 52.886803162623 -33.6780644759111 -33.6780644759111 26.3369562355134 7.30564383542179 -12.9202057846598 -12.9202057846598 65.0855106839374 0.186537099797525 0.581288364541734 1.11212152408406 0.844199015703622 0.230221932915361
0.612845209693542 1.63169018939188 1.00481257166784 0.400026097084678 52.9239499666514 -33.4302602807584 -33.4302602807584 25.7217472396594 6.79423503898116 -10.8956839271371 -10.8956839271371 60.2748400891847 0.162302541864819 1.24229812766963 1.92458039509759 1.3683561978284 0.518020304418927
0.625125652681211 1.62001534122607 1.02647108371431 0.394319140229015 56.1572207950659 -36.1431777208279 -36.1431777208279 27.4858438745761 7.80226267259844 -14.9711900500334 -14.9711900500334 73.7636985098447 0.199168563599425 1.15747007019666 1.7926933291258 2.00314658586155 0.504856766110598
0.608943392376292 1.63631701772512 1.00252815107699 0.401924668913381 50.0685014285838 -31.8859391390535 -31.8859391390535 24.4496058956433 7.58861453951577 -13.6498427958459 -13.6498427958459 64.7432188501157 0.171618942379974 0.42938219146838 0.646596301103764 1.55944937995723 0.47592691138961
0.619662477399987 1.60741378062979 1.01406578752497 0.382616181607302 52.575171767297 -31.9705886806937 -31.9705886806937 23.8104434597906 8.58276728027757 -16.0187515466112 -16.0187515466112 79.5470235752094 0.204984339950207 0.0574150454231566 0.0353661429994779 1.39782586890377 0.280375762139666
0.631517561641641 1.59859964736038 1.01482286235093 0.403463063155232 57.3042603539487 -36.9539871065327 -36.9539871065327 28.1867407609971 7.36248316647815 -12.4812403715226 -12.4812403715226 63.9694859955633 0.167768270922227 0.815075270867972 1.40448487665757 1.56901563396444 0.262199254443168
0.596125841545396 1.6346515898115 0.983681316364247 0.40466135062099 54.9828783319699 -35.0011321082599 -35.0011321082599 26.8729279394144 6.97399689083255 -11.78444874927 -11.78444874927 65.7928028778728 0.175980019272261 0.573673094841912 1.14250164368991 1.92113184862192 0.374006095290068
0.6292642280774 1.59330010429888 1.02543722053943 0.403351863378339 59.3605772095602 -37.4363334161656 -37.4363334161656 27.7481426165668 7.88036810661382 -12.4212577640092 -12.4212577640092 65.8859096743262 0.21708399786849 1.12384100321071 1.55052694143132 2.07048599514544 0.584893018469012
0.60926157499411 1.60714405575127 1.00934968092457 0.398767809391593 54.8442446928308 -34.5951343530064 -34.5951343530064 26.1985788488216 7.45254547050589 -12.4541631536063 -12.4541631536063 63.3135555400482 0.189946498442125 0.55471232951347 0.708304146569723 1.71861134244888 0.450457648327817
0.614346206903616 1.61471305799601 1.00226441693003 0.396764555964636 52.3634096175962 -33.2463804837662 -33.2463804837662 25.8785327497213 7.23148811315087 -12.8230294447543 -12.8230294447543 73.3412667205808 0.189980811577474 0.109946163939556 0.328832132558755 1.07211042760575 0.116410882016563
0.605204379452026 1.61347881620732 0.990655407965674 0.397051960162019 49.3533084989516 -31.5991854383936 -31.5991854383936 24.3731570886645 7.52324241925378 -11.4045497973756 -11.4045497973756 62.5804349787993 0.180640808465168 0.821163222365093 1.27729209483062 2.19762615547576 0.774531798478409
0.600853981808967 1.60114450354944 0.988561358472094 0.394360443180998 53.5923080104224 -33.1463799564353 -33.1463799564353 24.9872159417335 7.4907582412965 -12.348366778134 -12.348366778134 65.6056290230794 0.188417242069428 0.476506272731075 0.907554537585259 1.41488934467933 0.419095755564428
0.607497116809668 1.61418458490798 0.991669542562054 0.389729835524361 52.0603496569038 -33.288619555012 -33.288619555012 25.6160801367488 7.45657340062644 -13.3111591931916 -13.3111591931916 71.6127666248556 0.168195190780493 0.204884926033753 0.425360247749587 1.52834952037588 0.406101892111954
0.624760814117525 1.60757697884195 1.02221514788082 0.3929842310351 58.1116198056135 -36.1898011577354 -36.1898011577354 26.869031568751 9.17207220918765 -15.6619351138967 -15.6619351138967 71.4095333527443 0.200042146475717 0.682505641726176 1.18958982704717 2.2853245066802 0.550580092987902
0.624794195898949 1.65462714849468 1.01441837594391 0.408954095369159 51.4555373836089 -32.4660503808804 -32.4660503808804 24.5202062071539 8.88560939006805 -15.5631317449704 -15.5631317449704 68.2255212469936 0.186346485234168 0.871953367321048 1.38598111052259 1.82294972080348 0.464414410404112
0.622940556834229 1.66127571190719 1.00994450610199 0.409704258037673 52.2601244624352 -32.4068858612245 -32.4068858612245 24.4477597867587 7.66611557491778 -13.6726190587372 -13.6726190587372 67.635388828182 0.202103243143035 0.894374765468245 1.44836889094369 2.10621231376752 0.303890543590002
0.620562669556641 1.6095996518555 1.01829675313935 0.392058806819174 56.5338470017224 -35.3656948982594 -35.3656948982594 26.5854910509378 7.08981189349622 -11.4535764585875 -11.4535764585875 58.6204106980068 0.19454000071541 1.4732529615728 1.88017967614093 1.18487711987234 0.259465154169274
0.656687216391492 1.65052169481922 1.06968929567212 0.40070679304669 53.6218323011751 -33.9211406016542 -33.9211406016542 25.5585333214367 6.70978157288734 -12.618147065038 -12.618147065038 68.3708012884917 0.172993870081018 0.55883473352852 0.849196919318968 0.882524122428338 0.679785495372328
0.625372805119366 1.60522467808992 1.01831565411802 0.392168590117368 54.8288011822785 -34.2354255700834 -34.2354255700834 25.4700309893112 6.9511031843684 -12.8701909780577 -12.8701909780577 67.7257105027198 0.19393217764974 0.743073087667501 1.39915683893916 1.45357878057073 0.0505689882809071
0.610031524670479 1.61809962961133 1.00177735086025 0.401530759631074 56.4975210486408 -35.8324945686132 -35.8324945686132 27.0201785071817 7.75006915850099 -13.5446644286422 -13.5446644286422 69.5229507952744 0.193625008004331 1.17277464055732 1.79307384673773 1.20766038170338 0.228094187285239
0.629037951036279 1.59142240424871 1.0281737349903 0.386727989208364 54.8350693903082 -34.5119623605493 -34.5119623605493 26.1068029930231 7.69077791772005 -12.8121985865259 -12.8121985865259 60.0915109549909 0.176808655981792 0.235224822305952 0.715138124510518 2.10233390604809 0.47197054759299
0.59437509597957 1.60392119242873 0.987275797163921 0.396861379739122 49.6249213619543 -31.9165231492814 -31.9165231492814 25.0729612180883 7.30735483467665 -11.2990458041987 -11.2990458041987 56.593631112288 0.208058631264814 0.392231621546444 1.01576389153822 1.69178798398752 0.328706838675549
0.637280647238243 1.63557850099154 1.04385559502156 0.400766756364977 55.036717038619 -34.5438678491286 -34.5438678491286 25.7571455752844 7.53486472249005 -13.5348929706856 -13.5348929706856 68.379337285196 0.201450533626953 0.608684128759829 1.13854504770793 1.62308067894132 0.380120674204187
0.627953777654825 1.61149725830382 1.03553549346156 0.404457432411386 56.7503038064573 -35.9230206084296 -35.9230206084296 27.0898479264877 6.83540693088734 -11.1041537205098 -11.1041537205098 64.4767178406683 0.160663522588672 0.350356274048016 0.477270661070537 1.49832142017667 0.398584239052037
0.634613069849802 1.63167400425101 1.03641428813267 0.402057252369829 58.6933801664868 -37.022422750773 -37.022422750773 27.2745604247276 6.31802254823967 -10.449634737167 -10.449634737167 62.3739091403875 0.190894485076565 0.844262676866915 1.14476909197719 2.20154757673145 0.375311295646532
0.623419987753432 1.61651332170727 1.01309980016097 0.401931293808777 53.4432153971975 -34.4682174484183 -34.4682174484183 26.4117453019912 7.11727387849698 -12.8823070920293 -12.8823070920293 64.3086771629096 0.182054374734236 0.410349774994858 0.643775103877116 0.740312991432444 0.235156781230964
0.609544472655352 1.60192876695477 1.00998651648921 0.397954056049316 56.572975292863 -35.6928052307975 -35.6928052307975 26.812528920315 7.88322020885955 -13.5637995883438 -13.5637995883438 68.8406991906993 0.19750949096944 0.540752687069674 0.675524932859537 1.0915824090015 0.346441537684566
0.622302133678691 1.61552237406819 1.03093029109858 0.400960817374403 55.3314310516524 -35.322296139529 -35.322296139529 27.0548176927838 6.99089433199435 -11.3367181160627 -11.3367181160627 63.576644423802 0.184087066907027 0.35752559911812 0.681572513547112 1.33917753295677 0.340307811315941
0.612735961222127 1.58758173899284 1.01545707226126 0.378006192642771 55.9968583631578 -35.5601375423534 -35.5601375423534 26.8767759087159 6.68155582324393 -10.2059657571108 -10.2059657571108 61.0492285936666 0.170464690837667 0.386424846645424 0.33225057609428 1.92324731709113 0.207678824145803
0.628695536428931 1.57913683317831 1.02294884720066 0.396401183087946 52.4203794948869 -34.1757734457002 -34.1757734457002 26.3892445278619 7.34165947591833 -11.0709739247737 -11.0709739247737 57.5928163741461 0.177396622326384 -0.249427216636737 -0.314772289680283 2.05720622799375 0.651226601476451
0.654871658857574 1.61604095390598 1.05164283651962 0.396430971715835 53.6573144755345 -34.137013192043 -34.137013192043 26.0671489229379 6.8794215858755 -11.1341031516097 -11.1341031516097 58.9902484263312 0.19320049837369 0.967507724984984 1.23508530309381 0.830229624055244 0.29751518882165
0.629573493997566 1.627769410407 1.03590761732244 0.404098673326618 52.5156912190071 -33.1844370675641 -33.1844370675641 25.683481537604 7.94086831308519 -15.1418429865727 -15.1418429865727 72.6093422926108 0.18120420487642 0.597871247018709 0.903764972552725 2.31328559966489 0.258521529557526
0.645206910868903 1.61586222269594 1.05685056658119 0.3954789334975 57.5986387399977 -36.8538086590765 -36.8538086590765 28.2637210721149 7.64415053491879 -12.7896331140496 -12.7896331140496 67.3784989793566 0.192901603687555 1.23722493290039 1.91449339289098 1.39520649276299 0.352860964492843
0.61035462459384 1.61664143277507 1.00505117192873 0.404629247803397 56.7102212520047 -35.6986010651332 -35.6986010651332 27.0795992307356 8.18173238372774 -12.4245296697019 -12.4245296697019 59.330564069985 0.211419821278887 0.893928672114621 1.28465569258288 1.14404008980428 0.19494280429514
0.621183086422882 1.65040662590648 1.02285728652059 0.400274056774789 55.5380710472908 -35.6558949671058 -35.6558949671058 27.0800064075624 7.81287804486182 -12.0004647026419 -12.0004647026419 60.3809643710555 0.188381720949028 0.0568868648196829 0.106890463261896 1.39692585158422 0.464086986625472
0.635789274539913 1.63566078214661 1.03392587245628 0.410514895196406 53.5832285484912 -34.6390207777597 -34.6390207777597 26.9226871719458 7.37352490642135 -12.6166616921816 -12.6166616921816 68.2267244219533 0.180619415888093 0.862844932245265 1.06443276343108 2.73763256659111 0.677618239315966
0.618468852820583 1.62122959504776 1.02094325086131 0.39932401385712 52.158510185587 -32.8794190378044 -32.8794190378044 25.5415765959214 7.49660966457813 -13.3553181121312 -13.3553181121312 69.2582930320588 0.181354295264952 0.271324321169961 0.884031843682529 1.53506730517793 0.467889328778384
0.62871886409787 1.63022509001457 1.03756687814332 0.396227424904379 52.3499682875958 -33.7531706373874 -33.7531706373874 26.517949481182 6.79472507039908 -11.7956596632969 -11.7956596632969 64.4193597879624 0.213523308782975 0.594351468230878 0.896031107321067 1.70157208458329 0.536210343872067
0.59382626287901 1.59401626974487 0.983380398256267 0.393732047522493 54.0638710271822 -33.3445144520339 -33.3445144520339 25.118615922389 7.11794854454044 -11.7665992292866 -11.7665992292866 58.3377978689197 0.183025993290743 0.781176951256671 1.0170850366551 1.91277140932688 0.452383546713831
0.628907174690424 1.6030903367087 1.01021546167978 0.40026535057936 53.5478823234492 -34.0701791296263 -34.0701791296263 25.8749614632376 8.03148666178301 -14.8383748369348 -14.8383748369348 72.76260136794 0.186041831867345 0.405134313384314 1.00404768251146 1.64468892730147 0.327408969634664
0.614694188657038 1.62326759676031 0.999880478747799 0.401027095195099 54.0761011107466 -34.6840309346366 -34.6840309346366 26.9514469348799 8.01462988547472 -12.296726783295 -12.296726783295 60.1927886726309 0.183748687476668 0.654256661910413 1.28832368192455 2.09389811405503 0.37827436524502
0.621474722492001 1.6338713813158 1.00752788327615 0.403538352784511 51.323539720817 -32.1866199304428 -32.1866199304428 24.362055438233 7.80855418353488 -12.8841848472939 -12.8841848472939 65.8503478080267 0.195049713997233 0.628403137616131 1.16049880300007 1.99251642951511 0.52638100397937
0.637147589345509 1.61397662010781 1.04171818228916 0.402679124775569 58.7887615747955 -37.5389271739448 -37.5389271739448 28.6075901592602 7.82700307304979 -11.7524704828936 -11.7524704828936 60.1235213812299 0.180857899930607 0.565501588485961 1.17465585307918 1.51258186644049 0.654836002643135
0.632405293385379 1.61966591278245 1.0210871927819 0.403856273910589 56.9077468428746 -36.781975899792 -36.781975899792 28.3139094995231 6.75402442036507 -11.7386267440814 -11.7386267440814 61.9059452029308 0.19478846116372 0.0801951175476665 0.468468510077434 1.43316898655261 0.519838298261236
0.639296551091344 1.64533362301247 1.04640162275101 0.400952679305499 54.032470687172 -34.0510190600211 -34.0510190600211 26.2108148158541 6.3102159966116 -10.765617870218 -10.765617870218 58.2272882523029 0.202266868295814 0.340270243715023 0.617658425626811 2.0599298658803 0.301353210311411
0.615663994584767 1.60160117938328 1.01307472585571 0.398324177155805 57.6357905982266 -36.1368983916402 -36.1368983916402 26.8271689825722 7.25840241476728 -12.4010483817513 -12.4010483817513 67.8883391575838 0.179504955072311 0.509916478949086 0.720204561011798 1.34776627963557 0.268764767968306
0.621454973140798 1.59948643092727 1.00806396222949 0.401304066666626 51.8654645428811 -33.296593121147 -33.296593121147 25.7848283608228 6.83407667868019 -10.4681672641559 -10.4681672641559 60.5947727539337 0.204448047467817 0.973261677181817 1.40317406067435 1.65526571434796 0.435275817397858
