0.9956
0
0
0.9982
0.999
0.9986
0.9988
0.8478
0
0.9976
0.9994
0
0.8194
0.9362
0.9846
0.9914
0.9986
0.999
0.098
0.002
0.9996
0
0.9986
0
0
0
0.9974
0.9984
0.9988
0.9988
0.9986
0.9988
0.9966
0.999
0.9962
0
0.746
0.9994
0.9984
0.6402
0
0.998
0.968
0.9988
0.9978
0.9986
0.9258
0.9944
0.9992
0.998
0.9958
0.9816
2e-04
0.9984
8e-04
0.0178
0.0196
0.9894
0.9936
0.9984
0.9994
0.9998
0
0
0.9904
0.9988
0.9262
0.998
0.9942
0
0.9928
0
0.9988
0.9982
0
0.9354
0.999
0
0.9476
0.9778
0.9994
0.9994
0.999
0.9822
0.9952
0.969
0.9996
0.9984
0.9988
0
0.946
0.9936
0.9986
0.9982
0
0.9978
0
0
0
0
6e-04
0
0.9952
0.9984
0.92
0.1886
0.9994
0.994
0.5518
0.0018
0
0.9992
0.1964
0.9882
0
0.999
0.6346
0.9986
0.9994
0.999
0.9978
0.999
0.9962
0.9746
0.961
0.9992
0.9956
0.9988
0.999
0
0
0.9988
0.9984
0.9242
0.0018
0.8646
0
0.998
0.923
0.9984
0.999
0.999
0
0
4e-04
0.9994
0.9864
0.9934
0.9966
0
0
0.9978
0.977
0.992
0.153
0.9988
0.999
0.9272
0.9988
0.9988
0.8922
0.9994
0.9954
0.97
0.9984
0.9994
0.9448
0.9984
0.9776
0.998
0.9986
0.9916
0.9974
0.8718
0.9984
0
0.9982
0
0.9964
0.9698
0.9988
0.994
0.9988
0.9988
0.9962
0.9988
0.9988
0.9772
0.9956
0.9992
0.9978
0
0
0
0.9994
0.989
0.9992
0.9994
0.9036
0.999
0.983
0
0.9994
0.9988
0.9934
0
0.9892
0
0.98
0.9786
6e-04
0.9986
0
0.9974
0.0044
0.9988
0
0.999
0.8444
0.999
0.6966
0.9408
0
0.9712
0.9918
0.9634
0.9954
0.9984
0.9662
0.999
0.9992
2e-04
0.9712
0.9978
4e-04
0.9982
0.991
0.9994
0
0.999
0.9976
0.999
0.999
0.999
0.9974
0.9988
0
0.9926
0.999
0.9984
0.9978
0.9984
0.9962
0.5264
0.9974
0.999
0.9996
0.9068
0.9952
0.0418
0.9978
0.9982
0.908
0.9936
0.9982
0.9994
0.9988
0.8748
0.9604
0.9972
0
0
0
0.9988
0.8706
0
0.9712
0.9994
0.9982
0.9462
0.9936
0.9992
0.9974
0.8518
0.9992
0.9964
0.9984
4e-04
0.9948
0.963
0.8468
0.9992
0.9984
0.9962
0.9988
0.954
0.005
0
0.987
0.7694
0
0.4278
0.999
0
0.9988
0
0.9976
0
0.9988
0.3054
0.9866
0.989
0.9912
0.9982
0.9932
0.991
0.999
0
0.0012
0.999
2e-04
0.909
0.9862
0.0648
0.915
0.9984
0.996
0
0.9968
0.0022
0.9982
0.5664
0.9986
0.8966
0.975
0
0.8644
0.9756
0.9992
0.9986
0
0.9992
0.9992
0.6738
0.9982
0.9992
0
0.9982
0.9974
0.9984
0.9988
0.3854
0
0.9978
0.9986
0.9992
0.9978
0.9956
0.998
0.9982
0.9992
0.9986
0
0.9994
0.9942
0.9996
0.9982
0.012
0.9934
0.999
0.008
8e-04
0
0.9994
0.9826
0.9976
0.9976
0.9992
0.9984
0.946
0.999
0.9912
0
0.9962
0.997
2e-04
0.9064
0.995
0.9986
0.9982
0.9478
0.9586
0.9932
0.866
0
0.9994
0.9994
0.9994
0.7272
0.9974
0.9996
0.1278
0
0.9992
0.9986
0.9982
0.8166
0.9992
0
4e-04
0.997
0.9948
0.9136
0
0.9988
0
0.996
0.9986
2e-04
0
0.9954
0.9992
0
0.9992
0.999
0.9988
0.9992
0.9994
0.9984
0.9772
0.999
0.9982
0
0.6388
0
0.8638
0
0.9982
0.9984
0.9974
0.9992
0.0814
0.9986
0.9996
0.6744
0.9956
0.9952
0.9794
0.9958
0.9058
0.9986
0
0
0.9978
0.9916
0.9968
0.999
0.8386
0.9876
0.9992
0.9992
0.6756
0.0032
0.9986
0
0
0.991
0.834
0
0.0154
0.9988
0.999
0.9824
0.9958
0.9982
0.9988
0.994
0.9976
0.9996
0
0.9978
0.9902
0.9986
0.932
0.9992
0.9948
0.9608
0.9978
0.9976
0
0.9982
0
0.9968
0.9988
0.999
0.9814
0.9876
0.9986
0.9976
0.9872
0.9778
0.9718
0.9984
0.972
0.9942
0.9956
0
0.9988
0.9852
0.9992
0.9994
0.9972
0.9954
0.965
2e-04
0.9988
0.0242
0
0.9994
0.9946
0.999
0.9938
0.998
0
0.0306
0.5544
0.9988
0.999
0.9944
0.8846
0.9986
0.9976
0.999
0
0.9698
0
0.9988
0.9966
0.984
0.9938
0.9992
0.9992
0
0.9978
0.9962
0.9764
0.999
0.9988
0.9992
0.9988
0.9988
0.9734
0.998
0
0.9986
0
0.8798
0.998
0.021
0.7504
0.999
0.999
4e-04
0
0.9988
0.9994
0.985
0.9998
0.8814
0.999
0.9772
0.9992
0.9986
0
0.9804
0.9986
0.9464
0.9988
0.9822
0.6888
0.9994
0
0.9982
0.9992
0.9966
0.936
0.0358
0.9988
0.3584
0.9992
0.9978
0.9984
0.0128
0
0.934
0
0.9952
0.9972
0.996
0.9992
0.906
0.995
0.9962
0.9992
0.9982
0.9992
0.996
0.9992
0.999
0.8568
0.999
0.9576
0.998
0.9954
0.9992
0
0
0.999
0.9608
0.9988
0
0.9948
0
0.9982
0.9988
0.9988
0
0.8186
0.9936
0.9626
0
0.0018
0.9986
0.9992
0.9984
0.9856
0.0064
0.995
0
0.991
0.9568
0.9984
0.991
0
0.9994
0.9968
0.9968
0.9988
0.9958
0.9824
0
0.9978
0
0.9988
0.0084
0.39
0.955
0.9986
0
0.9914
0
0.9982
0.9948
0.9992
0.0152
0.9814
0.9962
0.9126
0.9224
0.9794
0.9992
0
0.998
0.9944
0.9988
0.9958
0
0.9994
0
0.9958
0
0
0.9974
0.9976
0
0.9948
0
0
0
0.9622
0.999
0.999
0.9844
0.9982
0
0.987
0.9988
0
0.8456
0.9986
0
0
0.999
0.9986
0.0012
0.9378
0.9988
0
0.9992
0.8378
0.0012
0.9434
0.9986
0.9986
0.999
0.987
0.9986
0.9774
0.9994
0.9954
0
0.9992
0.9988
0.9856
0.0876
0.999
0.9198
0.9992
0
0
0.983
0.9982
0.9956
0.0024
0.001
0.9978
0.9994
0.986
0.997
0
0.8854
0.9924
0.988
0.999
0.5038
0.9394
0.999
0.9988
0.999
0.9982
0.944
0
0.9926
0.971
0
0
0.9992
0.9982
0.9986
0.9926
0.9786
0.02
0.9992
0.002
0.9982
2e-04
0
0.9638
0.9994
0.9994
0.999
0.9954
0.9982
0.9986
0.997
0.9272
0.9936
0.9754
0.9958
0.0116
0.999
0.9996
0
0.9902
0.9986
0.8772
0.9982
0.9994
0.9534
0.0026
0.9988
0
0.9992
0
0.9992
0.9652
0.9986
0
0.987
0.9984
0.9994
0.9902
0.8758
0.999
0.9566
0.6776
0.9498
0.0272
0.9978
0.9994
0.9544
0.9968
0.8658
0.9988
0
0.0054
0.8996
0.0036
0.9906
0.9984
0.9966
0
0
0.999
0.997
0.998
0.8822
0.9988
0.9974
0.9992
0.8822
0.9914
0.993
0.998
0.0014
0.9992
0
0.9984
0.9928
0.9992
0.995
0.8858
0.9988
0
0.999
0.9986
0.9664
0.9988
0.999
0.9974
0.999
0
0.9894
0.998
0.999
0.999
0.9986
0.9992
0
0.9812
0
0
0.999
0.998
0
0.9978
0.999
0.7824
0.9988
0.999
0.9988
0.9994
0.9248
0.0044
0
0.9974
0
0.999
0.9962
0
0.999
0
0.9994
0.9992
0.9954
0
0.9982
0
0
0.9772
0.9942
0.9984
0.999
8e-04
0.9992
0
0
0.9984
0.8594
0
0.9968
0
0.9992
0
0.9984
0
0
0.999
0.9902
0
0.9988
0
0.9984
0.0046
0.9994
0.9996
0.9996
0.9984
0.9988
0.973
0.9992
0.999
0.9988
0
0.9994
0.9996
0
0.9978
0
0.9998
0.9944
0.9994
0.9984
0.9992
0.0012
0.9992
0.9994
0.999
0.9992
0
0.9996
0.987
0.9958
0.998
0
0.7836
0.9984
0
0
0.9988
0.9976
0.9992
0.9996
0.9984
0.1396
0.9988
0.9992
0.9992
0
0.9274
0.9996
0.994
0.9994
0.9998
0.9988
0.8834
0.9992
0.8458
0.9992
0
0.984
0.9994
0.9996
0.9996
0.9992
0
0.9996
0.9626
0
0.9954
0.8328
0.9972
0.9992
0.8766
0.9876
0.9936
0.9984
0.921
0.9992
0.9988
0.984
0.9988
0.9956
0.0012
0
0
0.9988
0.9988
0.9982
0.9968
0.9988
0.8372
0.949
0
0.9388
0.999
0
0.9912
0.985
0.9958
0.9988
0.2282
0
0.994
0.9808
0.9984
0.997
0.9942
0.9982
0
0.9954
0.9986
0.9968
0.9984
0.941
0.9988
0.9668
0.9956
0
0.9974
0.9604
0.9982
0.9992
0.9966
0.999
0
0.9506
0.9952
0.999
0.992
0.9848
0.9964
0.7476
0.9984
0.9898
0.999
0
0.9984
0.9966
0.6836
0.9984
0.998
0.9984
0.9994
0.9994
0.9984
0.9984
0.9292
0.9982
0.9978
0.9992
0.998
0.999
0.949
0
0.9466
0
0.9992
0
0.999
0
0.5404
0.9992
0.9964
0.201
0.9992
0.9988
0.9696
0.9988
0
0.9938
0
0.9828
0.998
0.9994
0.9988
0.054
0.999
0.9816
0.999
0.9974
0.996
0.9952
0.9966
0.9914
0.0042
0.998
0.9984
0.7054
0.9808
0.9978
0.9192
0.9954
0.9868
0.9822
0.9992
0.9974
0.9452
0.9468
0.9956
0.9954
0
0.9992
0.022
0.9992
0.9956
0
0.9992
0
0.9986
0.917
0.9938
0.9724
0.5612
0.9928
0.985
0.9976
0.0084
0.9994
0.867
0
0.9992
0.9912
0.9988
0.9994
0.0086
0.5292
0.9982
0.874
0.999
0.0224
0.9984
0.9424
0.999
0.9994
0.9856
0
0.9986
0.9768
0.9904
0
0
0.993
0.9816
0.9976
0.9934
0.0032
0.995
0.9984
0.999
0.9836
0.9882
0.6682
0
0.9936
0
0.9128
0.9842
0.3008
0.9978
0.3594
0.9768
0.9296
0.9982
0.9972
0.9922
0.9994
0.9954
0.9514
0
6e-04
0.9972
0.9988
0.9994
0.9994
0
0.9932
0
0.9982
0.002
0.9026
0.9976
0.9976
2e-04
0.9884
0
0
0.9268
0.9992
0
0.9954
0.999
0.9972
0.9912
0.9712
0.988
0.9988
0.9982
0.999
0.9992
0
0.9928
0.9452
0.164
0
0.9984
0.999
0.9952
0.9346
0.9992
0.9796
0.999
0
0.9922
0.9982
0.9992
0.998
0.9986
0.9984
0.9988
0.9952
0.9996
0.9992
2e-04
0.99
0.9952
0.9988
0.996
0.9992
0.9974
0.9836
0.9986
0.9974
0.9946
0.9992
0.0138
0.7876
0.9986
0.9988
0
0.9988
0.9988
0.998
0.0518
0.9838
0.9878
0.9856
0.0198
0.9534
0.999
0.9992
0
0.012
0
0.994
0.9688
0.9402
0.9886
0.941
0.8514
0.999
0.9986
0.9994
0.9942
0.5916
0.9988
0.997
0.9836
0.9946
0.9826
0.9992
0.9814
0.8038
0.9984
0.9984
0.9988
0.9764
0.9946
0.817
0.9054
0.9954
0.996
6e-04
0.9986
0.9882
0
0.9924
0.992
0.9782
0.9992
0.5192
0.9834
0.1818
0.9946
0.998
0.9988
0.9958
0.998
0.9934
0.9976
0
0.9828
0.9926
0.9426
0.9994
0.9948
0.9442
0.997
0.9646
2e-04
0.9988
0.9986
0
0.9928
0.9174
0.9962
0.8876
0.961
4e-04
0
0.997
0
0.9988
0.9874
0.006
0.995
0.9966
0.9992
0.9582
0.9776
0.9994
0.999
0
0.0014
0
0
0
0.9984
0.9392
0.999
0.959
0.9992
0.9378
0.9988
0.9996
0.9994
0.9966
0.9606
0.9986
0.3522
0.9992
0
0.9962
0.6758
0.9988
0
0.999
0
0
0.001
0.9988
0.9972
0.9974
0.9976
0.8142
0.9984
0.9956
0.9914
0.9862
0.8138
0.001
0.0046
0.9988
0.9788
0.952
0.9978
0.9546
0.9888
0.9986
0.9614
0.9962
0
0.9984
0
0.982
0.9972
0.9986
0.9932
0.9986
0.9002
0.996
0.9524
0.9856
0
0.9974
0.9832
0.9976
0.9924
0.92
0.9192
0.9982
0.999
0.9788
0.9706
0.999
0.9982
0.9968
0.9448
0.9974
0.9894
0.999
0
0
0.8486
0.0036
0.9974
0.999
0
0.9984
0.768
0.997
0
0.9778
0.9958
0.9994
0.9672
0.9946
0.9944
0.984
0.6488
0.872
0.9986
0.9176
0.9948
0.9828
0.9964
0.9894
0.9976
0.996
0
0
0.951
0.747
2e-04
0.9988
0.9328
0.9936
0.9304
0.9984
0.9964
0
0.9974
0.0032
0.023
0.99
0.9988
0
0
0.961
0.1642
0.9976
0.996
0
0.9882
0.999
0.9982
0
0.9976
0.9492
0.906
0.999
0.9734
0.9988
0.9982
0.9976
0.991
0
0.6292
0.0876
0.999
0.9578
0.9982
0.999
0.3264
0.9962
0.999
0.9978
0.9966
0.9986
0.999
0.9984
0.9992
0.9876
0.9906
0.9892
0.9966
0.0024
0.997
0.9984
0.9966
0
0.9986
0.999
0
0.9978
0.9912
0.999
0.996
0.9982
0.9772
0.9986
0
0
0.7532
0.9988
0
0.9986
0.9554
0.0046
0.9974
0.999
0.999
0.9966
0.9902
0.9984
0.9216
0.999
0.981
0.9982
0.9992
0.995
0.999
0.0102
0.9982
0
0.9942
0.8766
0.9988
4e-04
0.9984
0.9992
0.9976
0.9796
0.7274
0.9968
0.9646
0.9994
0.9864
0.9994
0.9982
0
0
0.9986
0
0
0.9926
0.0022
0.9964
0.0422
0
0.9848
0
0.9974
0
0.9986
0.914
0
0
0.9984
0.9842
0.999
0.9878
0.9556
0.991
0.9944
0.9914
0.9878
0.789
0
0.8434
0.992
0.9946
0.9986
0.999
0.9434
0.7418
0.9984
0.9986
0.9988
0.9958
0.9962
0.9982
0.5838
0.9988
0.963
0
2e-04
0
0.9988
0.95
0.9992
0
0.995
0.9974
0.997
0.9828
0.9616
0.9498
0.9994
0.9948
0.9964
0.9652
0.9998
0.9974
0.9988
0.9578
0.9984
0.9992
0
0
0.9968
0.9982
0.9992
0.0066
0.6706
0.991
0.9958
0.4466
0.9582
0.9964
0.9978
0.998
0.9996
0.9984
0.4126
0.9598
0
0.0392
0.9968
0.9642
0.9982
0.0076
4e-04
0.9988
0.9968
0
0.984
0.9088
0.9986
0
0.9468
0.9984
0.9982
0.9986
0
0.9958
0.9958
0.9992
0.9886
0.9996
0
0.9998
0.994
0.9814
0
0.9986
0.9884
0.994
0.999
0.029
0
0.9988
0
0.999
0
0.9994
0
0
0
0.996
0.996
0
0.9988
0.9988
0.999
0
0.9984
0.999
0.9992
0
0.8898
0
0
0.9968
0.9974
0
0.8962
0.996
0.9946
0
0.8064
0.9974
0.9842
0.9988
0.9992
0
2e-04
0.9978
0.9882
0
0.9696
0.9948
0.9966
0.0016
0.997
0.9916
0.996
0
0.9994
0.9992
0.7044
0.9692
0
0.9992
0.9142
0
0
0.002
0.999
0.0034
0.9974
0
0
0.983
0.9766
0.9942
0.9982
0.9844
0.9924
0.5406
0
0.9992
0.9912
0.9052
2e-04
0.9974
0.2436
0.9754
0.9968
0
0
0.9922
0.9968
0.9984
0
0.9988
2e-04
0.9808
0.9986
0.9748
0.9544
0.9944
0.9992
0.951
0.9144
0.8282
0
0.9992
0.9994
0.0236
0.9792
0.996
0.9992
0.978
0.9646
0.9968
0.9152
0.9848
0.213
0.9994
0.9696
0.455
0.994
0.9954
0.981
0
0.9986
0.9976
0.2342
0.998
0.9578
0.9408
0.9986
0
0.991
0.9978
0.9968
0.998
0
0.982
0.9984
0
0.791
0.215
0.9668
0.9978
0.9994
0.9988
0
0.9988
0
0.0022
0.9974
0.8506
0
0.9658
0.9986
0.9992
0.9982
0.9986
0.9992
0.9988
0.9992
0.9632
0.9584
0.9994
0
0.9936
0
0.9982
0.9986
0.9992
0.9994
0.9974
0.9978
0.9926
0.9984
0.9988
0.5128
0.9988
0.9876
0.9992
0.9988
0.999
0
0
0.8818
0.9996
0.9944
0.9982
0.95
0.9906
0.9962
0
0.9992
0.9996
0.9984
6e-04
0.997
0.9478
0
0.969
0.9994
0.9986
0.9928
0
0.9992
0.9996
