mu[1,1] mu[1,2] mu[2,1] mu[2,2] tau[1,1,1] tau[1,2,1] tau[2,1,1] tau[2,2,1] tau[1,1,2] tau[1,2,2] tau[2,1,2] tau[2,2,2] probdiff predOne[1] predOne[2] predTwo[1] predTwo[2]
0.570004667690993 0.664717879097346 0.973119498728319 0.857367285703754 98.5571878383498 -61.0477208021244 -61.0477208021244 43.087620929631 4.98293621341577 -5.24785973418056 -5.24785973418056 6.20604174801325 0.087972165727321 0.854908756162816 1.4714733329672 1.01164083478056 1.30436954456694
0.568791258860361 0.665463989264023 0.985375856934864 0.757544742017888 115.784564580729 -68.6260453132195 -68.6260453132195 47.8095808958768 16.6602487813666 -0.0161998808100616 -0.0161998808100616 6.45320501168719 0.347284140943411 0.656054155059241 0.91999629162208 0.702772527544184 0.610421458268708
0.583850657023863 0.671770802152227 1.01119952954681 0.711901741244242 111.317197257197 -66.1675434231231 -66.1675434231231 46.8158538713645 17.0383892680389 0.797219710912498 0.797219710912498 7.34521449773474 0.447086879957303 0.741781864675104 1.4332768928419 0.724166257435404 0.280914907125372
0.575222694853656 0.673613633966432 0.988043871596751 0.651003165119143 103.346994325237 -61.0201030767652 -61.0201030767652 43.9372074712161 16.8804851604715 1.10444051138961 1.10444051138961 7.93462098672006 0.535471018509282 0.408002857389035 0.745670956132653 0.409324933264433 -0.0594390122524162
0.585527805227929 0.686468232561982 1.00467119037858 0.62534738478904 104.851835968325 -60.9069673080683 -60.9069673080683 43.3680021655064 15.9291929104868 0.931959302261194 0.931959302261194 7.88551337333499 0.557321226899903 0.384544176564729 0.720938964772825 0.815615254273058 0.538691482758883
0.586338404499424 0.694153300917074 1.00364313450115 0.600254798711271 100.948390597508 -59.943971439175 -59.943971439175 44.2925940677371 15.4096968936122 1.0635704925467 1.0635704925467 8.47147445807714 0.606932746172841 0.613062600211405 1.3251566477166 0.910025383922411 -0.692165592944939
0.583981306870017 0.701503430573143 1.00675913073034 0.558471653680133 101.517085587497 -60.4104606814751 -60.4104606814751 44.1265666334487 14.9778532498552 0.313393454532372 0.313393454532372 8.93447198311956 0.646905267596766 0.653920744453937 1.00997950605887 0.488164805587094 0.751323894007589
0.575056261901128 0.739336312540902 0.992669468546691 0.517754052872525 98.8782014882812 -56.2351739281522 -56.2351739281522 40.7954208022401 13.8580304434333 -0.273311565479253 -0.273311565479253 12.1103830530355 0.676371371182973 0.610127093408136 1.27790298212645 0.72331949431068 0.550134717216813
0.575167015878187 0.735718482717013 0.984041551835781 0.485865514054877 99.438844009347 -55.6951003467008 -55.6951003467008 39.3188932673509 14.7352011197647 -1.26782968759148 -1.26782968759148 14.2015421849527 0.713714088325267 0.0488318040179233 0.147174828295024 0.502908045850368 -0.0332964927677334
0.586763183472641 0.750889827955634 1.00505128498452 0.44975314972726 96.872671286904 -55.9048616010225 -55.9048616010225 41.1001474513143 12.8718645665006 -2.47863503253803 -2.47863503253803 19.9054694136548 0.720713097994526 0.614741141210003 1.33396904858611 0.723353958405383 0.441395070930129
0.582959244838903 0.779247492383664 0.996345268270656 0.416076357446905 99.7340795786596 -57.0336300655317 -57.0336300655317 41.3514151150818 15.6458152071069 -5.28928791642311 -5.28928791642311 23.6438105981296 0.731951426599275 0.486074950659523 0.739948826532039 0.754350851267461 0.698311970802022
0.57340452705066 0.759041592998274 0.983341154569207 0.397946563523688 95.1926274501738 -55.4350782072952 -55.4350782072952 41.1373373782056 14.0365247730223 -6.99898507204667 -6.99898507204667 39.8219420328741 0.75097677796683 0.204918958220366 0.538149021654161 0.607068999269942 0.314513722369358
0.586824904443503 0.772624198210059 1.00111656006497 0.373727452868967 86.3999722730805 -49.2789084827207 -49.2789084827207 37.0078076761347 14.3721443377693 -9.76974609049812 -9.76974609049812 46.9873006252059 0.752036255688421 0.641772942453016 1.3090186538543 0.773914560531456 0.335457229060168
0.580361637157162 0.771652133793225 0.989790120052756 0.359946434807608 88.5577702807892 -51.0282363346804 -51.0282363346804 38.1234092848564 18.6031292512385 -14.6912101013822 -14.6912101013822 53.3494271779783 0.766338636130444 0.532179470123568 0.780544538786332 0.666878174685164 0.224496726736671
0.568699426312662 0.804766972427771 0.96410051799444 0.368809390082005 90.4424703139587 -51.8337281548583 -51.8337281548583 38.3823442394198 17.4856128805618 -17.5154963627269 -17.5154963627269 61.1608388154457 0.77204379964146 0.893276485148978 1.18095056868896 0.75839038513154 0.281886133449789
0.579662311268167 0.777467280252963 0.984606279312079 0.353016975168575 90.3238471440928 -51.4644509657428 -51.4644509657428 38.0447518142453 20.0178515825666 -18.3484243908674 -18.3484243908674 62.1329337189583 0.786067881142213 0.494293194055774 0.686576336652572 0.676121376711908 0.428676727815181
0.574779867590573 0.782702618007275 0.974599092212524 0.352367049758205 89.2863655631499 -49.4533423330068 -49.4533423330068 36.0732411790218 20.6683993228598 -20.6052471643737 -20.6052471643737 62.2461620703115 0.776010980591747 0.689337777012903 1.30133774410327 0.787267055371951 0.254563844763022
0.579090942899514 0.802801486703853 0.983469340689256 0.355878694254677 82.6810298720455 -47.6435508031618 -47.6435508031618 36.2358604611924 25.3693008387259 -21.8195152898315 -21.8195152898315 58.7105187120148 0.767734263168474 0.547982683902819 0.755502221958631 1.05710795811171 0.44796375357038
0.581215892632693 0.804233108152719 0.993020286541622 0.365441225271454 90.7709474825701 -50.9388164830002 -50.9388164830002 37.6278447905414 19.9649554998863 -18.7769136274304 -18.7769136274304 60.4836467793002 0.794910373997137 0.120925591831723 0.292867927598952 0.765085339015249 0.289864775091908
0.585940929828205 0.812766802442645 0.988994455633222 0.361331803622928 86.8289338230602 -50.2536387077127 -50.2536387077127 38.059474751344 18.9798913675357 -18.8480210492259 -18.8480210492259 59.5351742810005 0.770783375452516 0.665236179379666 1.16269314139803 0.635410085302628 0.179856810475266
0.575723770825461 0.779698652187112 0.980651772460549 0.363072503491174 83.1099367715 -47.4166445230094 -47.4166445230094 35.7678479481455 19.9799304717002 -17.646722766528 -17.646722766528 59.1493246386678 0.76518312454648 0.794665833765315 1.37117741893946 0.374214456948959 0.342596281525984
0.577754581982731 0.800287743565794 0.976941758329104 0.355841158868256 86.2957954906834 -48.6194977081936 -48.6194977081936 36.2762298420587 19.2134112115841 -18.2178979916672 -18.2178979916672 62.5431069034517 0.780723934890086 0.234876703271085 0.535670169954686 1.04798074310625 0.372251955167899
0.575375874400795 0.796859415589288 0.974529082621439 0.356216690272853 87.4632171557672 -49.4719683591972 -49.4719683591972 36.8508489351466 19.9223800104752 -18.3833148059727 -18.3833148059727 58.4320975134377 0.781124121862658 0.471060902467647 1.08476795497959 0.382973686578534 0.118716850356532
0.576952689078978 0.789237571552141 0.976992710079933 0.361422742988636 87.2662416827341 -49.134600813803 -49.134600813803 36.4114393434069 21.0174212123379 -18.0363588642858 -18.0363588642858 61.5200886590095 0.782608245148398 0.305675921616212 0.351394726039626 0.808202039913917 0.354383117077102
0.567061748342221 0.781268776292432 0.971036422544899 0.359436955358793 88.1704956133265 -49.606056562135 -49.606056562135 36.6985268267373 19.5070267249547 -19.171342345057 -19.171342345057 64.2557118210416 0.767280151948753 0.756572533016271 1.21145744470003 0.502978929713612 0.544840843762518
0.573008788097135 0.788297930791103 0.981059396379726 0.368697858258044 88.8477667233215 -50.0142730052154 -50.0142730052154 37.5098837232361 19.8662978488377 -18.4480118248805 -18.4480118248805 66.072204324271 0.791687359827828 0.706770389905099 1.13883331667904 0.900267905974664 0.349476165007986
0.582225643636306 0.792041858417124 0.985145669080366 0.347605953762913 83.8489300963363 -46.3466388502044 -46.3466388502044 34.6479886977593 19.2051354115055 -17.0034797387587 -17.0034797387587 56.1276310141338 0.785612044061457 0.512872878576738 0.866681266350323 0.664850589334839 0.190353542381298
0.578992321044549 0.816315813143685 0.979068507848298 0.365613915674521 87.0676120201142 -47.8585027104085 -47.8585027104085 35.5185773945006 23.5131105442665 -24.6644121661512 -24.6644121661512 78.536639126617 0.764455335428556 0.279518235658886 0.665846858074124 1.16074729987666 0.324173910804016
0.572059090958661 0.8153686020536 0.973205726516497 0.375522027858616 89.6216138990428 -50.4651489909493 -50.4651489909493 37.186910845036 21.4698469203303 -22.8398290200304 -22.8398290200304 72.281966667494 0.785399345754853 1.06215306224563 1.76124647719017 0.911405885360774 0.364950939223862
0.572568455926354 0.812834699488167 0.967808515992947 0.377340409759008 94.4413716613474 -53.7251349197913 -53.7251349197913 39.5245620678918 20.6407370267722 -18.5846035759129 -18.5846035759129 55.8565370686442 0.770468205180441 0.53869481287593 0.937838474470793 0.369636151630102 0.508691661327355
0.570735702969432 0.828501553538063 0.970349186807679 0.378155243772935 91.9158744718866 -52.459824809671 -52.459824809671 39.0589161917725 18.9018335540953 -17.3702746332861 -17.3702746332861 59.1742516561366 0.771821049765053 0.575574539891073 1.00246876700018 0.966819408094583 0.555091863563974
0.579966764221929 0.811797476289835 0.98511197150729 0.372821779110935 87.9547148150148 -48.5775814348989 -48.5775814348989 35.7339748014225 20.2512328511465 -19.6715092096191 -19.6715092096191 62.7370331243464 0.766645984055223 0.740141037113699 1.08067290169999 0.460161782430668 0.377608997386356
0.575524383918032 0.801395111139514 0.981823660308632 0.360321258170009 84.8203642945584 -47.6879537525836 -47.6879537525836 35.749562656653 20.7006395411593 -16.6864033252573 -16.6864033252573 62.8968849226427 0.770425200478864 0.880699923296487 1.25430285596828 1.02430637069356 0.445854521987593
0.578793404145909 0.813161301245586 0.979946906621741 0.367478015961924 86.2626762038065 -48.7790963420115 -48.7790963420115 35.9169888926161 22.0236178466305 -20.0708602055859 -20.0708602055859 59.0763568359812 0.796134449100396 0.602306440183517 0.986664827200082 0.583456918887718 0.39447398206855
0.576343203939533 0.801890378702441 0.977172733293704 0.3593312106568 81.0206441915112 -46.2331690073248 -46.2331690073248 35.3860080362594 19.3469151561151 -20.9226468316447 -20.9226468316447 66.2978080214055 0.78193894606355 0.439712946679693 0.875674024314958 0.516098748317711 0.189521150281231
0.583357826193631 0.778773648809349 0.988466414057481 0.359585526238952 81.2831690281501 -46.5229584860786 -46.5229584860786 35.6887163842801 18.7168554144466 -14.524123585473 -14.524123585473 52.8678994513187 0.777166630408918 0.787176662484249 1.39921290423326 0.664319041407753 0.369527472118223
0.585219005144884 0.804621545702802 0.991082921365351 0.367136082635828 88.1799810270785 -50.0236892452466 -50.0236892452466 36.9173055902996 17.4723712488732 -15.6925782009388 -15.6925782009388 57.0093706896074 0.764986470166269 0.758397798915631 1.12798299450645 0.440722887638556 0.148405008108705
0.578694570021192 0.791865761141942 0.983776460483105 0.369425885207597 86.0428187500019 -49.5755995878169 -49.5755995878169 37.580809493284 16.9733170365626 -14.4636514718701 -14.4636514718701 57.8960158545942 0.77818008494436 0.111167904602968 0.595245324828787 0.525680850234759 0.233504486950314
0.573120409923843 0.792245374870052 0.97482948162629 0.356098067181771 87.2690631228731 -49.4767415922299 -49.4767415922299 36.6949714826139 20.3488923026547 -18.8454420077582 -18.8454420077582 64.0258450795957 0.777252815523304 0.366924564146382 0.770711117849547 0.652865806337392 0.080908649511452
0.576771935643983 0.81880914511789 0.980982158829284 0.364744626053453 90.2728164453773 -49.5836310240051 -49.5836310240051 36.2644160357072 22.9071033812449 -23.7411451198769 -23.7411451198769 70.9587105508761 0.786338155846381 0.370643453421035 0.983360837048532 0.507367669337196 0.258479862094798
0.578153381919723 0.796528172602207 0.988239107479625 0.348750879107273 82.3108097665095 -46.2257326939162 -46.2257326939162 34.8128038246802 21.9204230611818 -18.9621679796863 -18.9621679796863 54.2521639137439 0.776080406256889 0.796399917093356 0.991305102993416 0.789582730059985 0.348906039072827
0.579536865127848 0.792280284733531 0.982295799559462 0.358132642576547 85.6852211202174 -48.3581461333187 -48.3581461333187 35.7795320419879 20.8979225288953 -24.4825478884609 -24.4825478884609 73.0428827778636 0.792955485793652 0.731358352837661 1.21926505139411 0.931193298487154 0.612911787896395
0.567529708106189 0.800818819823017 0.969106147945072 0.350329124265016 88.2022494936187 -49.9601071716059 -49.9601071716059 37.4131896181174 19.5876898318109 -18.7405601918181 -18.7405601918181 65.7052052914331 0.777612857366444 0.969833468164392 1.66858606448875 0.962162273446147 0.121242789561535
0.580794341128316 0.7841093617548 0.981403810084294 0.366727934378991 86.2929298487827 -49.1914497924333 -49.1914497924333 37.1274283842342 21.5143304913994 -20.6667427108902 -20.6667427108902 63.5396359532422 0.771772984577916 0.951315767236372 1.50660555686793 0.906640874107758 0.400095909836856
0.576151603135299 0.802577750724804 0.982818009907773 0.358395601196521 88.5832214190747 -50.2156275037682 -50.2156275037682 37.9396121045234 21.5183106675374 -19.2919348085375 -19.2919348085375 62.4675751384588 0.769091036669569 0.860491333959882 1.3431545900626 1.2564502446388 0.630267388818356
0.577453659006189 0.781706727449257 0.981563143597797 0.356814502960136 88.7801042637864 -49.8501935351325 -49.8501935351325 37.0726886093555 20.3382725031298 -19.103423004853 -19.103423004853 61.2422052473016 0.790518564369574 0.306330477282603 0.579983031475427 0.770792519274009 0.150306529856074
0.580991863427793 0.802840179016692 0.987229393699831 0.35825770860901 85.7534526998263 -48.5199721773993 -48.5199721773993 36.5439917785866 17.5206924269358 -15.7078861721895 -15.7078861721895 61.4151348416649 0.771072183699791 0.572671968026141 1.14881865741399 1.05309681472591 0.429992520172568
0.575865986152661 0.803502673712541 0.979955355570925 0.368246445557289 87.0247515258309 -50.1435209831345 -50.1435209831345 37.6476692674081 18.4870013808896 -19.361132337962 -19.361132337962 61.8383003271621 0.773476771400307 0.684119336279086 1.44636035490522 0.613012500295469 0.352494708476282
0.580468077012282 0.816077677474028 0.981568990119691 0.368753346870049 94.5024016888116 -53.3928513620821 -53.3928513620821 38.6007607007183 20.0737730839418 -19.8364793134652 -19.8364793134652 57.5449983023742 0.769254325108918 0.483675335799437 0.845647108626737 0.885763319157068 0.308904000724726
0.58097984485857 0.805817928246994 0.991248168824344 0.37585851342961 90.5270556763162 -50.2897302377177 -50.2897302377177 37.0965997232764 18.2159146336606 -14.9349742232296 -14.9349742232296 56.2643588656663 0.781621533306749 0.304724163522011 0.698820110187374 0.774797722046431 0.319255510583292
0.581844331899751 0.799239648699243 0.989706331758247 0.371675373949498 92.6087407631122 -52.204226325216 -52.204226325216 38.4071870217981 19.8310240583303 -19.4980720509924 -19.4980720509924 65.0781682792051 0.773267790823127 0.491640138942435 0.911557486577078 0.892824764651699 0.408053925193859
0.577324376134067 0.791730839793233 0.993097074988565 0.354083450201841 88.8524852810699 -50.1227925036036 -50.1227925036036 37.1699020980269 17.9927431975425 -15.2822648818351 -15.2822648818351 50.7130400479267 0.77045916517175 0.615033741257144 0.992725929833918 0.705064315134354 0.446229835357983
0.581553922536139 0.785061159454755 0.985907130612353 0.36224354209275 89.7171532165516 -50.5886960682219 -50.5886960682219 37.4719334349454 20.5659471209577 -16.4706063755481 -16.4706063755481 58.8858063579348 0.784814484949347 0.850548900070357 1.1462901721004 0.632079212556105 0.390774048119971
0.583470712640755 0.799112249379036 0.987177708125766 0.351503195516978 86.3790971057705 -49.0354881092326 -49.0354881092326 36.5192047666953 20.2532615362534 -20.7521410568354 -20.7521410568354 68.0290039826737 0.762580705023232 0.49407071672721 0.971411325784688 0.455886259807411 0.168413500979286
0.578598488559154 0.818940632361939 0.98312126959842 0.358958232722175 87.049054090647 -48.375878661518 -48.375878661518 35.5529080883711 20.6720802374081 -21.489161365402 -21.489161365402 70.8330849914503 0.761080999756747 0.367008843450162 0.798072139610518 0.628631410833976 0.430810853150649
0.574296895084912 0.803277747374258 0.97631187592043 0.360981568847976 83.3930120224627 -46.7821134449738 -46.7821134449738 35.0552331012853 20.4263669752456 -21.7850131233216 -21.7850131233216 70.7928362348092 0.763607416802135 0.68831899186404 1.04689567310992 0.91223228505915 0.463990711733376
0.578118437649432 0.806756096935851 0.971329461897875 0.354542359860271 86.4225757145516 -49.018500176123 -49.018500176123 36.7772022196313 19.0721349489733 -18.2589718035495 -18.2589718035495 60.3847515386109 0.790713549022314 0.577960236052979 1.1681246504997 0.398963650818162 0.176004441787716
0.582197968667393 0.783620665070822 0.992297465907526 0.358578129582968 87.4758855221016 -48.7695645584281 -48.7695645584281 36.2541921430892 21.0780911768234 -20.3914749766052 -20.3914749766052 58.2347821245733 0.762313390305054 0.786012888876962 1.52308055551109 0.810815656440987 0.374913706136464
0.574283846612191 0.801131968468223 0.96784315913387 0.366912709798329 85.2857613961764 -48.8518802745215 -48.8518802745215 37.5008375084703 20.2393051204215 -19.3762757238556 -19.3762757238556 60.6425993334403 0.786924973843677 0.37396611473803 0.64273484819376 0.390879431199758 0.277654620302551
0.566816100954918 0.775900240097271 0.969264252455254 0.361241253980923 88.922676001583 -50.2551635827633 -50.2551635827633 37.3655879258153 20.2665678300638 -16.4381402256825 -16.4381402256825 56.9917906973809 0.766138077711122 0.83082657179165 1.06947808739315 1.00973925744012 0.287614606386383
0.575513894770474 0.800709307134588 0.976675128175096 0.372550141287891 86.8297097934417 -50.0222331507928 -50.0222331507928 38.2994388057903 18.9188685421284 -16.875382342237 -16.875382342237 59.5161735007569 0.771856175193474 0.427238597157207 0.970351665115569 0.977428950673015 0.594334121524039
0.585713313667391 0.789450960391497 0.989505721297722 0.363512261913973 89.04166315899 -50.9620238452079 -50.9620238452079 38.3122004636325 18.9298824340999 -17.7532320616087 -17.7532320616087 53.0708531712252 0.766639033493622 0.366066603060616 0.629610205548436 1.04125974887417 0.268680647992088
0.575106324814882 0.78984950894012 0.980165083303935 0.369979560667188 90.2892297988103 -50.9002003444261 -50.9002003444261 37.3087835494887 20.6128990285043 -18.4549961118577 -18.4549961118577 65.3314540588398 0.777143262400589 0.428359327143362 0.615148481670535 0.473230929437168 0.159461775495884
0.583022138392817 0.800690063404691 0.991479815433256 0.359434250323273 83.3810220205155 -46.7151967871971 -46.7151967871971 35.0019722854079 19.5427207247785 -19.9414031381419 -19.9414031381419 64.0250347588366 0.762404211344552 0.673624458220133 0.809075327317983 0.836585117333514 0.231198432413498
0.572038955866036 0.816427217864334 0.974386570006324 0.362631603927245 87.2617334705304 -49.7219658769541 -49.7219658769541 36.9761203124858 17.6206641159861 -16.5383176877751 -16.5383176877751 60.1670415821616 0.776606631348129 0.698481631025168 1.19121521535654 0.872155510441362 0.365419068569525
0.572883754501732 0.798285061193689 0.9811052772744 0.368080572905241 89.0604863527669 -50.2146272621013 -50.2146272621013 36.7724752887883 20.982334010872 -19.1393591486759 -19.1393591486759 61.3657686992611 0.778465754361932 0.344618234840319 0.609719064748304 0.885028634472261 0.459311135353309
0.5751342977245 0.78249233170757 0.975219510041958 0.362540311996485 85.5685724319227 -48.9878533336191 -48.9878533336191 37.6335618642663 19.5702190203963 -17.6349982245048 -17.6349982245048 54.2484606628586 0.776309072299074 0.808363731382046 1.16062725719509 0.511050350168583 0.117330299084691
0.581930432122871 0.779105304261155 0.983351634290875 0.364322006675328 86.2900276251194 -49.365146222527 -49.365146222527 37.7183914008321 19.4117722256862 -19.1559001624974 -19.1559001624974 60.7679594583743 0.770963301959607 0.319541139680732 0.435723217794266 0.813208028071291 0.18968804290512
0.581498688086271 0.783660525368193 0.991865403433231 0.354474265935026 84.8606163394015 -48.0356759178765 -48.0356759178765 35.7425548516349 19.2207162376951 -20.7076178621319 -20.7076178621319 68.9170683440336 0.772863119808724 0.820092632606786 1.5199086558338 1.0463947879536 0.250329987813853
0.586807007037757 0.799985000532169 0.994997334062516 0.362856316097338 83.2873282531733 -47.5548726658629 -47.5548726658629 35.8120419895917 16.0566223539906 -14.0629309682032 -14.0629309682032 56.9786428698841 0.762963350799466 0.669687296073045 0.947672511792512 0.394981130980751 0.365641702400386
0.578878506294352 0.769487600999704 0.988315046680258 0.355616094204593 87.8118357561952 -50.5998135116022 -50.5998135116022 38.1491396962591 19.1271361314548 -17.3687188323366 -17.3687188323366 57.8095211326459 0.771354473772016 0.986603219612998 1.39082356397593 0.984188169144241 0.333287167191417
0.572335435551753 0.800559740129006 0.97307225999796 0.35506434787106 88.1913420896497 -50.6311753873113 -50.6311753873113 38.049943217404 19.5034044269402 -20.3929435363217 -20.3929435363217 64.2959056100967 0.773076014004531 0.331287304259168 0.718245039811193 0.585240588925238 0.170350829779562
0.584029911943051 0.829151997527229 0.985761422053728 0.369193148703554 85.5202666001679 -48.2382973470187 -48.2382973470187 36.2231208993744 19.9381954993242 -20.6161529765061 -20.6161529765061 62.7983165146028 0.784158277261515 0.500502828120835 0.832522845409861 0.960194933673723 0.22809681785504
0.578611113845521 0.792477521887738 0.9795157161126 0.351037655854578 89.3245615829919 -51.1198382848447 -51.1198382848447 37.7917709254462 19.1269781028838 -17.5028561263079 -17.5028561263079 58.549197683269 0.784047194585482 0.678994736531826 1.188621386334 0.786203028148432 0.227359666120344
0.580621607848899 0.810791608624748 0.990057638258225 0.357906895659102 96.1695688765976 -54.8283077307382 -54.8283077307382 40.7247576309869 22.9027790787806 -23.3304968611368 -23.3304968611368 68.0877411918543 0.771750910183069 0.357752279230535 0.728137541236 0.905310689028649 0.316156755634392
0.576893672707282 0.790886800873502 0.97648795645306 0.348818775122909 97.1737811848549 -55.9818439873882 -55.9818439873882 41.4248365027869 20.0233302882886 -21.4611600831047 -21.4611600831047 65.055382479923 0.776083922350898 0.269586218269616 0.362386866163436 1.05846833734694 0.351002688296556
0.57222575071373 0.813604229501925 0.97471110155483 0.360387575581238 91.3499556635919 -51.8922924993145 -51.8922924993145 38.4038200332975 18.4499458738105 -17.5576261452551 -17.5576261452551 56.1089304151687 0.76911964292297 0.393971253085848 0.645242913558836 0.819532325649277 0.458548421644737
0.570361059966812 0.795914589466134 0.971018305693686 0.362981522041763 87.2925786482883 -49.6521604438316 -49.6521604438316 37.121895169065 19.9317678094772 -20.705077541776 -20.705077541776 67.7523199913201 0.781023590740034 0.535773325592785 0.871771230014697 0.6719895362366 0.322309234513866
0.574637489202627 0.788473222944081 0.975935750833087 0.341478269732467 84.8556375220147 -47.8467186808436 -47.8467186808436 35.6551187241187 23.2571183371011 -22.517804528298 -22.517804528298 66.8318129863351 0.792008739560024 0.58121275754318 0.917681516059673 0.482629535908349 0.438206918737682
0.576305725024688 0.786613653661538 0.983804702486314 0.353217244863967 88.1063205858836 -49.1272802086006 -49.1272802086006 36.1109867760041 21.3230490218995 -24.1560372313036 -24.1560372313036 66.8246221420166 0.77551902459773 0.358388691139075 0.727517188322288 0.832215693236747 0.358932529374807
0.576731243320014 0.787122409870503 0.977387952437263 0.353528670694506 89.8691078520489 -50.2299557610957 -50.2299557610957 37.3272566828755 22.8994547689669 -26.024616896929 -26.024616896929 71.2701231369371 0.781672573658451 0.554710187365499 1.23487878545357 1.27866355852743 0.514514504006948
0.581085337740907 0.804059609998972 0.990151194124119 0.353728330050853 86.0039862063829 -48.6017576229572 -48.6017576229572 36.587100214794 22.6316579765362 -21.7506251543956 -21.7506251543956 62.6476849400324 0.774315941977369 1.18046314430188 1.682597874502 0.639370988685166 0.209653441175052
0.57617241067494 0.788540146173679 0.98583664941376 0.373951053211178 90.9418119629115 -52.4494248117208 -52.4494248117208 38.9583253126419 19.3728330046067 -18.9446782995282 -18.9446782995282 61.9605000473682 0.767523823194311 0.649932405920025 1.01210657726911 0.905346810001595 0.479370895870518
0.575565349442443 0.799116172319301 0.986721069321703 0.357919056696983 91.4109305519177 -51.7376792190098 -51.7376792190098 38.1553356484864 20.0276831263468 -17.6882624324175 -17.6882624324175 57.5069021787651 0.768887192308244 0.856057802339544 1.35256977688147 0.681318652271814 0.13278350669985
0.588290678815911 0.818104561238528 0.997565367829392 0.376793889415853 90.6094195056332 -51.2398274198661 -51.2398274198661 37.7441238676045 18.137708749083 -17.9973962958422 -17.9973962958422 58.6607028491257 0.759985044049599 0.763533198631818 1.5128956886773 0.970918911522614 0.177395478106491
0.574387008756468 0.788395807593366 0.981321756958448 0.362639725709866 86.3316504675197 -48.151941437879 -48.151941437879 35.5058374324668 19.1023382598039 -17.0459044962786 -17.0459044962786 59.1157738054389 0.779599569989931 0.515479124609815 1.08378372596012 0.647610778741503 0.330097625147845
0.579731743265058 0.827938456775862 0.983609812441358 0.362382776973038 90.47293705618 -51.1114455327175 -51.1114455327175 37.5406097302751 19.8694366208952 -18.2974496104258 -18.2974496104258 60.3251325251887 0.763019966183163 0.733660462942884 1.43707921431955 1.04002600155411 0.513427915799774
0.580758122177376 0.810425617874098 0.988282129935723 0.370510421991343 86.4249459598149 -49.3626472084092 -49.3626472084092 37.1511346679045 21.6362739225916 -19.3057391357619 -19.3057391357619 62.4236223535733 0.789697106483175 0.841452709679194 1.20914973500452 0.848498009080655 0.571681801847024
0.57999043631618 0.795951617301555 0.98355557138652 0.355091149795185 86.8929150761199 -49.173906144139 -49.173906144139 36.5054465833498 18.5693699020333 -17.5230623498992 -17.5230623498992 60.1530178658159 0.757781602271973 0.724460463485881 0.838702148665248 0.919598553316021 0.38165715440009
0.580535627304438 0.811910005542556 0.986699575362726 0.360681605143706 83.6573706842624 -47.7317218079391 -47.7317218079391 36.4021918004131 21.440791286953 -20.7347079079547 -20.7347079079547 66.8123753449345 0.770902238859662 0.611460999929067 0.950748735100117 0.697418571955588 0.637338750519717
0.578647801284669 0.795324852225113 0.977443740425228 0.355587288826218 93.5092576790217 -52.7105438782028 -52.7105438782028 38.2846551907545 23.3996171345901 -22.2296054633944 -22.2296054633944 66.4710042112261 0.791934627386036 0.452712981577637 0.718160622420565 1.00013488458751 0.352469864302939
0.578322132538846 0.809342387715851 0.980828535201023 0.356479074414406 87.2758793543195 -49.5801049721169 -49.5801049721169 36.7614918003645 20.0765941035051 -18.8767659390735 -18.8767659390735 56.706504901932 0.794412438048102 0.514787139951556 0.798357681370582 0.906556560509926 0.416229166727938
0.582446714933751 0.811956559143474 0.981786706805294 0.373739618404714 87.9695894513308 -49.8949315476741 -49.8949315476741 37.1734440936483 20.3002864684909 -21.0129924061718 -21.0129924061718 68.3652060919841 0.774232266425356 0.676765367477609 1.16138900054594 1.0827069309749 0.691959117235572
0.571278132456868 0.794147566796298 0.973543594581774 0.358604094573222 91.2235545180686 -52.7967655101327 -52.7967655101327 39.6589988158854 22.1153146682836 -17.1205899032391 -17.1205899032391 57.0977948011082 0.779424329143953 0.653086252703852 1.13024655334751 0.728415742619139 0.204654888268159
0.582929926842172 0.779996843105633 0.988341096069256 0.352211313625919 90.6075693214183 -51.8954063040129 -51.8954063040129 38.1167714740314 17.9749191026453 -17.3318134183443 -17.3318134183443 56.457620739507 0.780232027811881 0.522001267590364 0.994338082237807 1.04441511189692 0.116061795141394
0.575969170622609 0.800453961538531 0.975390402976936 0.358778640776848 89.1171754405143 -50.2529924858317 -50.2529924858317 37.448577542725 19.7835358614181 -19.4064430651201 -19.4064430651201 61.2936639285297 0.788102103298167 0.685844421350826 0.939917250992949 0.612472360968477 0.198933800952779
0.576509549653461 0.795726746231838 0.981342288375174 0.357070683650428 86.3255886266165 -49.9687403981831 -49.9687403981831 37.9898449400523 19.8752851455659 -16.8516071527288 -16.8516071527288 62.540901911608 0.766494760501114 0.728525181404615 1.01989809283018 0.519092861726798 0.229947712861296
0.571571161874333 0.798473498680172 0.974021079780711 0.360538902330044 89.6811956019199 -52.4456132529797 -52.4456132529797 39.9506588853163 22.0194388751503 -18.3793496039012 -18.3793496039012 53.635658848346 0.754516354107925 0.775338057183171 1.35347297131439 0.459972106110702 0.291691693551111
0.574352065540256 0.782755644912808 0.981540493959367 0.363041291778591 89.2189560948221 -50.567781309767 -50.567781309767 37.3224240930479 25.2654741365083 -22.5045648587418 -22.5045648587418 65.7284406373584 0.788384341367747 0.498320166738882 0.847478397809914 0.780340729802148 0.417460525833641
0.581018348626072 0.792227839306675 0.981375859246778 0.357632498438612 88.7114085146271 -49.7854514044363 -49.7854514044363 37.3844355536886 18.9343316341413 -17.2204386864635 -17.2204386864635 56.3095581083898 0.768648126660378 0.52758148835191 0.903078874108563 0.57958094058838 0.218357690660932
0.57814515485762 0.7790857304974 0.977077981906928 0.352780788604958 85.8984675722119 -47.3704437267519 -47.3704437267519 35.2760515964242 21.4617181827344 -21.1431952917555 -21.1431952917555 71.4969467292682 0.788411080415175 0.183341912930055 0.88994623004735 1.05570812516005 0.345020666285057
0.577870645459998 0.825727436318766 0.97901961835196 0.358866312779582 82.000891276348 -46.5164807692743 -46.5164807692743 35.1092425432804 22.5997914322317 -25.5310840064126 -25.5310840064126 76.0820669123852 0.788637633389013 0.73288620237251 1.07698467788849 1.05649014912247 0.192107654867859
0.574696912508499 0.795461180513587 0.977047476700875 0.350685865705418 88.2813123867963 -50.322598341738 -50.322598341738 37.7844409249884 20.3581813007833 -17.4257270820681 -17.4257270820681 69.4851639191889 0.788680583500396 0.39100236049804 0.773413235068835 0.642482398806991 0.250334316646525
0.581771246524887 0.808825299505445 0.984052006900512 0.360931877734777 88.5876859309005 -49.5037515859736 -49.5037515859736 36.163050966143 21.0212057078573 -20.938047803693 -20.938047803693 64.7617518279608 0.76472792895815 0.271184916131649 0.744606215311683 0.800836504267503 0.595697260662112
0.580149882798416 0.788541509030216 0.980068476946122 0.347163775677811 80.5767925375859 -46.1476982869224 -46.1476982869224 35.0536656316878 22.89461726824 -22.0378508657554 -22.0378508657554 67.649938331779 0.767780774989708 0.599302581766493 1.20358360637366 0.668790885710323 0.355184171874082
0.581205270999262 0.824514322565878 0.987998636266153 0.374278974621919 84.2912887450137 -48.4602964479842 -48.4602964479842 37.0847435452145 21.117395730548 -22.3504375373323 -22.3504375373323 65.647646032191 0.778825052932225 0.287920704351722 0.35241481356751 0.938976231637378 0.466393744282279
0.576356064374259 0.802793593623623 0.980027515574278 0.359777009875859 88.581426801077 -49.3123320445198 -49.3123320445198 36.7286158471967 20.7916244943114 -18.3866259912964 -18.3866259912964 61.1303308400603 0.773769671693342 0.389175312624459 0.590984178461317 0.809824994238606 0.368359049480797
0.584421944643305 0.793310552584864 0.984838738936943 0.349184818549686 89.2460261982715 -49.5539336482735 -49.5539336482735 35.869558221626 18.1432928187292 -17.2174797596256 -17.2174797596256 63.3849890912476 0.78355172920435 0.692009682952092 0.958919708577673 0.530817351054355 0.411818755017168
0.584582832257898 0.804935812770345 0.986172736333249 0.363143094881846 84.7524699797192 -47.6488095972801 -47.6488095972801 35.3335680372682 21.7998160509835 -22.2264461736552 -22.2264461736552 63.9002360236781 0.776427433752802 0.893312053225928 1.28291683531722 0.819447410470685 0.411572666284427
0.581180882283167 0.803347583665579 0.981149299958751 0.362461859287897 91.4663039157499 -51.5263014214517 -51.5263014214517 37.6507792527954 22.4856824929338 -22.1829468827878 -22.1829468827878 68.1301719006528 0.771505013097608 0.539460447306404 1.09518596630457 0.840919647369482 0.262319643278269
0.563043394185262 0.799085787184787 0.962930957776123 0.369768449103365 86.4726899173152 -48.708905682483 -48.708905682483 35.8727365676941 23.1950891396493 -21.428802491517 -21.428802491517 65.9292143781737 0.76955949405125 0.172153697730637 0.28169313769085 0.475059173766852 0.320234894044163
0.578021896773158 0.810775431625807 0.985518870956583 0.358062975757224 92.0833438442076 -52.596779254143 -52.596779254143 39.229280174989 22.2090708769072 -21.4574171516281 -21.4574171516281 67.0240307742222 0.770977023649699 0.57770693219957 1.00065525042104 0.590391418361386 0.258222981927102
0.580809390230726 0.786438855444019 0.980645029974971 0.350243053420384 95.9421311884704 -53.7439711311393 -53.7439711311393 39.210884909557 21.9246574383712 -21.8770376173464 -21.8770376173464 63.0866778715365 0.764813324163152 0.775819890287272 1.14870360269007 1.4031466600388 0.432322724028019
0.574821239570449 0.808745545100228 0.981800176081081 0.358708682012786 87.2764703162757 -49.6581237926978 -49.6581237926978 37.1243939648764 20.9585934851617 -18.1305594385825 -18.1305594385825 63.1054480106954 0.777595143119803 0.375826140327836 0.712178183770496 0.944217012471174 0.315381878791501
0.578718679698658 0.806839398212264 0.988594495510787 0.379326733472545 86.1544473362715 -48.6099608557842 -48.6099608557842 36.7447706258542 19.9278613080701 -17.7967069756576 -17.7967069756576 58.8365455410828 0.765472572621825 0.561579176047639 1.05191372723661 0.972103857548354 0.483094485143863
0.581843684417843 0.780467008595499 0.985674435368547 0.35812206121575 84.1103555882313 -47.7726403821173 -47.7726403821173 35.9382264016678 18.2451483854614 -17.9450667593096 -17.9450667593096 63.3506093392102 0.759411204989516 0.757949925311985 1.16686718315003 0.788989546462463 0.393531195753516
0.582638167673377 0.788492061898117 0.989677854230825 0.353146300172511 88.2596190383033 -50.6627066063117 -50.6627066063117 37.9951565256685 20.1609446360118 -17.3849097946697 -17.3849097946697 61.7228968162106 0.756299562097042 0.622895295844557 1.0487131250449 0.684744413524709 0.255613726708472
0.582102120957251 0.761310179190223 0.979118340361397 0.353378040476379 89.9479940231629 -51.4269098833765 -51.4269098833765 38.6316308632483 19.746617200536 -17.904003900411 -17.904003900411 65.0692481769793 0.77505128912742 0.824185721064947 1.33016964718461 0.529136540361168 0.225986421596
0.581322286871266 0.80091400625424 0.992432358471513 0.36817759578444 88.0717533510716 -49.415000470987 -49.415000470987 36.7623975230008 18.0216757810078 -17.5794587764387 -17.5794587764387 60.158827886247 0.76486570928072 0.369594567837109 0.650910018693827 0.741141898399276 0.219458916781214
0.583352319216468 0.803103481339127 0.99763988477759 0.374593019989477 89.4551297554106 -51.3237841666117 -51.3237841666117 38.6147893619803 20.9154317832268 -17.4661349718326 -17.4661349718326 58.0441004881133 0.758932848212474 0.265105251420948 0.297358466604805 0.886698068296147 0.409512130877396
0.576216885108629 0.783350446318141 0.980903636429362 0.364749582423047 90.2433892236708 -52.0419955408852 -52.0419955408852 39.2904726929661 19.3723551502587 -18.3178822378557 -18.3178822378557 56.6307493758898 0.752756783350852 0.582430735834874 0.915382319189684 1.01367506554478 0.53539748488797
0.581946892784997 0.7775113324049 0.987396106794699 0.363562210847697 89.9704379829977 -51.6907690063385 -51.6907690063385 38.9977648611487 18.4462579421959 -15.4734047389664 -15.4734047389664 55.6878445513335 0.769263505969744 0.60209190608446 1.00059058181926 0.929547186443281 0.561409074511646
0.576996916152059 0.795026640423727 0.981985547257461 0.365035983887659 93.4236452978462 -52.6572309972426 -52.6572309972426 38.8405149988774 21.5018253284986 -20.4686470340457 -20.4686470340457 66.0130244801979 0.771451519299415 0.598016973343457 1.22783398152492 0.429004309332181 0.288519081023301
0.581026535943917 0.789720618750415 0.988448403572817 0.360532166242978 89.275567550357 -50.3111207273253 -50.3111207273253 37.0287208240394 19.9142746162813 -19.9049149750824 -19.9049149750824 68.933631723732 0.780497287725809 0.852704722261995 1.60993366452463 0.823079635924583 0.331565756099298
0.582416558625658 0.801986901308339 0.983395304285769 0.356954516931589 86.5368563661907 -49.3763082271356 -49.3763082271356 36.801640181012 21.9293385924712 -21.2505405007004 -21.2505405007004 68.2477475061582 0.78343720901733 0.147486732961936 0.324900177418062 0.566049219517192 0.283025028423486
0.580610576382183 0.819332569617628 0.980060047178398 0.359309006601648 86.5033086641652 -49.2738872590289 -49.2738872590289 37.2548077931568 22.9283266710641 -23.7528181705295 -23.7528181705295 71.2014202883214 0.784586768414651 0.829763629141074 1.36636300816064 0.813296521368772 0.451090960429873
0.577634837146572 0.814843526713752 0.978563906747065 0.37044389330479 83.653433816796 -47.0805636955329 -47.0805636955329 35.3810920533172 21.8696122555093 -21.3022398418492 -21.3022398418492 67.1731496815874 0.777142776480454 0.441221385725575 0.578459134133934 0.758171486953747 0.4811568093075
0.584617268118734 0.799869101750057 0.98545510210108 0.363190622623236 85.7708256202692 -49.3419931750882 -49.3419931750882 37.0663411927635 24.2986338041995 -23.6989800840787 -23.6989800840787 70.5973695867168 0.761239506217176 0.498545563851596 0.537037178242186 1.32169121546763 0.709318592552795
0.573214388030691 0.805786167804239 0.971276011183822 0.366831162940495 87.4636076597994 -49.1515069932106 -49.1515069932106 36.4000012733024 21.4276344948716 -20.9331834957452 -20.9331834957452 64.6708924825731 0.781861679398152 0.413148455810325 0.615680442658039 0.399205509244741 0.38453655557801
0.570953998227877 0.832325484214137 0.971745768471179 0.384994405011261 88.2184640973255 -50.8711979969307 -50.8711979969307 38.3736579429699 22.2012086147722 -21.6469758252775 -21.6469758252775 63.4347166639654 0.773516704098034 0.654086041731769 1.28349304422199 0.778081101079139 0.330818534419165
0.57637317515337 0.79868127867908 0.982925198126832 0.363393052011067 81.2728256465944 -45.2206763750013 -45.2206763750013 34.2359542064002 20.070037410172 -17.9260598718692 -17.9260598718692 60.2044861468249 0.76441966229681 0.552860198767196 0.830349343898514 0.808826389354772 0.39841695484621
0.57099609575863 0.801945596367987 0.963832195034656 0.364850816970101 90.2322986693973 -50.28858313612 -50.28858313612 36.2021073413453 19.4520033310049 -19.561258266018 -19.561258266018 60.4408467590564 0.786510035525356 0.375434236612275 0.796145752184671 0.849300673463518 0.325773647323103
0.582345235145859 0.821264112506601 0.985069442043676 0.363418032148769 86.5306465888044 -50.9607537260645 -50.9607537260645 38.8615043113011 20.8352682522435 -20.1454073091793 -20.1454073091793 61.5534090157694 0.78203883897074 1.10260453915562 1.72293518486449 0.743540639392036 0.308700239353444
0.587427605685552 0.805150203112281 0.992598727289683 0.352480947059243 89.3071721665836 -51.2678279062514 -51.2678279062514 38.4145330893981 21.7257006348952 -20.7932051381064 -20.7932051381064 66.1633461659446 0.761104592774861 0.741533139319846 1.32368128073604 1.01069062518734 0.443640496309393
0.583802474699323 0.790978558985831 0.991073984412059 0.360081705129177 90.8099010269181 -50.2912583754953 -50.2912583754953 36.1843649088542 21.7473113307819 -18.5067217241953 -18.5067217241953 60.9620329754134 0.776498393338783 0.474846792846346 0.675350197602723 1.13468468425048 0.528406176872682
0.568697430290614 0.79263981579472 0.975492280715774 0.367206689856797 92.2291242492984 -50.9962972939157 -50.9962972939157 37.5557860443412 18.6716044161117 -16.2055539117747 -16.2055539117747 59.7359433441937 0.759388993440932 0.102164976636594 0.282197038520165 0.528407139100812 0.330111263015999
0.586726548147529 0.795146317327999 0.998034195127128 0.363959984166808 88.1932839468379 -49.476095549573 -49.476095549573 37.4403346483528 19.8220073971467 -20.4671090099815 -20.4671090099815 66.3118463991012 0.76736162833834 0.85953167456257 1.29494802129477 0.748535291606035 0.2230742707254
0.569736230636439 0.820260415121679 0.964928676582683 0.370614966383829 87.3598674599278 -50.435730021627 -50.435730021627 38.4755316020283 22.7467705808283 -18.2059271414601 -18.2059271414601 55.802144683939 0.78401984136416 0.22170247369287 0.6667739618929 0.558169541720249 0.274352573796184
0.585504278040692 0.791154476930312 0.984039914619821 0.362448762225636 94.5009661851729 -53.2897595394532 -53.2897595394532 39.1052386452504 22.0982532837287 -20.4818457375202 -20.4818457375202 63.2335922251601 0.77738461238472 0.679057947588333 1.19162027805054 0.490518381016663 0.370502971887565
0.576536596950605 0.808929667249818 0.987311949452432 0.367755327076313 87.4589418320154 -49.0170672370606 -49.0170672370606 36.3190116487042 20.0183918819401 -20.7011225728903 -20.7011225728903 61.9015573450267 0.758307102079433 0.53750810483022 1.12259982725264 0.77927625103916 0.272844872829793
0.574015918937352 0.794190400907212 0.978457814663964 0.368303781970449 90.2179938155066 -50.912091052372 -50.912091052372 37.4500744181531 19.3290685841181 -16.7418453212244 -16.7418453212244 59.1671503717958 0.779267373508639 0.540429819375158 0.977266490573195 1.12165100943535 0.240347821662125
0.583007071706397 0.785209484102698 0.987236017965384 0.355766617907054 89.283593888957 -50.8984222404584 -50.8984222404584 38.0857788551466 18.9504475909139 -16.9836490658274 -16.9836490658274 56.5174217982097 0.763765653903515 0.523567496711709 0.965568345785175 1.08012817995469 0.375499551316327
0.581012095277024 0.782306210607105 0.984580814773704 0.358571528876491 92.2394563798853 -53.4961979186653 -53.4961979186653 40.0771416530449 19.8223953576016 -15.7985286595106 -15.7985286595106 59.9865036852975 0.74726562136025 0.558691650239593 0.87270103087461 0.737057317610128 0.111883297163638
0.583754261156865 0.794242780121931 0.99563413303254 0.361707894023208 91.9974956986871 -53.1605159213948 -53.1605159213948 39.5022290877605 19.8274269744353 -16.2679524833597 -16.2679524833597 61.4019864521739 0.780465511383172 0.506010269009173 0.869477988316245 0.879793280171476 0.268948212454522
0.577874046180563 0.77912046545769 0.987455167201322 0.363178749725124 86.7108190308806 -49.2906630671416 -49.2906630671416 36.7477027353663 18.7885664149941 -16.7624406455382 -16.7624406455382 61.3046357046629 0.789185500734777 0.936641639653108 1.44823315674148 0.694683769219769 0.284700653063524
0.582017395555925 0.808036945878319 0.987696823693993 0.371153387598109 88.3119393159843 -50.0077999673961 -50.0077999673961 37.4943354857944 20.4199511427947 -20.1072478369125 -20.1072478369125 63.1557646352786 0.77203663973723 0.661594234633477 0.839422793902143 0.816144533417625 0.377289940222562
0.571574651132927 0.784149873221115 0.97254048321797 0.363594177126118 89.9339629404577 -51.2699205708799 -51.2699205708799 38.3484611043014 21.7845923706929 -21.1779312588748 -21.1779312588748 61.7014773365777 0.769456796675615 0.557808975357336 0.929778669427797 0.850295233290319 0.223686792677353
0.57227542332291 0.805810333872512 0.976296012732455 0.365568732918883 89.4326938238273 -50.8410700521141 -50.8410700521141 37.8138948131239 20.9115642361452 -21.02739952335 -21.02739952335 64.4685126704927 0.784944177521556 0.894702293988474 1.08686897859246 0.913229576683699 0.317220888088456
0.583642339612213 0.796158603381134 0.9911699986638 0.348815056422975 86.89765690803 -48.1768476327838 -48.1768476327838 35.7663080196803 20.0178578842726 -20.3761428526061 -20.3761428526061 61.9500889340412 0.782078362564443 0.610864267804196 1.0127677755926 0.451905662359919 0.161389802889978
0.573580722301171 0.81272123159342 0.984102101749343 0.36145540484044 88.5097331393051 -50.1551733353227 -50.1551733353227 37.5455932931078 20.4541264594467 -17.5043464780923 -17.5043464780923 56.331536703363 0.764078172526505 0.530051253688726 0.695238915240779 0.778496093395915 0.433973885048681
0.574826062212624 0.792961698055547 0.98597007961514 0.371113299261159 88.4751298191941 -50.8535906427307 -50.8535906427307 37.7808815119686 18.7177995743212 -16.3827180422699 -16.3827180422699 57.2049646364004 0.78387579753408 0.333201914450359 0.665327346860371 0.430880288014754 0.471373870298118
0.578960535390605 0.776040155666014 0.988013276826707 0.363614348508809 88.9273178156047 -50.4770800247126 -50.4770800247126 37.8058131230385 17.8018592714404 -12.9428477112891 -12.9428477112891 58.3351013623011 0.77937057787528 0.662651711856191 1.58768493120193 0.796078235917785 0.370347426382189
0.583748825471463 0.773175584050694 0.98561422437211 0.354685454320347 86.7665718832025 -48.8203772879547 -48.8203772879547 36.4882598726316 19.6367445294004 -16.3315713981641 -16.3315713981641 59.0906028687821 0.774202189332705 0.885985451186396 1.43688712737085 0.987140599524029 0.101177007437504
0.587030248965047 0.793942011589866 0.995791265164369 0.344546867312968 90.279342434181 -51.0669786732839 -51.0669786732839 38.1569121267457 20.373241924572 -21.8021913435258 -21.8021913435258 64.6882475602285 0.769160844782011 0.953404840012522 1.47074947823029 1.1120372532691 0.410994262426156
0.573360258400756 0.807221796366203 0.976882864902374 0.362999633539005 90.6654260901529 -51.4314649795414 -51.4314649795414 37.8002794099425 21.8278146136231 -20.7156558352057 -20.7156558352057 64.4496198521994 0.770414174482623 0.706523250126442 1.01547135419344 1.02154987479855 0.641767338791753
0.584859855986475 0.798249698709176 0.990082540364603 0.351056243175332 82.5673993581755 -47.0155225091461 -47.0155225091461 35.9840215126161 20.5532280155857 -21.1413214819119 -21.1413214819119 61.0418319244599 0.769064931038241 0.808451693005464 1.29952454214719 0.857898755770694 0.335017279863725
0.575007018008437 0.794312340712093 0.980664925884584 0.354381115855946 89.4265176512088 -51.1871237057434 -51.1871237057434 37.802124585228 19.4279589151276 -18.4317994843925 -18.4317994843925 63.1975594690673 0.781862622685148 0.611602854876948 1.11762113196427 0.18766866185669 0.159468722113917
0.582903765306154 0.797725297465766 0.98540206175518 0.363266636670464 86.4386078980518 -48.4134385149036 -48.4134385149036 36.3475774367906 20.6765598293163 -19.6906512634353 -19.6906512634353 57.552573254266 0.784925146115774 0.628168568526811 1.18294211002247 0.9779615365115 0.413191403837328
0.577133633691636 0.811210309271889 0.986170295644203 0.353130635545131 84.2603041034665 -47.7491586965505 -47.7491586965505 35.5700651879504 20.5098685124473 -19.8185345003562 -19.8185345003562 61.0246657778645 0.773512807773859 0.489573025073051 0.813739585267931 0.886079896854929 0.326699020031538
0.586719264837352 0.804038169962297 0.996155589676085 0.352154715867066 89.6304723131629 -50.7391427282565 -50.7391427282565 37.6301337886591 21.3182277484602 -18.9422102517993 -18.9422102517993 54.5841411619247 0.78363113823711 0.792172871314902 1.3636215590125 0.771282259518503 0.322871521547912
0.578793375769997 0.795422096990445 0.986850163372728 0.366081417894706 85.3316646982927 -48.4473848418023 -48.4473848418023 36.3332254449238 21.999465907659 -22.4132288533841 -22.4132288533841 68.9512585057713 0.781008881202705 0.487944250118373 0.936563465238911 1.00651022665988 0.217327289820656
0.588137860613486 0.807183963290723 0.994050079993394 0.376240451520956 88.758867873737 -50.3254521400113 -50.3254521400113 37.957469875288 20.5115569527873 -17.7461075256163 -17.7461075256163 61.5961741397987 0.772947053099656 1.01715349592566 1.38491536076399 0.505485012018807 0.402570934358014
0.582057420341216 0.803289153634279 0.984571703472093 0.371021172907553 84.1188003555109 -47.7673033711833 -47.7673033711833 35.9527438114912 22.5754208372941 -21.5708380638382 -21.5708380638382 58.3520817686108 0.762469184557422 0.481418963805068 0.859451941315168 0.542608388178861 0.152637131876894
0.57443149710439 0.784570665538189 0.976807795351773 0.362264642320588 87.2741189052876 -49.6677582923244 -49.6677582923244 36.7853732283104 19.5879171176755 -16.7364403278526 -16.7364403278526 64.7118459458138 0.771736684034621 0.747324038503128 1.28761704173013 0.889312153019015 0.395366939705397
0.5806796098591 0.800251339534304 0.986938267096759 0.367152098105368 89.1475089278515 -50.9447588582703 -50.9447588582703 37.2955275252013 20.6851306675535 -18.8903362665887 -18.8903362665887 59.0789563478217 0.75334649389147 0.482595210530317 0.792568149340553 0.927768673215489 0.480112650751816
0.577977082042929 0.812219812434287 0.977004208086699 0.353208522875052 90.3985018887996 -51.051119519016 -51.051119519016 38.4012365077429 19.0191241206378 -16.4171314343395 -16.4171314343395 63.6355977489456 0.784921488074707 0.468013151849766 0.559358793091807 0.616845355199391 0.383882094073881
0.579732246563161 0.802498612978278 0.984150820944056 0.372156472188908 88.8163844119427 -51.1430731144469 -51.1430731144469 37.9533236583613 18.5512831448146 -18.328770030926 -18.328770030926 55.5255099026856 0.782006455312543 0.148993606337959 0.399926861684155 0.718223623731958 0.491848165373182
0.580589777165623 0.774594658044714 0.985578192208468 0.348139720372411 87.1077849742401 -49.3081120561915 -49.3081120561915 36.752780437819 20.5732189499228 -19.8830922737954 -19.8830922737954 59.0214526988244 0.759030071807919 0.752382430457223 1.4031206521944 1.1548077578729 0.66895663567664
0.57800477710106 0.792405611047924 0.980341434921982 0.358451626964189 90.4829803381986 -50.8243229492329 -50.8243229492329 37.2113108902937 17.9952718016816 -15.2769918218652 -15.2769918218652 55.4054826479052 0.766754261720924 0.567519836382601 1.04868793466209 0.895607631664221 0.557815739038669
0.581354417415943 0.793805076920435 0.985251423232473 0.359334427995742 84.6229599933734 -49.3786883497555 -49.3786883497555 37.9482486122941 20.8917705919784 -20.6526466439537 -20.6526466439537 65.7491790119524 0.764918719832143 0.703968978375648 1.43355042309236 0.611220975790518 0.735911480994117
0.576809951326629 0.780124950497659 0.982780822422651 0.360245326180475 89.6052427709853 -51.1031329549791 -51.1031329549791 38.0570749692698 18.1863307845196 -17.0284761678045 -17.0284761678045 59.9513200206664 0.766959346985417 0.407299828709704 0.745978446094357 0.862655767936065 0.298154709522505
0.569812804852431 0.785628341166104 0.965390214928997 0.352841309495608 91.5231182136135 -51.9788696084937 -51.9788696084937 38.9979679140758 18.6570343289251 -18.3855913391641 -18.3855913391641 58.9160642212409 0.76525030827478 0.730074516674447 1.13559388685695 0.685228433386344 0.164623679962252
0.580564670538805 0.793930638027648 0.992149307695245 0.365260729798183 90.7281421835313 -50.2541092963843 -50.2541092963843 37.0641889958877 21.1402556389681 -17.873064584435 -17.873064584435 59.763792975742 0.798625400440644 0.387829056818694 0.780807490378865 1.21475599878137 0.563343425105027
0.571900893880404 0.809199674886857 0.973679049786298 0.361205665105095 90.8521617350768 -52.4029641499504 -52.4029641499504 38.8213959680955 20.136646188727 -19.9395438955957 -19.9395438955957 65.4509932545132 0.772533087388324 0.370787106237753 0.372531938974767 0.803311758566414 0.557964525136449
0.567473459617605 0.799448351609083 0.96417807390897 0.352464037592143 86.9737148930119 -49.2693857720086 -49.2693857720086 36.3250255125079 21.7143995568343 -21.1472962660678 -21.1472962660678 66.4114383161775 0.76327720556898 1.11245217541339 1.65142933566683 0.8755883126611 0.273813292169179
0.575370225062742 0.809561935630923 0.972800032410788 0.353563602775306 86.2747357258424 -48.0220370132959 -48.0220370132959 35.4924117876148 20.3954372925966 -19.9827973248646 -19.9827973248646 61.0051922424327 0.768552410509982 0.539336382807921 0.946221772579356 0.6509707421039 -0.0552384568668524
0.577624586815556 0.824265192586371 0.985411884080408 0.365675054774533 87.6714208236987 -49.8430123132938 -49.8430123132938 36.988392743966 21.4493970841664 -23.3762722827149 -23.3762722827149 66.9852051270144 0.764640122868871 0.40925876019067 0.756624816708204 0.641042116654318 0.347899677180384
0.577514978642743 0.787384380736842 0.982903740249128 0.361390617264557 93.0463182756359 -52.5502169411248 -52.5502169411248 39.0413432957622 21.4887358409626 -21.3247520838453 -21.3247520838453 65.2319467740093 0.768838671086526 0.675139283093842 1.26829928990387 0.914716545258071 0.400225840531454
0.571859898220758 0.806516351036444 0.979135222679238 0.372580373352875 88.0277577491323 -49.0522870232031 -49.0522870232031 37.035981450601 19.9249157395247 -21.2312431704356 -21.2312431704356 66.006191431562 0.78268646774834 1.01607694075652 1.39933786270425 1.34544307596703 0.542565890797343
0.590975294557917 0.802743890934404 1.0037535037919 0.347993233410697 86.8786981449796 -48.5596067345904 -48.5596067345904 36.1176651160558 19.2544115804366 -20.6452664159303 -20.6452664159303 60.7677477884003 0.77501776047679 0.116404869643165 0.672660022639578 0.155434772415692 0.0653693549156655
0.577708604377542 0.809277039080882 0.984604063396383 0.367480589803992 84.8736277040327 -48.5514735835428 -48.5514735835428 36.372744123957 18.3260200300139 -15.3680340418133 -15.3680340418133 56.6507725112513 0.785046925011579 0.557378819765348 0.672714055713961 1.25757898935689 0.587962903520512
0.57460274723404 0.811838631576962 0.978354713622105 0.364190724446506 88.7002348916195 -50.7167411641174 -50.7167411641174 38.0687610178796 19.779111248039 -20.4419863830156 -20.4419863830156 62.8827973969448 0.774536802153379 0.425744626631427 0.909813570458367 1.12482128631096 0.349800131793438
0.577753551484468 0.817430586446105 0.984466661626453 0.374048282263961 87.1424096053604 -50.0713487167151 -50.0713487167151 37.5316758017962 20.5226177154561 -20.6272818743265 -20.6272818743265 61.7630941234218 0.773140277090435 0.61637130953976 0.867716720056181 1.21422952932303 0.760997255592025
0.579945274541417 0.809591231328327 0.991081799153152 0.378768721129622 86.3739581703995 -50.0966112083606 -50.0966112083606 38.1770159426211 20.8368019966959 -20.2001793437491 -20.2001793437491 64.0962156929768 0.758281195179857 0.560606619492928 1.08860058380534 0.844516670073947 0.413914326022049
0.577987887562107 0.804802274483476 0.975929207875242 0.362346083185352 89.4248715542459 -50.3659097073298 -50.3659097073298 37.611929805602 21.2272547512349 -18.3135943685385 -18.3135943685385 57.1177130828179 0.776337142655568 0.738696995329353 0.894749138491089 0.874132743084081 0.190547909356617
0.58054825894487 0.800121194560568 0.980918886929715 0.367513787785488 93.6884063146389 -53.793383001859 -53.793383001859 40.3026905786018 23.247923798576 -23.271336414465 -23.271336414465 62.1405459506502 0.783147790048967 0.583746172828725 1.09610198121177 0.781935697377792 0.337114897029717
0.583577669351598 0.794393699265 0.992781108478977 0.366164170414926 90.5497752985964 -50.8175813683155 -50.8175813683155 37.6551753127223 19.1184044915894 -17.5514638227174 -17.5514638227174 55.9101179721848 0.773186123323796 0.0133192348615393 0.0748623674251404 1.44036300980522 0.350966650374468
0.585201325113355 0.793592357842758 0.996274795355557 0.365219369622272 90.5213864627132 -51.0264489524296 -51.0264489524296 37.5735910591931 21.1552195360852 -19.7905467022761 -19.7905467022761 60.2167692115348 0.755373564224698 0.802242871355843 1.23919385173738 0.786333686582111 0.228168353276858
0.576388642402556 0.823985099857712 0.974862517701654 0.373059681723827 90.5516686098519 -51.6878704299284 -51.6878704299284 38.2832297282824 20.1388579593093 -17.7620817358854 -17.7620817358854 62.0913878566124 0.771071848100871 0.539679997463468 0.663912267073026 0.960266977208322 0.511225264654364
0.579871777039177 0.821252094576346 0.98913974521378 0.36622334525452 92.0932378605887 -51.7588495031682 -51.7588495031682 37.9436017961313 18.9679231531879 -17.1821929147714 -17.1821929147714 61.6508662531978 0.771141252475572 0.611886781830987 0.844740777155786 0.659704518902688 0.245182846945398
0.58413945652849 0.797916298744625 0.99407981976552 0.359442059720567 84.9634999300153 -48.2389192857821 -48.2389192857821 36.2725756187679 17.6009748396075 -17.662358630696 -17.662358630696 63.7213866135692 0.778989858766775 0.158079573936232 0.57216140023051 0.743749062537191 0.466066436232012
0.575309594828794 0.824527951985242 0.97909317309811 0.358564534641064 84.4463792289388 -48.3764213449272 -48.3764213449272 35.6955185693731 18.1899473845783 -16.0221271945177 -16.0221271945177 59.0759471088663 0.75249095226266 0.78508118520981 1.21770550401265 0.606971702950468 0.424156645451765
0.577439535874229 0.785218596685171 0.986053655566424 0.366674852863502 90.8588520140617 -52.8309943477962 -52.8309943477962 39.6800650456957 18.6795591991573 -15.9147234058862 -15.9147234058862 55.1275139853011 0.782213937715317 0.760009584123272 1.23696966522198 0.875717799430296 0.316281771772425
0.58375940915418 0.797699495100217 0.995596719558166 0.372216845597059 86.8917428749346 -49.8916847047312 -49.8916847047312 37.5004284294057 16.9555439255344 -12.4670765798327 -12.4670765798327 53.7390655096482 0.76004403452197 0.419533226028789 1.16496490915874 0.898817905258201 0.376990806705751
0.577217139245606 0.799159962670896 0.986999465787234 0.372088412069777 85.3160562975382 -49.3425951514807 -49.3425951514807 36.9336903593696 17.9621362056085 -15.4330442573366 -15.4330442573366 59.5949786683853 0.766866801683762 0.705441090832497 1.21223256423151 0.82594037365612 0.168683761318138
0.577873205778637 0.790535702032939 0.981260351023785 0.366779214688192 87.6352331194355 -49.3719197673806 -49.3719197673806 36.859870587005 21.3477729872526 -19.3681401222684 -19.3681401222684 65.785130296373 0.771686349645416 1.05010241514571 1.50107728014559 1.25911993844784 0.318093835713623
0.582514322141575 0.783973165446321 0.990576103973957 0.354172267750909 90.4034254744353 -50.9899489854129 -50.9899489854129 37.6245206353378 19.997168948642 -19.1297525290832 -19.1297525290832 60.5034355254745 0.781912886292457 0.694069181757388 1.18981812336743 1.0561121863729 0.3613814946249
0.577729009671389 0.789761690417182 0.981312027155371 0.361942810320751 89.2588935331407 -50.6680935836313 -50.6680935836313 37.7766993112321 21.2466787416921 -21.1427873818068 -21.1427873818068 62.2046375117546 0.772627834775126 0.658626275300818 1.01442818979488 0.448524320404435 0.187316589520152
0.587776719984216 0.816143694327175 0.995948638820091 0.368778736838585 89.439637303587 -50.3025898139643 -50.3025898139643 36.7297768691242 19.554586957077 -19.1559762658558 -19.1559762658558 62.4536817704314 0.780125333033832 0.374997863640349 0.56121384550366 0.599541462675551 0.567443608284708
0.579355233868259 0.799460847492001 0.976665371699515 0.360356629914313 87.5332464458871 -49.3633523828436 -49.3633523828436 36.6462627049898 20.3741993289971 -19.0089063685187 -19.0089063685187 62.3038469910363 0.770737136651614 0.65385834014008 1.15358093499876 0.773173696269899 0.594523049905323
