0.975
0.985
0
0.955
0
0.98
0.98
0.965
0.985
0.98
0
0.985
0.945
0.975
0.975
0.985
0.965
0.985
0.975
0.98
0
0.97
0.97
0.97
0.54
0
0.985
0
0
0.97
0.975
0.965
0
0
0.98
0.98
0.985
0
0.935
0.985
0.99
0.985
0.985
0
0
0.005
0
0.975
0.98
0.015
0.98
0
0.96
0
0.955
0.965
0
0.98
0
0.98
0.905
0.98
0
0.985
0
0.975
0
0.99
0
0
0.8
0.985
0.845
0.98
0
0
0.98
0.975
0.98
0.175
0.96
0.995
0.975
0
0.975
0.71
0.985
0
0
0
0
0.97
0.865
0
0.97
0.99
0
0.97
0.985
0
0.995
0.905
0.97
0.195
0.96
0.955
0
0.06
0.975
0.955
0
0.015
0
0.965
0
0.98
0
0
0.945
0
0.1
0
0
0.935
0
0
0.84
0.92
0
0.985
0
0.975
0.75
0.975
0.985
0.99
0
0
0.965
0
0.95
0
0
0.89
0.055
0
0.975
0.385
0.985
0.96
0.95
0
0.98
0.975
0.935
0.885
0
0.98
0.91
0.96
0
0
0
0.97
0
0.875
0.96
0
0.91
0
0.005
0.98
0.965
0
0.97
0
0
0
0
0
0.975
0
0.455
0
0.74
0.025
0.01
0.97
0.95
0.915
0.11
0.98
0.975
0.18
0.97
0.005
0.98
0.975
0.98
0.975
0
0.975
0.14
0.99
0.97
0.98
0.965
0.98
0.985
0.985
0
0.035
0.99
0.855
0.975
0
0.97
0.07
0
0.99
0.985
0.92
0
0.965
0.98
0
0.93
0.97
0
0
0.95
0.99
0
0
0
0.94
0.975
0.035
0.015
0.975
0.975
0.085
0
0
0
0.98
0.98
0
0.98
0.91
0.96
0.98
0
0.985
0
0.23
0.96
0.99
0
0.98
0.81
0
0.99
0.97
0
0.445
0
0.975
0.985
0.975
0.955
0
0.985
0.975
0
0.945
0
0.98
0.975
0
0
0.99
0.985
0
0.975
0
0.98
0.975
0.97
0.34
0.985
0.975
0.02
0.975
0.97
0
0
0.985
0.99
0.945
0.99
0.98
0
0
0.985
0
0
0.985
0
0.89
0
0.005
0.975
0.935
0.79
0
0.9
0.985
0.98
0
0.97
0.97
0
0.98
0
0.975
0.94
0.97
0
0
0.985
0.945
0
0
0
0.99
0.115
0.85
0
0.98
0
0
0.07
0
0.005
0.07
0.975
0.36
0.98
0.98
0.61
0.98
0
0
0.975
0.975
0.99
0.945
0.99
0.96
0.99
0.975
0.925
0.965
0
0
0
0
0
0.99
0.965
0
0.985
0.98
0.975
0.99
0
0.115
0.985
0.93
0.975
0.98
0.985
0.945
0
0
0.975
0.975
0
0
0
0.985
0.975
0
0.71
0.975
0.98
0.98
0
0.92
0
0.89
0
0.975
0
0.985
0.98
0.985
0.975
0
0.95
0.98
0.98
0.95
0.82
0.975
0
0
0.98
0
0.98
0
0.01
0.985
0.95
0.97
0.97
0.92
0
0
0.98
0.97
0
0
0.97
0
0
0.87
0.985
0
0
0
0
0
0.975
0.975
0
0.985
0.98
0.975
0.97
0
0.985
0
0.96
0.975
0.01
0
0.98
0
0
0.965
0.995
0
0.97
0.92
0.87
0.91
0.99
0.97
0.98
0
0
0
0
0
0
0
0
0.065
0.98
0.97
0
0.99
0.965
0.985
0
0.98
0.99
0
0.875
0.965
0.975
0
0
0
0.005
0.975
0.97
0
0.005
0.105
0.975
0
0.99
0.945
0.97
0
0
0
0.985
0
0
0.98
0.88
0
0
0
0.79
0
0
0.985
0.975
0.98
0
0
0
0.98
0
0.99
0.97
0
0.97
0.965
0.98
0
0
0.98
0.95
0.96
0.975
0
0.985
0.985
0.975
0
0
0.975
0
0.74
0.98
0
0.29
0.98
0
0
0
0.985
0
0
0
0.975
0
0
0
0
0.98
0
0.975
0
0
0.19
0
0
0
0.995
0
0.99
0.985
0.975
0.975
0.97
0
0.97
0.97
0.835
0
0
0
0.965
0.98
0
0.985
0.7
0.965
0.955
0
0.215
0.88
0
0.015
0
0
0.595
0.895
0.985
0.985
0.945
0.98
0
0.98
0
0
0.965
0.98
0.975
0.985
0.985
0
0.09
0.99
0.975
0
0.98
0.98
0.965
0
0.97
0.96
0.97
0.97
0
0
0
0.965
0.98
0
0.99
0.975
0.985
0.82
0.98
0.97
0.565
0.975
0.3
0.245
0
0.535
0.98
0
0
0.98
0.975
0.98
0.99
0.2
0.97
0
0
0.905
0.025
0
0.975
0
0
0
0.985
0
0.98
0.59
0.975
0
0.985
0.87
0.69
0
0
0.955
0.985
0
0.98
0.975
0.975
0
0
0
0
0.98
0.965
0.985
0.98
0.98
0.98
0.465
0.98
0
0
0.98
0.98
0
0.975
0.98
0.99
0.96
0.975
0.005
0
0
0
0.98
0.98
0.985
0.98
0
0
0.9
0
0.98
0
0.98
0.06
0.98
0
0.945
0.975
0
0
0.875
0.98
0.985
0.98
0.96
0
0
0.395
0.7
0.975
0.97
0.985
0.99
0.985
0
0.985
0.975
0.98
0
0
0.975
0.98
0
0.98
0.94
0
0
0
0.12
0
0
0
0
0.985
0.97
0
0.99
0
0.98
0.98
0.99
0
0.98
0.985
0.965
0
0.85
0.965
0.91
0.965
0.97
0.01
0.99
0.98
0.98
0
0.965
0.975
0.985
0
0
0.985
0.095
0.975
0.96
0.995
0.595
0.01
0
0
0.98
0
0
0
0.975
0.83
0.53
0.99
0.015
0.955
0.975
0
0
0.94
0.985
0.98
0
0
0.97
0
0.975
0.99
0
0.2
0
0.965
0
0.975
0.98
0.98
0.985
0.025
0
0.98
0.975
0.985
0
0.015
0.99
0
0
0.58
0.98
0.98
0.005
0.98
0.98
0.975
0.975
0.955
0
0
0.005
0.05
0.965
0.95
0.98
0
0
0.985
0.99
0.955
0.98
0.885
0
0.96
0
0
0.18
0.99
0.975
0
0
0
0.985
0
0.98
0.865
0.965
0.015
0.995
0
0.97
0.97
0
0.97
0
0.99
0.955
0
0.985
0
0.985
0.975
0.98
0.98
0.985
0.98
0.97
0.975
0.97
0.985
0.09
0.985
0
0.99
0
0.985
0
0.98
0
0.98
0.985
0
0.99
0.99
0.93
0
0.975
0
0.985
0.97
0
0.975
0
0.98
0
0.97
0.99
0
0.98
0.975
0
0
0
0.975
0.01
0
0
0.425
0
0
0
0
0
0.98
0.985
0.94
