0.97
0
0
0
0.725
0.865
0.98
0.97
0
0.01
0.975
0.985
0.72
0.965
0.96
0.975
0.215
0
0
0.105
0.97
0.985
0.745
0.11
0.98
0.025
0.98
0
0.81
0.165
0
0.98
0.01
0
0
0
0
0
0
0
0
0.845
0.975
0.92
0
0
0
0
0
0
0
0
0.01
0.885
0.98
0
0.98
0
0.965
0.98
0.965
0.02
0
0.93
0.02
0.005
0
0.06
0
0.55
0
0
0
0
0
0
0.09
0
0
0
0
0.9
0
0
0
0.005
0
0.01
0.92
0
0.97
0.84
0
0.015
0
0.2
0
0
0.005
0.195
0.985
0.985
0.005
0.975
0
0
0.135
0
0
0
0
0
0.015
0
0.975
0
0
0
0
0
0.955
0
0.665
0.025
0.025
0.955
0
0.975
0
0.97
0
0
0.64
0
0.075
0.97
0
0
0
0
0.975
0.37
0
0
0
0.17
0
0
0
0
0
0.96
0
0
0.98
0
0.105
0.13
0
0.98
0.005
0
0.01
0
0
0.665
0
0.975
0
0.005
0
0.46
0
0
0
0
0.98
0
0
0.985
0.98
0
0
0.98
0.005
0.97
0
0
0
0.795
0
0.015
0.005
0.015
0
0
0
0.165
0
0.02
0
0.98
0.98
0
0.045
0
0.525
0
0
0
0.975
0.98
0
0.32
0
0
0
0.025
0.97
0.005
0
0
0
0.895
0
0.025
0
0
0.12
0
0.1
0.985
0.985
0
0.985
0
0
0
0
0.06
0
0.305
0.165
0
0.97
0
0
0
0.005
0.93
0.755
0.19
0
0
0
0
0
0.215
0.98
0
0
0
0.515
0
0.97
0.975
0
0.005
0
0
0
0.965
0.97
0
0
0.985
0.69
0
0
0.35
0
0
0
0.97
0
0
0.975
0.97
0.985
0.98
0
0
0.005
0
0.965
0
0
0.005
0.085
0
0.98
0.97
0.985
0
0.98
0.98
0.895
0.98
0.985
0.48
0.975
0
0
0
0.97
0
0
0.975
0.7
0.875
0.975
0
0
0
0.01
0
0.975
0.96
0.01
0.015
0
0
0
0
0
0.045
0.945
0.985
0.97
0
0
0.005
0.035
0
0.98
0.95
0
0
0
0.97
0
0.965
0.015
0
0.98
0
0
0
0
0.005
0.905
0
0
0.015
0
0
0.99
0
0
0
0
0
0
0.98
0.05
0
0.005
0
0.985
0
0.915
0
0.02
0.005
0.985
0.43
0
0.115
0
0.005
0.94
0
0.97
0
0.975
0.975
0
0.975
0
0
0.965
0.97
0.98
0.98
0
0
0.15
0.005
0.98
0.02
0
0.985
0.02
0.65
0
0.99
0
0
0
0
0
0.87
0.97
0.63
0.98
0
0
0
0
0.985
0.41
0
0.985
0.185
0
0
0
0
0
0
0
0.985
0.975
0.98
0.98
0.975
0
0
0.985
0
0
0.345
0.005
0.98
0
0
0.97
0.965
0
0.015
0.98
0.975
0
0
0
0.005
0
0
0.99
0.035
0.97
0.02
0.985
0.985
0.63
0
0.96
0.975
0.05
0
0
0
0.965
0
0.125
0.975
0
0
0.98
0
0.35
0
0
0.985
0.98
0
0.985
0
0
0
0
0
0.005
0
0.97
0.98
0
0
0.955
0.98
0
0.975
0.975
0.975
0
0
0
0
0
0.005
0
0
0.995
0
0.98
0.975
0.86
0
0.985
0
0
0.67
0.98
0.37
0
0
0.975
0.965
0.085
0.005
0.975
0.005
0.02
0.98
0.975
0
0.955
0
0.935
0.98
0
0.025
0.97
0.965
0
0.015
0
0
0
0.01
0
0
0
0.005
0
0
0.98
0
0
0
0.005
0.975
0
0.01
0
0.02
0.975
0
0.98
0
0.19
0
0
0
0.955
0
0
0
0
0.18
0
0
0.98
0.005
0
0.79
0.985
0.99
0.16
0.05
0
0
0
0.975
0
0.015
0.98
0.98
0
0
0
0.97
0
0.98
0
0.965
0
0
0
0
0.98
0
0
0.975
0
0
0.005
0
0
0
0
0
0
0
0
0
0.035
0
0.03
0
0.55
0
0.95
0
0.025
0.045
0
0.98
0.985
0
0.98
0
0
0
0
0.965
0.76
0
0.98
0
0.975
0.1
0.98
0.98
0
0.015
0
0
0
0
0
0
0
0.985
0
0
0.7
0
0
0.015
0
0
0.98
0
0
0
0
0
0
0
0
0.975
0.97
0
0
0
0.15
0
0.01
0
0
0
0.015
0
0.74
0.975
0.97
0.98
0.05
0.98
0.98
0.965
0
0
0
0
0.17
0.985
0
0.01
0
0.345
0.975
0
0
0
0.97
0.515
0.02
0.985
0.01
0
0
0
0.83
0
0
0
0.98
0.55
0
0.97
0.98
0
0.005
0
0
0
0
0
0.975
0.99
0
0.01
0
