mu[1,1] mu[1,2] mu[2,1] mu[2,2] tau[1,1,1] tau[1,2,1] tau[2,1,1] tau[2,2,1] tau[1,1,2] tau[1,2,2] tau[2,1,2] tau[2,2,2] probdiff predOne[1] predOne[2] predTwo[1] predTwo[2]
0.581283481259631 1.4374575559588 0.995587967686349 0.672686967256843 83.5163880589162 -50.6025116025393 -50.6025116025393 35.0438845563242 15.9122482502321 -6.32566951310882 -6.32566951310882 2.92955363642145 0.000841186890925778 0.971170222279736 1.6535054185263 1.6197084283463 2.18983380557699
0.587857629020595 1.44620373206907 1.00320444363098 0.57311457770044 80.9867759067562 -48.7515790722184 -48.7515790722184 33.7795485545182 20.5947543841601 -24.4116988374334 -24.4116988374334 56.5444063422352 0.00440842222661923 0.352895275553672 0.891605684927974 1.76045797265083 0.914211420801147
0.596479388275268 1.42362931653359 1.01101363206201 0.570813912107216 82.0628067035875 -50.8628561783613 -50.8628561783613 36.0642361777592 37.4394688125861 -60.2588518656273 -60.2588518656273 134.201694773352 8.2592224314085e-05 0.954285734679942 1.842618019843 0.996076342893426 0.442721873580726
0.591324918506935 1.41548729795647 1.01511855295444 0.578497245897082 85.2165730465442 -51.3713839050683 -51.3713839050683 35.2709996511793 38.2681905288314 -58.7143335946074 -58.7143335946074 124.423915226924 0.00119198852392228 0.526652301209867 0.970933641379093 0.989477829974784 0.454353078741515
0.567350752903984 1.42560785519805 0.974560144259443 0.569550131960758 78.2808434251259 -48.2743682620362 -48.2743682620362 34.4271482512774 35.1963414090168 -56.7022978439461 -56.7022978439461 126.248826373938 0.000616324952027773 0.567077895778965 0.82841956695793 1.30475398677799 0.554868828409569
0.551373444882832 1.45677425249146 0.956679236271629 0.58539665099826 82.5677466627668 -49.1097063456277 -49.1097063456277 34.3307644589769 32.6434557144784 -56.8400032236339 -56.8400032236339 127.564802626958 0.00182425590517543 0.484317532388405 1.05556734754223 1.17247514717546 0.331463986876303
0.569052813234731 1.44599058215613 0.977363073977432 0.581466023884108 89.5717395869428 -55.6959541124855 -55.6959541124855 38.9170561149583 37.450784572467 -59.0959110586501 -59.0959110586501 126.663556306614 0.00443841809424559 0.0639756114604585 0.33669107920142 1.88265388511476 0.762395912535918
0.566002064615266 1.45069902919243 0.976204321045839 0.59461976646978 81.1290041398406 -50.693181124887 -50.693181124887 36.3252488028338 36.285583301535 -59.6411112186854 -59.6411112186854 132.930264782814 0.000525052024583653 0.584961093780239 0.928063078114261 1.35816580190767 0.483177371488904
0.55467939368009 1.38947108803861 0.957651790296339 0.563801731921928 77.6168138634662 -47.7431155039449 -47.7431155039449 33.9750742393155 30.4936503792742 -51.3601484287536 -51.3601484287536 116.179048959515 0.00991765109540656 0.604629017690487 1.26050022511261 1.42007484595094 0.323496672797427
0.554514083414569 1.42996870007887 0.943021700589657 0.579519749307626 81.0310761125551 -50.7170841674319 -50.7170841674319 36.2996021950469 37.6400299544778 -59.0441150706706 -59.0441150706706 123.359125565914 0.000869679055083641 0.240838616307316 0.687983752166524 1.83500488471515 0.660556073466165
0.544044900241549 1.45202233606213 0.929337337994246 0.592419977363528 76.4748497927564 -46.5600629766916 -46.5600629766916 32.4352448925748 34.8674600725032 -52.4892248967873 -52.4892248967873 111.764075188303 0.00146954858095328 0.434210771188336 0.738008421367796 1.36688958131937 0.309562678712454
0.569312787445893 1.40662084379504 0.981933237326186 0.562558676831048 79.7897523319537 -48.0690053493648 -48.0690053493648 33.5036049557177 39.0682977439043 -64.2599221924434 -64.2599221924434 138.246141739978 0.013622854483156 0.499187993036162 0.978566607071095 1.04280019359199 0.421078425595878
0.562259674309574 1.41648310050612 0.959522212577657 0.570937004112063 90.7571258695801 -55.595922147578 -55.595922147578 38.0606702928158 35.4042738019578 -59.4281996368263 -59.4281996368263 135.950538737372 0.00357544142253028 0.776915657473867 1.30256106138185 1.78448398520386 0.840190522321492
0.585383488079997 1.43372903556877 0.991293936669386 0.577509745978508 81.6750788314799 -50.4114962027133 -50.4114962027133 35.7162330078749 38.7577304684442 -63.9692057103492 -63.9692057103492 137.928203202891 0.0199242809286007 0.285734189236103 0.706634326225997 1.17740801722081 0.495104859638565
0.575363754200918 1.42307702767789 0.983792290568655 0.578117003214164 85.5262748832695 -53.2873667637279 -53.2873667637279 38.0655369353989 34.7275083906789 -54.1998859503892 -54.1998859503892 118.853151488207 0.000502483940739455 0.74747445171119 1.13595718710083 1.28873146401996 0.530879409608548
0.5596391743405 1.41161198324145 0.952435031794304 0.563663095803495 80.4288838642826 -49.8163134700506 -49.8163134700506 36.0785495094301 37.7346178670178 -64.8599767815583 -64.8599767815583 144.340224152183 0.00648292662435737 0.3485787845781 0.74987993482079 1.02420193613885 0.541733379821198
0.550526826496257 1.414225411868 0.952128410660296 0.559287152918697 83.5113155941877 -50.1892369498654 -50.1892369498654 34.5228120758706 30.9594560288042 -47.5181957124432 -47.5181957124432 103.820348338994 0.00216008913769355 0.48542883360084 1.03321915148421 1.92439170915276 0.747843365810224
0.560549611981797 1.44937086619406 0.967709565619073 0.577211840586598 83.7706907472582 -51.0937991395133 -51.0937991395133 36.2960173907221 35.3115192680634 -57.5632978729493 -57.5632978729493 124.634464159472 0.000346495147359824 0.487600904539656 0.721624751201646 1.51857449069066 0.665507989400416
0.552424597177391 1.4277275796035 0.950360418417527 0.58393208025651 86.2476132753596 -52.9399911166558 -52.9399911166558 37.101879652411 31.0217229226984 -49.2682450139474 -49.2682450139474 116.924256456279 0.00045419489177453 0.629441804917857 1.18148022335062 1.42829768577166 0.729198835145881
0.571067609831098 1.46867106505416 0.979319784809811 0.588945894503515 72.8686683202302 -43.8601858175497 -43.8601858175497 30.772075796681 30.7658905848408 -49.9458116069952 -49.9458116069952 121.690792290338 0.00266647844269283 1.27496291013813 1.67014530468959 1.59985252764415 0.740638209270191
0.573691227395485 1.42602174665476 0.974611280290881 0.573928681437183 92.3795697848739 -55.75095916277 -55.75095916277 37.8317992796715 32.198498224027 -53.7899885504288 -53.7899885504288 121.701043365675 0.00019983447530863 0.647624018548507 1.14858967760176 1.29413461859522 0.585770507481061
0.552370027790249 1.4241112523285 0.955907565292458 0.58427637007154 82.1134370139224 -48.9865998587146 -48.9865998587146 33.427895746849 37.8904545657632 -61.8532588453101 -61.8532588453101 137.322567989231 0.00407807180805577 0.480973689767673 0.839219272295443 1.38972169078305 0.417255593722043
0.545903903758979 1.44268932267104 0.951484738566002 0.591049660364436 86.7342743355994 -53.7783509890865 -53.7783509890865 38.2300853809763 36.3760513554722 -60.0433436472808 -60.0433436472808 129.928840278979 0.00288925358469072 0.878232327148451 1.52440730726129 1.61262570023275 0.636604947012301
0.591931944355994 1.43351851643507 0.999736677267864 0.575570771083222 76.8047704842922 -47.6036532627632 -47.6036532627632 33.773641627035 32.3955666287927 -50.4073248726842 -50.4073248726842 111.167081217484 0.000482108160707433 0.882755240381841 1.26206656588591 1.93480387788167 0.758531966450263
0.567185023720701 1.42387894381637 0.978006031902204 0.573112473571957 83.0436784591983 -52.3448980324068 -52.3448980324068 37.6083744774164 32.9463897131052 -49.6785580326915 -49.6785580326915 107.827887993006 0.000785154677020647 0.412658211570968 0.739316730766988 1.30590719773551 0.498709556820266
0.573482219138322 1.42198303825842 0.984397096391557 0.577553987157884 79.0419764210006 -48.5228485438887 -48.5228485438887 34.3023422928777 35.262344295138 -57.9968428693539 -57.9968428693539 128.022405842385 0.0042341907546093 0.876238295927613 1.43078854828632 1.43842904369016 0.59939914137441
0.5633650342181 1.41567154614401 0.962006470084009 0.570039055239448 86.9850109994826 -53.8058913587553 -53.8058913587553 37.5682102637423 36.0341734784078 -61.7555044446575 -61.7555044446575 139.087703847242 0.0107824634551614 0.791510128107957 1.27856124650958 1.52869620749977 0.682125071477263
0.57041720099691 1.42928203370428 0.973454110879996 0.589844327226604 87.9584126363703 -55.3957578076812 -55.3957578076812 39.2250890835335 33.6878535170847 -54.5516718450076 -54.5516718450076 126.805150670909 0.00151527278418375 0.663937873386102 1.14599416865042 1.09195216589326 0.527747689258839
0.582155967965464 1.4289264473464 1.00730645376486 0.579069553065076 85.015660884846 -51.5560861614886 -51.5560861614886 35.6445905990381 35.6864446944612 -55.2562130927329 -55.2562130927329 123.901675547813 0.00365950550498931 0.496395629130985 0.847691716578032 1.51037980917516 0.713366233189102
0.573828914996234 1.42310156862124 0.975283233950327 0.581163467561721 71.9245099863778 -44.7260414209949 -44.7260414209949 32.4276493955917 29.5247125941147 -49.0448188073799 -49.0448188073799 121.149438632684 0.00975608253985644 0.80505485410305 1.27281279526099 1.64524996630505 0.567950400900244
0.569292995298378 1.46044097306309 0.972095892880149 0.594881869731644 82.4199746236865 -49.4073075333902 -49.4073075333902 33.6631226822374 38.9305139207509 -66.5007411364973 -66.5007411364973 149.951955292474 0.00855762997170694 0.48959718812538 0.819402975043871 1.97814531468341 0.878374084583614
0.56374650662249 1.39723798467609 0.976865785591586 0.565489750219509 82.9876966667564 -50.1759136185746 -50.1759136185746 34.774135477867 33.7845776765324 -51.792863802869 -51.792863802869 114.159507160656 0.00639829471139882 0.592834472711147 0.967813731342318 1.39767227518964 0.640945310248073
0.556808437640234 1.45526463147472 0.958887706653182 0.590332208279765 73.269001779068 -46.5347118087327 -46.5347118087327 34.2061220583711 36.0009452633182 -55.8037829360631 -55.8037829360631 119.102949885366 0.0202833412193953 0.963906771854768 1.20247720934544 0.985440157552385 0.232358036690159
0.55358330905199 1.437423382491 0.951447457008121 0.576609188839734 79.2343618544861 -48.1780875093251 -48.1780875093251 33.8907255724115 34.4234671295845 -57.3785602066172 -57.3785602066172 129.612461990671 0.000499815458320523 0.700001779168001 1.15260809729181 1.42284578666757 0.428579181923933
0.565453455693098 1.40870651495911 0.968296512029169 0.574154558119549 84.6537268867142 -52.7768771832024 -52.7768771832024 37.3575545617583 44.6148876944159 -68.8546465050342 -68.8546465050342 139.431717538387 0.000546980210170138 0.720502019172877 1.48872818637608 1.09170196590047 0.600947576850581
0.566192095858299 1.42354015118328 0.972899961309755 0.570292163065677 78.5131159529764 -47.5788027097689 -47.5788027097689 33.0447019923435 33.027545523815 -56.8167694595078 -56.8167694595078 135.390360670113 0.00115139637863835 1.24241324079732 1.83512909837521 1.39724389836898 0.65420238691721
0.602321612933906 1.46231622120085 1.02138587343032 0.591350516684625 83.2794427531927 -50.9258251608942 -50.9258251608942 35.8324717167862 36.5958917117568 -58.4941227637089 -58.4941227637089 124.516287477805 0.000191376652443591 0.438219911061034 0.746274058857056 1.19346848725548 0.533033395511529
0.578981206947636 1.44247117823786 0.995816647693159 0.580670209332804 85.1590743913213 -52.0110643658071 -52.0110643658071 36.0132355087503 38.1577347902019 -64.0506873924505 -64.0506873924505 148.391281273203 0.00428331546630238 0.589140406846535 0.85206173028083 0.953630275668273 0.370551843323021
0.56020869462014 1.42303448209851 0.963396533821876 0.577131828898473 80.2015834610908 -48.9002499793541 -48.9002499793541 34.1577724622926 39.7055673450987 -64.8910400975214 -64.8910400975214 147.213322537462 0.00181989398516774 0.718356059742929 1.2427267297314 1.77417739530104 0.671054679486142
0.569138479088032 1.44082284531531 0.974708046583789 0.577079135245093 76.2752402796645 -46.3982300003011 -46.3982300003011 33.0139102510419 33.3300576601016 -48.9649283406627 -48.9649283406627 108.768463500905 0.000128344371504299 0.112469642463582 0.337478755943933 1.33728589349782 0.563125729661243
0.580548365280221 1.4232174506185 0.995628595348757 0.576523489264964 77.7340942999262 -46.6056293577376 -46.6056293577376 32.1170113955798 34.6754487462762 -58.0989011912146 -58.0989011912146 131.386331611714 0.00146100444714062 0.585440965727918 1.02060825044708 1.65892044380501 0.768953816530924
0.557438526861798 1.43070827511116 0.966565127680401 0.575181527174191 71.7835166783053 -43.3634114411886 -43.3634114411886 30.760658313549 40.3926591265208 -68.8709126664026 -68.8709126664026 153.236924455873 0.00163904741891264 0.717227726791617 1.19785139701229 0.618844311075942 0.170817001931882
0.590431737052171 1.44282072982399 1.02385529903928 0.578884595828165 89.0184750727072 -54.2023471541305 -54.2023471541305 37.3758835439749 40.2102502824989 -64.2277951355691 -64.2277951355691 138.437716720907 0.00321725641143916 0.870770827349473 1.2983669473295 1.19531649129978 0.402918595478331
0.545418704609235 1.46796927528472 0.95036476181943 0.583526098863699 75.7263215498671 -46.9512850634746 -46.9512850634746 33.8941056546503 32.2711637402534 -49.3294937476877 -49.3294937476877 111.62388421962 0.0160934715103304 0.585647112926362 1.16496824674677 1.32642946508533 0.424465111312874
0.562191362580445 1.4494722976376 0.975542731068326 0.586795953696139 80.2044345881521 -49.3209235585197 -49.3209235585197 34.6531456658751 33.3296784047209 -57.6721801925561 -57.6721801925561 132.622425776251 0.00235023458200158 0.55216884711206 0.89858175015801 1.61260769119117 0.626017822701809
0.558328222874957 1.44759357637957 0.957377719286724 0.597004240038578 76.7713079477792 -46.3456349179283 -46.3456349179283 32.5969950279728 40.1080218169559 -65.6616707973961 -65.6616707973961 138.486048201157 0.000456195494372359 -0.0455355032325904 0.240621427344215 1.23576403847728 0.391178181150536
0.545774222063659 1.40953753404029 0.943029845744484 0.571638352785884 88.6874194041109 -55.508175177263 -55.508175177263 38.9285496415491 35.5364977803073 -58.1136803023228 -58.1136803023228 131.683445486026 0.00603633685037787 -0.0555555663376857 0.123930062747989 1.36186806133962 0.450895863336528
0.578283199192691 1.4425015063864 0.98894347444478 0.576973276533482 83.0251369660957 -50.1635242091482 -50.1635242091482 35.0024848137162 34.0015495273358 -52.5965835559068 -52.5965835559068 126.209352793534 0.00220999982044051 0.514514893974699 0.874579928676289 1.24923071849251 0.541146795338669
0.588081490630783 1.4321184362994 1.00817052560477 0.575193573459635 73.8643649040296 -45.2848969066718 -45.2848969066718 32.3046285838599 36.1749938897049 -61.0243642894284 -61.0243642894284 140.442560078695 0.00216505396971497 0.0317009292314632 0.353565944401016 1.38049843126938 0.519823230070612
0.554417025057802 1.4218815628021 0.943668150645452 0.573436980679071 77.1334498986026 -47.0610478306835 -47.0610478306835 33.3310287214297 36.8837725547116 -62.6102936021446 -62.6102936021446 139.720083446167 0.000275062176804556 0.144135718273704 0.509509787354662 1.5631053762535 0.581746945932193
0.583421869504908 1.39068164937628 0.994172220386863 0.566050565968262 79.2282634699032 -49.6017888469529 -49.6017888469529 35.5192633320952 32.0504166380785 -51.8468206222581 -51.8468206222581 116.840676885958 0.00630769793847851 1.11931774772861 1.71577863948691 0.70950881186534 0.37487570545088
0.553108277214674 1.43731794752611 0.948060583513276 0.581076440223739 80.0941177847355 -50.6560117500334 -50.6560117500334 36.482102600608 34.4960621915454 -54.5273825922364 -54.5273825922364 120.809539695729 0.00282121537464559 -0.174188840990923 0.172134622826311 0.951891435964664 0.447846889106747
0.553411950791607 1.43096388757952 0.943396343813767 0.574967109067913 81.5567475828705 -48.9368962056444 -48.9368962056444 33.7371844427947 41.7048263378449 -67.843131507968 -67.843131507968 143.796419473699 0.00688913500144989 0.665117890291439 1.01137175276788 1.49822165776044 0.61785474763543
0.578738565480762 1.44099673622985 0.994155610729527 0.581839162348892 83.1725431062331 -50.5597247942901 -50.5597247942901 35.3455643317315 37.2268913223037 -59.7057538013329 -59.7057538013329 135.686572272117 0.00541640001284816 1.13498265692415 1.78007469567908 1.99799462709097 0.727846139604962
0.554526580416301 1.43891764861759 0.953641322325772 0.5822609148299 87.1052848333942 -53.8678332950866 -53.8678332950866 37.4574323566327 33.7294472756214 -51.1577248395554 -51.1577248395554 111.768944496722 0.000914201038942929 1.07772968790506 2.13583752162102 1.18570188726867 0.447322801388813
0.566642446648069 1.41033876584856 0.966211509845946 0.576583581873236 85.8077587090216 -53.1576931392875 -53.1576931392875 37.7005635539237 30.3233671067512 -48.5037846078191 -48.5037846078191 112.279903214059 0.000880402000762447 0.476422979937437 0.757051110042925 1.54358736580687 0.528429833453891
0.590425546783431 1.41642553403806 1.01099473911527 0.568354766624957 88.1295632992425 -54.5657617237617 -54.5657617237617 38.3502103830686 30.1404771743796 -45.853971275135 -45.853971275135 103.705936198059 0.00737451184644672 0.447399082615463 0.67896941179597 1.26224722286991 0.443685655383077
0.550031519770083 1.44519466550617 0.940699808595747 0.589433119073447 77.3138306952353 -47.5960325258336 -47.5960325258336 33.9939488207606 36.8858955347452 -59.691343553848 -59.691343553848 131.072144116108 0.00613885429820997 0.446305883606699 0.680919739844782 0.711959030302291 0.281110989789595
0.562092320865822 1.42419315946222 0.964489347364921 0.580799283942214 86.9744482589745 -53.7290018151097 -53.7290018151097 37.9501770307813 36.4764606631498 -58.4869654441701 -58.4869654441701 127.575321280096 0.006772096123633 0.702543524393681 1.2284228468408 0.884194340184171 0.263457583410299
0.573859350572418 1.44920511369791 0.980098238380016 0.583509781750178 73.958601007595 -46.2027228409914 -46.2027228409914 33.5195922588167 32.3662967678652 -50.4615385856774 -50.4615385856774 115.947601997345 0.0258582945678758 0.278827816546915 0.729761644317155 0.958585465882025 0.385516159863033
0.576597488157655 1.43028799187365 0.980887776728881 0.578574231396669 80.7620995628701 -48.4524207646052 -48.4524207646052 33.7239910586679 35.5052712871848 -58.1578174888061 -58.1578174888061 129.700577795532 0.000250254492234107 0.960652183438048 1.39252171636822 1.7176383644614 0.726738306555527
0.55959302784347 1.40299514853671 0.962074454802161 0.565907724419379 79.3304307589279 -48.3358646203312 -48.3358646203312 33.7683514201604 37.7479323278932 -58.1715450744157 -58.1715450744157 127.143175559555 0.00790551362697666 0.309179423187158 0.575714046558944 0.578730793633971 0.269365602870397
0.559930940442872 1.44868178018467 0.962630784448654 0.572254500069288 82.448442585743 -52.151081370174 -52.151081370174 37.351517319704 36.5068175498717 -58.6559595162133 -58.6559595162133 131.585208093379 0.00624151611331435 0.90404314790492 1.20085894582231 1.12734758340538 0.462067318647299
0.575687261379107 1.46205696140749 0.990049686757759 0.591589657439248 81.6044860405445 -50.5085961671601 -50.5085961671601 36.1768005187301 35.7753695345031 -56.9399057349826 -56.9399057349826 133.10031590538 0.000533925345200979 0.406314935699284 0.589338178618259 1.93910763197021 0.863854697163382
0.565273538237754 1.3968547705256 0.976498285651865 0.568883736282946 80.5055266910986 -49.4192376918118 -49.4192376918118 34.8035690854581 31.659729100915 -54.8127024914817 -54.8127024914817 130.685035269791 0.00276326445222181 0.877471071218197 1.58650253096458 1.22357055472483 0.634718468553431
0.572972096538882 1.43192709250299 0.978376830179877 0.593204317246383 75.49623814666 -46.6281690589839 -46.6281690589839 33.6132744638609 35.2172501534073 -54.2642128698105 -54.2642128698105 127.897713731295 0.00579579858859356 0.607748736860639 1.09014500484077 1.36375943346385 0.539486856462886
0.5624874823574 1.36603341131907 0.972989314663675 0.541439787686 78.8130342541641 -48.2075887961391 -48.2075887961391 34.2725845175836 36.4938097947836 -58.7900496692561 -58.7900496692561 126.580221859037 0.0055059965511171 0.0776820626652712 0.389698559286475 1.06504648682686 0.437500974837639
0.569569125249161 1.39936299845469 0.973866552019571 0.568869628440809 79.0887608779627 -48.586411308018 -48.586411308018 34.3244880095144 37.1565019490542 -60.6200374937184 -60.6200374937184 134.423344414836 0.000838560747719815 0.265287669762516 0.629343019636905 1.80478488134257 0.624351262747747
0.563527032299167 1.42568635609279 0.968381702087953 0.575205762853451 87.4389089643001 -54.1810540793732 -54.1810540793732 37.8331096653366 39.9069651878012 -68.0242015116954 -68.0242015116954 146.917290355446 0.00068679260690905 0.354859274198904 0.753411671619121 1.13618372999514 0.442359244975234
0.558342282354787 1.40638366383777 0.956525037204451 0.574897539045739 81.6949629759674 -49.6162118427581 -49.6162118427581 34.8553428883477 34.7443744853796 -55.9167484676277 -55.9167484676277 126.515109533972 0.00580700869159951 0.505341064120478 1.01416765358345 1.8601374480024 0.788557312127193
0.556755230000997 1.40259746515116 0.95773218420916 0.560727038942749 81.1383214127456 -50.0741765480104 -50.0741765480104 35.595981389865 33.0120883182001 -54.2612506581732 -54.2612506581732 124.013912998618 0.00113651729263243 0.558580780599273 0.880166033574244 1.12390068924946 0.507767343465239
0.568260286584701 1.41882958264969 0.968535116691809 0.57178168491314 75.112592512712 -46.8182647053173 -46.8182647053173 34.0939561463384 33.9441695226295 -55.5059177415257 -55.5059177415257 126.413498844997 0.000875991610659715 0.395967842548087 0.714526552645837 0.88959113354438 0.303863629561576
0.563033054674547 1.44984969703687 0.965597435838461 0.581076915890239 88.2555846446895 -55.5554392822127 -55.5554392822127 40.012068660303 36.7508166877074 -62.2469225166595 -62.2469225166595 139.772016264519 0.00683829300224386 0.246043756776272 0.315002195688037 1.46226612404772 0.621747778682303
0.565198717817359 1.45300791264234 0.970847121021674 0.593569907729458 75.7152566665589 -46.2035358066243 -46.2035358066243 32.7002495661466 31.4378545057049 -47.9980184197422 -47.9980184197422 110.824511069461 0.00110964905867167 0.587017372189788 0.989380379905407 1.42612979044994 0.40438242030687
0.567648896457755 1.43847517306391 0.973227039414612 0.576881544004238 84.8427997924592 -52.1539249697876 -52.1539249697876 36.6833242950254 34.2197905241025 -55.5242056121468 -55.5242056121468 127.224240529999 0.00110932571652464 0.34432825170172 0.499314333865439 1.07542782661305 0.401401913006028
0.550777861247397 1.472388007273 0.952946746804752 0.592615099438546 80.0623582747922 -48.8328553236228 -48.8328553236228 33.9972071977769 34.7614847621927 -49.1129732128642 -49.1129732128642 105.139990968199 0.00905924438147433 0.513787641230859 0.774061471886376 1.60748988138326 0.645797403756953
0.56516671112297 1.41310206266082 0.974509402795609 0.56149015198038 82.7738871352435 -50.0320394221918 -50.0320394221918 34.7957700670525 33.9042646499096 -56.5340624094782 -56.5340624094782 130.297969722458 0.00310898038114682 0.775481840373184 1.3939964843996 1.20434882603838 0.524672924001819
0.584579149282676 1.42649738381572 1.00016207074299 0.581312925234769 80.0131356684921 -48.616989799823 -48.616989799823 33.6716158141416 33.4237278907883 -54.9076014799056 -54.9076014799056 127.564299247953 0.00197415761087322 0.403108887629281 0.734185697143291 1.45139966918516 0.485415560557299
0.548251183089983 1.44465138804761 0.936845920097574 0.581886167570026 78.853681574663 -47.8752106969348 -47.8752106969348 33.0725627219332 32.1718394649279 -53.3467666266675 -53.3467666266675 125.189254309657 0.000753963769499263 1.03367988407061 1.3824409802845 1.21365219168593 0.50276189502027
0.554837278683638 1.40857306588346 0.948590372457481 0.560909796617515 84.1027081140843 -50.9875130810034 -50.9875130810034 35.5488987854286 35.4650201529583 -51.815999750646 -51.815999750646 108.857752574292 0.010569220380104 0.483703986097688 0.832464847180406 1.50647731321615 0.618439144381714
0.581725867825682 1.43554485832876 0.994750292486683 0.582214836758123 81.4588670879292 -48.9128847641406 -48.9128847641406 34.0844951677309 33.4497287812654 -55.2117655870922 -55.2117655870922 124.45717926837 0.00106604959415477 0.276778272306749 0.350824722214122 1.18003924804306 0.386559493471692
0.571369476091817 1.45134761170311 0.972731773333911 0.591717011669969 80.0741929245198 -49.2276735688463 -49.2276735688463 34.2731761958517 37.1753951381635 -58.4044805450749 -58.4044805450749 135.646945357723 0.00588788699658863 0.236692838277325 0.680487849469294 1.71171190216344 0.644185333010743
0.553326642106119 1.40082754378481 0.951805373113238 0.565220628672589 78.0114389251061 -48.9030612196443 -48.9030612196443 34.9251911006392 35.4117394410283 -55.9389129438921 -55.9389129438921 121.061445227328 0.00153303001419012 0.624869135165214 1.18181892472332 1.3041019097369 0.633540122423864
0.580120218976643 1.39324137718466 0.99437069277135 0.566327266067852 80.4275376795036 -51.142299495865 -51.142299495865 37.3576879974731 32.2711139492853 -51.3704819736089 -51.3704819736089 109.992621473126 0.00235327776816125 0.508958319215411 0.817356475485826 1.21855804734793 0.472506573013955
0.546861324093978 1.45499158091018 0.934251047429134 0.574697745062975 76.7626535789492 -44.9850497396395 -44.9850497396395 30.6880774849692 32.9876287856494 -50.1931208458709 -50.1931208458709 107.639531028963 0.00768128285654285 0.478946809966326 0.753936299615125 1.54529469045782 0.630307049414469
0.553819545277098 1.41185784044475 0.951190655171888 0.569245160161499 85.3255618293042 -52.801633639482 -52.801633639482 37.2427423337435 34.4191666571502 -54.4344722286395 -54.4344722286395 126.968911488132 0.00306423129738867 0.431002916829529 0.762846649258834 1.30899611110123 0.518874948379781
0.56648587766407 1.43693447317196 0.971718694643656 0.598386178771823 80.6467156452603 -49.58799057389 -49.58799057389 34.6483549573782 34.5832226162817 -57.7380485377118 -57.7380485377118 128.142623248735 0.0214429154603657 0.482701547254573 0.608612059891411 1.3067746822331 0.478671229308689
0.55790432758607 1.39743399431524 0.957032629611375 0.563429153070356 79.208314436883 -48.4885860608536 -48.4885860608536 34.2917910898821 31.9167276719933 -50.2930535968209 -50.2930535968209 115.892590068527 0.000854744302705188 0.657729744756159 0.995187248819582 1.26742154901343 0.501714796197193
0.582329631692197 1.44169209713041 0.998286688655529 0.572366355247277 92.0876957240818 -55.7382195055185 -55.7382195055185 37.7234547280543 37.9543917254313 -63.964098466334 -63.964098466334 142.174671247785 0.00163315657291527 0.220019011964817 0.448969161215197 1.75475280833241 0.762350354450993
0.568789947740991 1.43488174985102 0.987402926137506 0.568927840098451 80.8440980758105 -50.1667097325108 -50.1667097325108 35.6389030601859 38.41415482789 -56.5554509490419 -56.5554509490419 114.6300001368 0.0134021312542903 0.487660171762799 1.00195768968687 1.69940703076563 0.701725375607121
0.588436954533937 1.44215631189786 0.994237818799617 0.581401444977325 89.0053649626556 -54.1431625635209 -54.1431625635209 37.5103802820547 36.7166631728536 -60.8953762477404 -60.8953762477404 139.495647355747 0.0119232732481961 0.725149203405476 0.923521027379765 1.21930318921235 0.470550560801783
0.558286039434486 1.4023477707749 0.955496676700633 0.558029947117907 76.2145741037408 -45.7447547170271 -45.7447547170271 31.9428896980934 36.7316728919687 -60.7057177575343 -60.7057177575343 133.978808452746 0.00857711128804679 0.284386386815632 0.702901834039543 1.46721995155963 0.593924323580791
0.570253084068342 1.46010501473921 0.977880005105705 0.590253533487179 85.0576553023287 -53.7855516838244 -53.7855516838244 38.3934797263808 40.2997011459008 -64.6437873463415 -64.6437873463415 140.182952203397 0.000674034422163707 0.536161524984355 1.27050406953796 2.14774270929416 0.853557233431504
0.558987737400899 1.43350342000326 0.958616295576072 0.579844991927765 86.5663079563624 -52.9442240601963 -52.9442240601963 36.4638735163231 32.4256163576307 -49.7198605671253 -49.7198605671253 115.917519733716 0.00183578239469076 0.444773344197267 0.735416724883118 1.40209002291947 0.681582000855272
0.588235813038684 1.43895594528651 1.00708293241833 0.579634762864434 80.4247780889565 -49.2059522164932 -49.2059522164932 34.6161769459337 39.4537279021395 -63.4367423540571 -63.4367423540571 138.297305579665 0.0133339635816886 0.701602691448095 1.0949721437951 1.63825566376178 0.72877325691121
0.554335946201177 1.44593729636083 0.947543939894697 0.585748414198298 84.2622285950399 -51.4798079716099 -51.4798079716099 35.8713384639318 31.9924678143925 -47.7388220745074 -47.7388220745074 102.880472707954 0.00351218412233669 0.59242551778208 0.812739319357877 1.73185543450503 0.683821603528938
0.534902868328347 1.39824392510736 0.921663410592925 0.557820957730275 84.522740095541 -52.4417162961211 -52.4417162961211 37.1751909860197 35.1308710174036 -57.3692549928877 -57.3692549928877 130.288553953946 0.0204038706112135 0.776132539760493 1.56782468555675 1.34606919550792 0.619705053343397
0.570301417226217 1.43140607023923 0.981697814559041 0.579743382954527 83.7827779912285 -50.6006089349873 -50.6006089349873 34.939260915767 42.3606146952205 -68.684284358345 -68.684284358345 141.292748592215 0.000999886633447904 0.458086331502382 0.605810015730867 1.12336289652526 0.436440406103488
0.565355448923283 1.44703815474007 0.962214067003478 0.571669693599957 75.7610600602837 -44.6773778771543 -44.6773778771543 31.2427955642475 36.3022775772966 -58.0806255576485 -58.0806255576485 131.969283310189 0.0151189042120984 0.576380506692754 1.00890427629614 0.862764056821144 0.390816961008241
0.570784185453971 1.41452279093902 0.99152639172601 0.566056375827777 85.6316210175319 -52.5611849630437 -52.5611849630437 37.3585505003638 36.0015653823957 -56.9612305201321 -56.9612305201321 130.897069481638 0.00577677566000026 0.603992742290908 1.20172387837794 1.32160900656013 0.513986948799283
0.562197310876334 1.43974697429847 0.961215525031763 0.5882583094725 78.3894678793357 -48.7632182389578 -48.7632182389578 34.6011350981935 35.0612338435334 -55.7800218839538 -55.7800218839538 122.926780531126 0.000894570992516895 0.131638398209867 0.392392071219665 1.63620373252797 0.532343459375958
0.565584855376499 1.44555281050344 0.960481034025637 0.578789785527296 75.4772627437607 -46.6923719152986 -46.6923719152986 33.1669981558785 36.5530268746059 -57.7996123986143 -57.7996123986143 128.728809366311 0.00658189763094179 0.533093930181148 0.849041117541104 2.0938884232506 0.879430654732967
0.564583122739472 1.3778886146491 0.983123330148252 0.547140637847478 74.1793514913998 -45.5634747155721 -45.5634747155721 32.7672288064585 36.5439787472411 -62.8450900610088 -62.8450900610088 143.209548976356 0.00128493285179083 0.871651766998922 1.61454714370585 1.89193971317192 0.783149388005485
0.551767169583322 1.41875035171555 0.954505647975772 0.589838657114934 84.4050684369046 -52.096022189543 -52.096022189543 36.1722039687773 34.1823700307227 -57.6060300555448 -57.6060300555448 131.088085603417 0.00280460027467395 0.712267907435578 1.08578154059365 1.67262177719504 0.754128814824929
0.5615214608293 1.45178959043629 0.961929379527845 0.593146415111979 78.2781166818456 -48.0991888508628 -48.0991888508628 34.0743443267463 31.1369124937754 -49.1852483297236 -49.1852483297236 110.716528807567 0.00334102697962477 0.926111514256474 1.15953415143635 1.60936535503828 0.604453752914561
0.577986255968209 1.43460846179406 1.00276391913422 0.580541274899149 83.8908401234027 -51.4327186475646 -51.4327186475646 35.6571952050226 40.4936738596423 -65.3342154295643 -65.3342154295643 139.873976427892 0.00823616011682165 0.769139784877731 1.32358581202169 1.75213238912549 0.555045452868071
0.552034450120836 1.41762346436156 0.960920395017781 0.573603786013646 74.0338812894695 -45.1442024791917 -45.1442024791917 32.2636070359635 39.6465662612832 -68.7754773571162 -68.7754773571162 151.386088921439 0.0036545572832076 0.134684115437454 0.159635081084472 1.17490529855227 0.468264872209194
0.55718331285296 1.42047192435925 0.943140407012424 0.572227141771414 78.9580972874024 -48.8142118708528 -48.8142118708528 35.2172734543892 34.4542145639193 -61.9638499294285 -61.9638499294285 147.250707310356 0.00152952430247772 0.219690245672148 0.263062030452306 0.979376929921651 0.276460601141758
0.578164944231037 1.46078949010499 0.986282192692845 0.605701842444115 88.5047474954787 -54.1772428716906 -54.1772428716906 37.76093822734 31.4947199869747 -50.3820253461814 -50.3820253461814 113.913147185904 0.00220307878555013 1.04806118225972 1.56216056963375 1.48985874185107 0.587934817758326
0.574461973847734 1.45767369571304 0.988417473925423 0.579090265964326 81.332729389916 -49.3235199057438 -49.3235199057438 34.6928860923954 35.1277265701547 -56.3444735323304 -56.3444735323304 127.761769082273 0.00364719952226777 0.95953759531422 1.43249057833686 2.02208420001455 0.812162985599094
0.590489980179977 1.42211787909437 1.02484364266177 0.5616125113526 86.2617790029648 -51.9099055293667 -51.9099055293667 35.8670847294332 34.6577710741452 -51.6344900095812 -51.6344900095812 109.8790469542 0.00804472524183867 0.246275229194682 0.328367791909035 0.928032083868093 0.342731220777959
0.559754765777966 1.42078419420467 0.959348981695231 0.575776318147325 80.4027324115988 -49.7424174777022 -49.7424174777022 35.7863412999935 29.4174695616156 -48.0301764874752 -48.0301764874752 108.287952663512 0.00102689980021852 0.312204713777451 0.611889675633157 1.9801122046458 0.775703407247122
0.554656109811098 1.41273123118059 0.947640283183461 0.566047158632691 87.0683245803669 -53.2083128862955 -53.2083128862955 36.9709641606452 42.1718047845246 -65.2990172777388 -65.2990172777388 138.325292472729 0.00056296272406914 0.243675397437515 0.508825455776427 2.02580592789133 0.813317661829716
0.563387429886773 1.41203833383927 0.970005390187373 0.565796618211744 79.3994014901452 -47.5562313225996 -47.5562313225996 33.059327317934 39.480272582602 -64.083998605289 -64.083998605289 144.923793433014 0.000541707611103119 -0.18111959854032 -0.00820207804065391 1.34032434783088 0.453257559503625
0.557891761127098 1.43369556083262 0.958286158525915 0.575951670911752 79.2233706872691 -49.8723565873292 -49.8723565873292 35.5823516483061 39.0280866003844 -62.9292350387683 -62.9292350387683 140.97750739418 0.00201683937099658 0.0875821142212488 0.14719343791152 1.03084245374487 0.2556189362598
0.595368115649673 1.46274324452244 1.00968087742114 0.589553554986504 80.6278591928042 -48.881047865004 -48.881047865004 33.6584412066228 32.9665532922703 -54.9426384059111 -54.9426384059111 123.852177722693 0.00700606214395808 0.795956724813948 1.08318577497368 1.28906423806854 0.390180254851155
0.578517021261914 1.40901884920588 0.971754854379216 0.56775880434532 81.7113985268428 -49.1152066072161 -49.1152066072161 34.0387905294784 39.0196629101609 -62.2698279051453 -62.2698279051453 139.853138300701 0.00528926414821796 0.42536184843444 1.03752081893294 1.65382822783158 0.616829660280896
0.577697238413391 1.43422549676231 1.00372004934252 0.568639607532768 79.6577349032858 -48.0846329408248 -48.0846329408248 32.9195569296784 33.0212939740048 -50.2224388090797 -50.2224388090797 116.779370887798 0.0018590321660433 0.768894009655602 1.24784545557084 1.31907498050224 0.568365309776308
0.569142173648194 1.40079863913431 0.98219458614524 0.571269113789645 81.8642982730712 -50.7639828703416 -50.7639828703416 35.8257568991782 33.8225003679929 -55.2318718304854 -55.2318718304854 125.805157076657 0.00314892300784406 0.20671283013384 0.485325802345836 1.38631902326136 0.517810770116031
0.548802656567029 1.42956766120142 0.947429730848997 0.563791357669176 82.6009399193439 -48.9768520490372 -48.9768520490372 33.506578708025 30.504917049521 -50.2166120827116 -50.2166120827116 114.942152742135 0.00519037587876306 0.742485973616208 1.13498185368394 1.0467778567116 0.216798387387039
0.578831913759448 1.42479759842223 0.988592487958386 0.578100830057392 84.8162468658942 -51.2984795458469 -51.2984795458469 35.7617046252143 38.0761622355002 -64.56670611967 -64.56670611967 143.764918528503 0.00605291714823252 0.513252682025901 1.2780338018442 1.38642093763588 0.465548892101288
0.557861968679055 1.43214613124253 0.962249439976067 0.574756968887199 83.0820148540891 -49.6468523254934 -49.6468523254934 34.0177018744686 33.7025295712585 -54.218406503613 -54.218406503613 123.420495969077 0.00610217269852668 0.994716819927495 1.55777074090211 1.82154985375603 0.933480492213018
0.547580313424797 1.40613091322145 0.940068713770401 0.569139748480664 75.9461124105661 -46.5823275057578 -46.5823275057578 32.9789884965257 30.943739912087 -49.8038705202276 -49.8038705202276 112.185118276832 0.00842489789508624 0.522561370822397 0.639440205568622 1.50702447549442 0.56872319734441
0.547418969783122 1.4374421682655 0.939685235266132 0.582814455696997 88.2225850685407 -54.0387914204209 -54.0387914204209 37.4915656363192 41.0590488427665 -65.8665807317145 -65.8665807317145 146.057073071881 0.00145759103816889 0.671855995682993 1.31102709213459 1.5171897866513 0.617556683237497
0.543676777243896 1.401216075863 0.940665055442863 0.550312729040548 83.3667980529577 -50.778941651184 -50.778941651184 35.41063002801 33.0159442601672 -49.0818713429152 -49.0818713429152 101.860265163672 0.00111589597587146 0.255436458487184 0.584602820841006 1.14420689172363 0.248430139584367
0.57249687089419 1.41079286502875 0.974517976943709 0.564433581005869 84.8133722362969 -51.6357692753357 -51.6357692753357 36.0140362503321 31.2697948216934 -48.4108439781451 -48.4108439781451 107.232376525532 0.0033185556967497 0.473383327556718 0.732094335468156 1.52611348757279 0.630161802543421
0.56409519172344 1.45271917614137 0.969603335276669 0.584491372056284 75.2797141717598 -46.1171060761782 -46.1171060761782 32.2395766307513 34.7292557700267 -54.0575899710325 -54.0575899710325 121.082927056857 0.0164242594711295 0.233782964224849 0.607543429236918 1.69118708827312 0.766515853121307
0.560983359686168 1.42335029405143 0.973369544176537 0.576640947394729 76.9370550036407 -48.2103477840115 -48.2103477840115 35.2660044320915 27.9262861976866 -46.0859138706447 -46.0859138706447 111.873249255246 0.000974856554491845 0.964335789535264 1.19062836186749 1.59701115655197 0.610692005544046
0.586783186600695 1.4036446829802 0.99130899718252 0.56411063481798 78.1566710739809 -48.624341647627 -48.624341647627 34.447162035321 38.2993707479243 -58.0013469271222 -58.0013469271222 120.65752925054 0.00702691459191823 0.906393531730953 1.48981200528199 1.09174916712509 0.409689565466964
0.563623596507711 1.40121517394866 0.953829506962073 0.561865775483759 77.7708974098504 -47.6476210387468 -47.6476210387468 33.5712437137121 35.2825463874102 -57.8256054067614 -57.8256054067614 130.843206172391 0.00136898230175485 0.871260377204281 1.0358139725003 1.96128049682812 0.704813935049326
0.573783076684379 1.44513732566124 0.980047956380456 0.590806967799984 84.8565408094314 -51.3164227728072 -51.3164227728072 35.7384829752233 36.4368195629661 -59.709500250338 -59.709500250338 132.523687772225 0.00104779215831699 0.259038324705321 0.656867121474064 0.963318416846723 0.41171780112768
0.570565540365289 1.43834329088827 0.976787600457459 0.577958135275676 83.2174309653974 -51.6049042659469 -51.6049042659469 36.5510570027866 31.0658907966543 -46.6902041815626 -46.6902041815626 101.615613692404 0.00366730839407519 0.199409622772821 0.174697863123552 1.7416544067784 0.679821666286384
0.552457352330374 1.44084227718584 0.939662178488918 0.580974848536102 83.4152175512894 -50.4144154383437 -50.4144154383437 34.7643210343887 32.1998651252866 -51.6881425367689 -51.6881425367689 117.770398604438 0.00385598391610593 0.428004563835951 0.672741847111058 1.15925329800217 0.625384601276817
0.568730560203343 1.41806229871434 0.976311584888407 0.575407627701258 82.7188990721384 -50.2304217909164 -50.2304217909164 35.0403097069735 37.7719956225188 -64.6471334784496 -64.6471334784496 144.829008679822 0.0153980585760618 1.09577118299778 1.60719300499194 1.05671910792389 0.541319555154693
0.562603448208077 1.42884148359914 0.965002645136966 0.575917937183502 76.648669803635 -47.3840286693691 -47.3840286693691 33.7365045866716 31.1183378586377 -49.8503285083501 -49.8503285083501 112.224933547902 0.00329151863502784 0.537593709244706 0.911220236863528 1.36259460152654 0.471448833922404
0.536664993440753 1.38475199811351 0.926824715866963 0.561567839609962 84.4591344730976 -51.8744554808184 -51.8744554808184 36.2234468015252 30.8051810304152 -49.0837420810678 -49.0837420810678 114.160199805919 0.00934602742556716 0.261238322165454 0.590777103168755 1.29632773148294 0.325635141459849
0.550987809729856 1.42586417355052 0.952493409044804 0.572855612877693 77.566021812272 -47.4327214120307 -47.4327214120307 33.5103083142865 33.5623223846402 -54.2441324987793 -54.2441324987793 124.379272073654 0.006721209942037 0.281455944519596 0.525228270739562 1.92603957561567 0.947128222011644
0.55495870071029 1.44239282772744 0.947658431604409 0.583048981523487 82.5794584512468 -50.2730733997105 -50.2730733997105 35.4640512591371 35.4848424285467 -57.0853469149366 -57.0853469149366 127.012827940837 0.0107138563071118 0.617402929842861 0.869410871420185 1.01204518028684 0.358245931578054
0.567527991378114 1.43263365106803 0.970293491173244 0.572132483927 82.6570571589931 -50.2334712726842 -50.2334712726842 34.9499404585629 30.5589405886142 -50.6661546572762 -50.6661546572762 122.015516720535 0.00388078533351808 0.693848465413588 1.20769890642796 1.13539584848855 0.533135480527188
0.581534885567468 1.45286624534744 0.99305196430575 0.591564779315325 77.4560889669876 -47.414948321381 -47.414948321381 33.6387426433571 32.3370640297028 -53.3705575783499 -53.3705575783499 128.428852324596 0.013079369758623 0.231956729155083 0.583564159735743 1.27133576622878 0.448823152587617
0.542786587952484 1.4620625507263 0.936311713701136 0.601456842260236 79.8603120395197 -49.0018218409693 -49.0018218409693 34.688034729168 35.6818818992369 -52.3043312444527 -52.3043312444527 111.737086736856 0.0155755798673192 0.448628457042562 0.772134932266279 1.24433695284679 0.644967164739417
0.548121767975254 1.42390197639346 0.956098766328051 0.588573020574174 81.7930455997981 -51.0689599035706 -51.0689599035706 36.5682250080145 40.1779473680105 -61.9897495522412 -61.9897495522412 133.185455615864 0.0072953173757142 0.513431106643477 1.17378938998865 1.28474626524491 0.535947180955899
0.558994390526472 1.40280885821333 0.960047837391575 0.574852761386326 75.5629738251995 -46.0341055108963 -46.0341055108963 32.5851345169733 30.9628059871304 -48.7503492614718 -48.7503492614718 113.379460860102 0.000970217254277104 0.232324259824612 0.848044655797772 0.751364906300057 0.266728127078038
0.569286481554303 1.43228805981569 0.97062839164302 0.566905375334526 82.5982229108792 -50.6490695323072 -50.6490695323072 35.8660938025876 27.9027446492612 -47.6050468184594 -47.6050468184594 112.053587009472 0.00457552862272863 0.474015670924431 0.767563932539243 1.20800063157198 0.45274526117872
0.557463025731867 1.40220687108031 0.967467283831779 0.571985157717379 80.9970102394457 -50.329537562629 -50.329537562629 35.8094687807165 33.9659242658603 -55.7762564601726 -55.7762564601726 131.386189918432 0.000879593788488759 0.7554451437539 1.47498791403893 1.29950757481064 0.520764033101325
0.557766015383157 1.41925017125477 0.97761902124547 0.577208340611123 78.5614499769939 -48.8213194193327 -48.8213194193327 35.1518854162664 32.6190412143462 -52.3021851247688 -52.3021851247688 122.084236019895 0.00272771916138547 0.755874929904267 1.36711441897094 1.73875955746756 0.731186147773016
0.560845356376958 1.43333157878182 0.968586250757401 0.572520323046858 81.3133443755588 -49.8706272172384 -49.8706272172384 35.0257097382192 33.9692763943232 -54.4501308682742 -54.4501308682742 131.309000180406 0.00942653019019176 0.391565612645221 0.828514743240906 1.23495318639636 0.478610614682825
0.53998817631597 1.46205997879064 0.935528628796791 0.592944470465916 80.784588912 -48.5304527320039 -48.5304527320039 34.2819298980479 36.2329707663462 -57.3810266658116 -57.3810266658116 127.630528702909 0.00133253474652578 0.944210007513489 1.65181332545683 1.93578364197231 0.830438176005665
0.563034860816033 1.45149913600304 0.974272088460374 0.587190836222546 85.2272467639005 -52.0103755843181 -52.0103755843181 35.7818912565756 33.9200766461807 -55.372180443958 -55.372180443958 120.108377133236 0.00123339513101795 0.72546300731269 1.33421188633773 1.46331326922546 0.454449786603741
0.549573204514913 1.44854590042226 0.95245143979762 0.598650459074117 77.8545011202505 -47.4150458208504 -47.4150458208504 33.3796176532837 34.6076203214664 -57.4035110870627 -57.4035110870627 131.343156380125 0.0152426645057406 0.307594877185025 0.869229191323432 1.28223041760826 0.695462390354008
0.58556507019622 1.46227079151972 0.984875317014612 0.594285213030004 86.8161958522075 -51.954661881863 -51.954661881863 35.314972138622 34.7612861628402 -59.5536167695331 -59.5536167695331 138.202598619587 0.0027054901423112 0.404803584601614 0.705350260966939 1.42055444378698 0.416433088021944
0.575995334040757 1.38666305130097 0.974659430663573 0.574343852981564 95.2213219449053 -57.5180681576443 -57.5180681576443 39.3875210086015 34.2044625863993 -54.61057784611 -54.61057784611 123.036912047893 0.00461376368408325 0.2518512544783 0.374762262306692 1.44523844056574 0.414566966974771
0.580837111125563 1.45072184471829 0.994219364269118 0.581577801716374 91.8596183713505 -56.1645715275722 -56.1645715275722 39.0437320985754 32.8949737595544 -51.0409574858804 -51.0409574858804 113.934117230773 0.00493608406034725 0.0392906270787646 0.349926694477487 1.31793384725207 0.531673592819568
0.568207398307267 1.42876088792111 0.97180614074753 0.57579268771047 84.6467026565131 -52.1865679148404 -52.1865679148404 36.543097972138 28.7743723663547 -47.7250463013235 -47.7250463013235 113.920444796424 0.00884587437817752 1.19824292760395 1.84464669755237 1.43220334383745 0.536517413385924
0.543799919783727 1.43501118070175 0.949869567446413 0.572110967536385 76.5648912187921 -47.2107161099087 -47.2107161099087 33.7450187049665 40.3249048978062 -69.3886644271537 -69.3886644271537 156.087698940181 0.00257178129297151 0.568870930670426 0.996614848973368 1.96455165858724 0.828325171692468
0.55843991118554 1.42186832248393 0.952700685059264 0.564861499925515 79.6570357242498 -49.4689318727046 -49.4689318727046 35.841533530576 34.3393854209511 -54.3413311733544 -54.3413311733544 114.881150374685 0.00456945628589057 0.764135718167873 1.11970752097154 0.835686361779971 0.191389392978669
0.572207296085409 1.45388162896247 0.968897963150873 0.581466218079896 81.1351581686324 -50.1114938514803 -50.1114938514803 35.6638464012691 32.8880038703266 -50.4420622205756 -50.4420622205756 109.779637680097 0.00463491997742739 0.747007900761622 1.47886360330125 1.34412636213864 0.51299554431514
0.557985299779671 1.41510515022548 0.950763172620565 0.574458943425679 80.1226463915391 -48.9163305142005 -48.9163305142005 34.4717377044554 36.912971381453 -60.7192892189861 -60.7192892189861 135.999326002928 0.000926368165120124 0.801365817771646 1.41595422549161 1.99457245514801 0.831773991077467
0.556313339288301 1.41495218938012 0.952935805827545 0.563189480638577 75.7590272716137 -46.1897797427569 -46.1897797427569 32.3571673907438 29.8580536775039 -48.1507405278866 -48.1507405278866 114.251955506863 0.000758894450831809 1.02051198637284 1.64157228787898 1.38617629664957 0.411424069933352
0.560186203622516 1.42914191144117 0.962578832587343 0.569878886839818 80.7057338091149 -49.105793786448 -49.105793786448 34.0832196773997 30.4247689728752 -50.6679047933049 -50.6679047933049 119.790843417915 0.00910992166372912 0.901418789933066 1.38375571446554 0.886926845173531 0.291936793728246
0.57550364789324 1.45186213866027 0.995476394198586 0.598436385005501 80.2933187102915 -48.7596348883511 -48.7596348883511 34.5092033706968 35.9417685359936 -58.1454384344473 -58.1454384344473 125.045615269161 0.00012005213476092 0.775758531639742 1.4061263000681 1.13640615877254 0.524179339772455
0.573067433303019 1.4701689954523 0.985576223341795 0.589182595368904 80.1593807390431 -48.5678610718296 -48.5678610718296 33.724213565234 32.4133102470425 -51.0076511313341 -51.0076511313341 115.550222918653 0.0135996546272399 0.726090470918114 1.23473953285274 1.65271885406794 0.623130548076689
0.573766371711033 1.4362862074233 0.98717253284845 0.573196389593151 75.9939009760819 -45.3175857193567 -45.3175857193567 31.7674459859953 32.7572214008967 -51.8458881304105 -51.8458881304105 113.121875219482 0.00910357643340521 0.176973687337276 0.17685410284208 1.30876809619388 0.416173966510185
0.573093425701811 1.42890165444859 0.979572166327438 0.566236849925356 76.4556002183008 -45.4545596728702 -45.4545596728702 31.7541236618249 32.4931539909563 -53.8672417665804 -53.8672417665804 127.610266100238 0.012011256942151 0.601321355036994 0.982856303048523 1.72882591290321 0.645713622337657
0.556297908087667 1.45671342435215 0.962441677337098 0.599077641779783 79.7335043442655 -48.5505300616815 -48.5505300616815 34.3058715278894 35.5705449157731 -56.367970195262 -56.367970195262 124.447956128477 0.000593795784196899 -0.102376253328244 0.21321729848818 1.40981451565379 0.68970154429922
0.56300856513589 1.47195470588377 0.965853833313836 0.592561105472761 81.1775940630645 -49.2815568378029 -49.2815568378029 34.7266931056101 39.095012150974 -63.0270995611714 -63.0270995611714 140.875866283448 0.00390485106594182 0.551607880222189 1.0365660455072 1.89544898431633 0.713523629027282
0.548991675045673 1.42578159480793 0.924725945763793 0.56646075230787 79.7685488718586 -48.4298585020936 -48.4298585020936 33.9394966372139 32.5708270195991 -51.3469598878798 -51.3469598878798 113.26794562594 0.00527505656983804 0.468427644844177 0.892221887441234 1.00587554763706 0.274091287136196
0.549925714940052 1.44376958252784 0.952001288090436 0.578384097667562 80.5394165138893 -49.925564679521 -49.925564679521 35.7197290646973 36.9895900823272 -58.8767180808431 -58.8767180808431 125.836087866246 0.00373487479553804 0.236093758601559 0.661220009290286 1.28792494499472 0.581299241159369
0.561609632550742 1.41577899014575 0.963840718359101 0.576627532621421 87.1249310353835 -53.4289888592913 -53.4289888592913 37.3514983592236 35.8677686388601 -55.174614582502 -55.174614582502 113.929637473495 0.00860486297362517 0.743281042588691 1.37706125836191 1.63086378036096 0.769283424387959
0.579483221844337 1.40475744555237 0.994936659961671 0.568591444092025 80.2262115256987 -49.211919011457 -49.211919011457 34.5931926967937 35.0580448478125 -55.1839361129 -55.1839361129 117.303008986164 0.00348159299863547 0.468904773916168 0.64061448309139 1.49061663819179 0.499966362317735
0.569554756311917 1.41943554047955 0.979193248844194 0.567237327756602 83.0015695341797 -51.914475694575 -51.914475694575 36.7443152897426 35.2452243236097 -56.7537675755727 -56.7537675755727 123.767748927714 0.000121411335808605 0.871106264843687 1.29777079535758 1.89499124700331 0.875999356726115
0.553568913490739 1.4166687379889 0.939277654011497 0.561940449250468 74.7667679550409 -45.7101075665592 -45.7101075665592 32.0842795401417 37.8729192329254 -61.7973719217852 -61.7973719217852 139.675213335929 0.00879462833107443 -0.270963093690054 -0.147873093900599 1.41324477622636 0.588773408785595
0.556102896115078 1.42665232448006 0.965119756077868 0.561568287163869 80.8302325648449 -49.4404565923957 -49.4404565923957 34.836141073809 36.5880348915746 -55.5253318712546 -55.5253318712546 114.228331582398 0.00150967489613665 0.748807198155636 1.12909482243634 1.42284661386618 0.459331131434551
0.558246549802438 1.44244161085481 0.96511765175956 0.574626515553758 82.649151916989 -52.1231765736573 -52.1231765736573 37.6994777333498 30.1394020445766 -42.718594496836 -42.718594496836 98.4286249563334 0.000945145283855632 0.827819812703637 1.36462203345948 0.921476258907538 0.185229950136184
0.547751873659257 1.44589962780173 0.943122146627662 0.588818921874204 82.317327843591 -51.4269454950655 -51.4269454950655 36.9476323238123 37.2285340023582 -59.0435504367396 -59.0435504367396 129.821105514861 0.00204407022785241 0.364457811993457 0.726528409077979 1.9929203704309 0.904853809667766
0.566359734266985 1.44379672759431 0.973967899029056 0.589421781748831 81.6590545832654 -48.9856295502473 -48.9856295502473 33.7989482431767 31.4576403572869 -51.3468008845296 -51.3468008845296 117.686836512774 0.00196768943016899 1.25418241622794 1.78682057498101 1.58870186246248 0.632121543690109
0.567984486330043 1.42891204067109 0.971677671637274 0.570257133695317 86.2743609229029 -52.1105290713205 -52.1105290713205 36.4519766897011 36.7944029906498 -60.7467749830609 -60.7467749830609 132.337792441108 0.000296032975726358 0.459976024279503 0.551126138447482 1.78555141703312 0.834754692856935
0.580566154440198 1.46071759650789 0.993022247979972 0.605015354250805 85.0914729742379 -52.6481119108235 -52.6481119108235 37.0286615184111 38.5421162847789 -62.2498331760747 -62.2498331760747 135.044253471183 0.00186046761129511 0.720594982216542 1.09492181307345 1.00270592619835 0.222214726609581
0.579141735739385 1.43462854075462 0.983835093448361 0.583357295182416 83.4993844974049 -51.282858567378 -51.282858567378 35.8713464687332 31.7319397880377 -46.4141617788506 -46.4141617788506 106.981637520477 0.000887366723505718 0.789076302605515 1.4049669557977 1.21845133608449 0.534466955121281
0.551737275386628 1.42950235405664 0.958782337577774 0.563726277781506 82.1479110899577 -50.2975137185265 -50.2975137185265 34.9926025110172 36.5674789511594 -60.8413652277594 -60.8413652277594 143.19068391155 0.00268602924268398 0.366993265337056 0.452398583181869 0.97018347617591 0.368724189954679
0.566510211475121 1.43076763166417 0.970683646177518 0.565661419718631 78.1129344062983 -47.5922037905966 -47.5922037905966 33.6702788495486 31.2727059547117 -52.4966195593558 -52.4966195593558 120.516476276606 0.00309377667000962 0.586164579337923 0.988636067446533 1.07248706704436 0.376708906468646
0.55228213767634 1.42262603877534 0.94623443716975 0.5762158532695 81.0916590881113 -50.5036972332712 -50.5036972332712 36.0643240932247 39.5340817919081 -66.1147948421953 -66.1147948421953 147.008697268215 0.00138957224838247 0.673201859711601 0.897383872810453 1.49302140558671 0.638560769127706
0.521496280074503 1.40640420846438 0.904995043072994 0.569236043519143 81.3111964382953 -50.3983227424306 -50.3983227424306 35.4285535413529 39.4582765335992 -66.5961434320242 -66.5961434320242 147.060469879298 0.016486624142926 0.814812001229609 1.17903319029625 1.08443069893988 0.533937096914421
0.548310619052215 1.42507924551384 0.946134072314757 0.569474878924894 85.1277331635724 -51.7275365323918 -51.7275365323918 35.8638655485409 34.0410371024902 -59.813264505993 -59.813264505993 136.280186008463 0.00391175533970405 0.727504717673846 1.13436043405658 1.44212697511557 0.442089847746848
0.572571907276862 1.44178954656087 0.978805828497141 0.580294155261689 74.7879370635578 -45.8454158942615 -45.8454158942615 32.1987918165346 30.0209346272903 -50.9179712828675 -50.9179712828675 122.523689558705 0.00287128460742406 0.817361439787801 1.52115777305184 1.58206459370219 0.649673056264983
0.566369128518226 1.44392735738427 0.978556396862987 0.586969444899755 85.5912476982396 -51.9962559936204 -51.9962559936204 35.550330742864 40.9703027599229 -64.7341066137395 -64.7341066137395 137.608783149442 0.00747998299830847 0.967595498011418 1.83559251342652 1.91863135720771 0.701422254766759
0.590330790728158 1.42944959552906 1.00599909524178 0.575297134625849 84.4573948586012 -50.1717418085714 -50.1717418085714 34.1177394625408 31.5983095526878 -51.5967963564765 -51.5967963564765 117.895735882609 0.00315928476435511 0.743265630662956 1.27094826304558 1.41951921754579 0.486374430364843
0.574963754858872 1.43708884319622 0.986520451431395 0.579832786620039 71.1629434629659 -43.5564086525567 -43.5564086525567 31.3854766286336 29.9038947307707 -46.9347546653944 -46.9347546653944 108.039314586549 0.000641292667305575 0.909256052879124 1.39026013623691 0.960738940678505 0.391685772921836
0.561978568956103 1.46596807036928 0.962175185806787 0.594764489591715 84.9740680589959 -52.1681408182001 -52.1681408182001 36.5129519470756 34.3294034202576 -59.2593007341978 -59.2593007341978 141.000937249605 0.00638002158239577 0.619017110062364 1.07926485907456 1.58362231229924 0.588801074630461
0.557963961095622 1.40747115519079 0.949840835922313 0.561844355351146 79.0126265884646 -49.2147730093068 -49.2147730093068 34.5853132968128 36.6481837142869 -58.8938032715011 -58.8938032715011 129.531270796123 0.000175257814251904 0.314466182525603 0.455130006577379 1.00805627027536 0.486873163347788
0.561366154024896 1.43232024534647 0.951786278445788 0.576178383486445 81.8507807793372 -49.3209765321519 -49.3209765321519 34.3295556181884 39.887752591391 -65.3043209088444 -65.3043209088444 144.911972663774 0.000284866197594547 0.816462393906164 1.30517840258736 1.64734852589392 0.584485071969729
0.550989297471413 1.42378896373192 0.9515313919298 0.572833144088267 85.5594973209289 -51.5471384299215 -51.5471384299215 36.0713577606986 28.3344569556353 -47.4604202159861 -47.4604202159861 110.120255586002 0.00546796118492063 0.274435734092398 0.544034537522803 1.71448622855708 0.539635292319421
0.5561349985694 1.44848432863658 0.953890655576539 0.581674304179904 83.4321727583704 -51.3333731485529 -51.3333731485529 36.0583736465382 37.1951727889032 -62.0653455396894 -62.0653455396894 135.632604813815 0.0100156588918278 0.543457806230975 1.11123889653778 1.53268818917337 0.59559944852305
0.577337559940388 1.45922670361491 0.989194599778521 0.59155853079415 76.6813932590002 -46.9179471242196 -46.9179471242196 33.11007934679 33.4936834942443 -53.8582180782391 -53.8582180782391 118.698240192784 0.00270950168683337 0.758740913525603 1.45953747673061 1.08365627670933 0.267785300927683
0.534008489885681 1.40831610235656 0.925685087808696 0.576826756821936 81.3849565104694 -49.3277179235302 -49.3277179235302 34.3907909522562 39.1922455932406 -64.6187828391093 -64.6187828391093 146.231051187034 0.00544853514037263 0.782916316326919 1.42265079443602 1.0353368467665 0.447012017428147
0.56483067764363 1.42611050227896 0.972421142995213 0.582679917690196 81.2804339872539 -49.9842003393634 -49.9842003393634 35.1811412601278 36.35452783737 -56.295965241956 -56.295965241956 123.746152384435 0.0130085077645871 0.581249223027146 0.828581443791288 1.71952092595221 0.553188867008684
0.56646663752304 1.41768804681225 0.970326139543347 0.568315431413257 81.485562630005 -51.3500353812499 -51.3500353812499 36.9086862464397 34.7207616649514 -57.1318412791804 -57.1318412791804 123.573150571681 0.00390086856450545 1.15775294970771 1.79405995029252 1.3122956750563 0.459110064142578
0.570130041670038 1.41109428231359 0.96978557163829 0.561421116334413 82.4389184840893 -48.824367272523 -48.824367272523 33.6245653503734 38.8545326841736 -65.1901180844858 -65.1901180844858 142.759270858981 0.00109941041303586 0.349835838536122 0.711859978308797 1.72861694435743 0.754457127421135
0.572389055949512 1.45876388652969 0.972492160347583 0.585840555707036 76.264372923147 -45.5232573871679 -45.5232573871679 32.2722424337059 37.5656737420119 -62.3157508293355 -62.3157508293355 136.192283672132 0.00159993976801101 0.725894818872513 1.16873921090217 1.16573887577706 0.559422022467964
0.557535941431948 1.42931302931223 0.965562005769188 0.568080407578884 92.7501917104015 -58.0267790146419 -58.0267790146419 40.9380097616665 36.6796347350119 -56.2856768236287 -56.2856768236287 121.850782421902 0.00125297355114175 0.538796529735538 1.21906591230272 0.989868267958953 0.311617200235047
