mu[1,1] mu[1,2] mu[2,1] mu[2,2] tau[1,1,1] tau[1,2,1] tau[2,1,1] tau[2,2,1] tau[1,1,2] tau[1,2,2] tau[2,1,2] tau[2,2,2] probdiff predOne[1] predOne[2] predTwo[1] predTwo[2]
0.565052241910459 0.362105318289134 0.965724099354542 0.74400706022819 87.1840871663805 -52.6916103261652 -52.6916103261652 36.8194145314517 13.3100752571109 -16.6629172479189 -16.6629172479189 21.5027698776527 0.0599780452709621 -0.0212163351010626 0.517207266753329 0.32437403775589 0.943704264344762
0.505883659225753 0.396944821906654 0.905179602433969 0.761747915798052 90.3865429891467 -52.9028662408244 -52.9028662408244 36.8357770848733 111.67679253695 -33.6404793606433 -33.6404793606433 24.6767203506685 0.246926828942783 0.504867552301279 1.01219187490604 0.510228946173268 0.988202919029843
0.530305228727546 0.384888196737646 0.938457569281369 0.743461950946496 79.5392236943379 -46.5499155568535 -46.5499155568535 32.1371094068647 169.71496025609 -46.7068203933271 -46.7068203933271 31.0899520969825 0.199405824795765 0.170559183530068 0.3249376426729 0.508978918736666 0.980118530193431
0.550429081463194 0.381571740968273 0.948639688749114 0.739674358058223 69.5501460548972 -41.2767809509657 -41.2767809509657 29.4109032750976 222.930486007332 -60.4791320766839 -60.4791320766839 34.4377047219928 0.127077070431824 0.0578003764237426 0.142728150699352 0.304697118181293 1.0818703523474
0.564442021194124 0.377248706787985 0.977561213959637 0.753985740221736 59.9772722343774 -34.7978045809494 -34.7978045809494 24.7578611744636 265.020282454055 -73.7502833183918 -73.7502833183918 38.3212570966433 0.102990212600851 0.886232342258823 1.47504923131423 0.335611460617074 0.578561292480489
0.572074572922777 0.382411075901258 0.987444090403844 0.753742101194492 58.1451996417438 -33.5273449671033 -33.5273449671033 23.9402858288159 250.078913138856 -73.5516659944911 -73.5516659944911 40.5669731833008 0.114875403816266 0.323218077147947 0.747437015077521 0.548246894653802 1.14110351152818
0.558226556136959 0.37535198979183 0.969281984026231 0.737497880923073 62.0843105664891 -35.487618017396 -35.487618017396 24.9025043372094 254.790020941846 -75.5418091260386 -75.5418091260386 40.4541997792008 0.1172894358646 0.786901204951977 1.31348062373958 0.268290045468055 0.58742416005723
0.604522943463094 0.384732524045324 1.01657507328728 0.758886207890958 61.2818572330628 -34.8333037474569 -34.8333037474569 24.4879859905437 263.397210493503 -74.6417043592858 -74.6417043592858 40.0678181227209 0.11479675923476 0.444450928006545 0.601394123484126 0.330856908848798 0.649546518099754
0.57045786440338 0.382190879654712 0.970467576976722 0.75655822982928 63.2527312001844 -36.0093981057142 -36.0093981057142 25.6544762487995 254.468619228113 -77.1111913110083 -77.1111913110083 41.2070750726582 0.107559690796912 0.915639857788236 1.20799248996576 0.415156569981598 0.722532539698916
0.559664766247518 0.381584872170145 0.960306562861873 0.751842433543518 60.6758531010442 -33.8611519669975 -33.8611519669975 24.0458637864524 262.284417692551 -80.2679073591384 -80.2679073591384 42.3860952502579 0.101924576653818 0.131891947790326 0.553381640981258 0.338114898494017 0.672461265953067
0.55308136903687 0.380954117339641 0.937753468977115 0.744732656975206 62.1119730221136 -36.4245645466557 -36.4245645466557 26.1008327706811 253.425400198283 -81.034245571881 -81.034245571881 43.8157105132928 0.0809879703670631 0.508760867548705 0.779651394487249 0.421426929063983 0.914231523779215
0.558011231390887 0.386098346720312 0.965809861019205 0.761450231729706 55.3232826975338 -32.2289665922096 -32.2289665922096 23.2622465708088 259.874901020468 -84.2582703702353 -84.2582703702353 45.0369194836384 0.0910638556238469 0.206187472986473 0.58973968452689 0.339366744999145 0.765493338850146
0.5598011077783 0.380137569569948 0.955871828428451 0.756868995051229 61.0763414320785 -34.7949707876611 -34.7949707876611 24.5225865411466 259.58585964928 -82.7317566329219 -82.7317566329219 43.5758508449512 0.107204534971191 0.250886166301804 0.79997390650875 0.425097009036954 0.736935116236358
0.570112157987745 0.380044615164613 0.971154476609471 0.745845694615185 55.1047463146649 -30.5843366424774 -30.5843366424774 21.9770457190833 249.919195250016 -79.8532487912782 -79.8532487912782 43.5465754090244 0.113135419118954 0.479045299658313 0.708213105674136 0.439530050779288 0.904502620197351
0.574556550623836 0.384114748051607 0.974319010833293 0.757168669057192 61.8163764335707 -34.7934565715255 -34.7934565715255 24.1928031253377 247.936412337638 -73.3709579511011 -73.3709579511011 40.2086815702466 0.125350731380927 0.870831936185278 1.34543998813905 0.48453988977884 1.1138586621861
0.564338190583104 0.382046724437503 0.955887656456782 0.751849722302473 60.5363552598131 -34.1170240845002 -34.1170240845002 23.7133675513911 267.176524478795 -84.7130843682042 -84.7130843682042 46.5900417444053 0.10967027115962 0.046284143129132 0.050394497639537 0.257890755669963 0.730676449912471
0.558553572389474 0.376079114692044 0.946427622893566 0.75125408523292 52.2701372917182 -30.0335943998699 -30.0335943998699 21.4810705819848 263.429430963485 -80.2991841359784 -80.2991841359784 44.7553365667668 0.117995968594893 0.464540021741014 1.16241240236084 0.308616605946479 0.577722006724518
0.562277510563039 0.383948957301061 0.956601280481016 0.765476575161952 55.9097393820598 -31.799469299831 -31.799469299831 22.8483284777806 269.694983239611 -80.2289157262158 -80.2289157262158 42.0546326497375 0.131532991458549 0.48505367746117 0.549875471034895 0.589199522800333 0.974093860558553
0.557928032622823 0.377852711610021 0.970600422745083 0.748742210069732 58.7708494593779 -32.5330081378808 -32.5330081378808 22.9111437141801 274.158517500817 -82.7688466093645 -82.7688466093645 44.2417243444253 0.11019532007903 0.505950983874935 0.890195139480002 0.106880656019017 0.103856560349266
0.566785864051296 0.37613133483029 0.955769699630537 0.75229897935158 58.971295258821 -32.4559255465472 -32.4559255465472 22.6539615101891 282.454623247755 -85.9153941906158 -85.9153941906158 43.4172003180635 0.106075526715036 0.799699189324646 1.33443626994385 0.489923537790333 0.926459531708941
0.578370942418676 0.383803948667802 0.975368591391372 0.764411034766752 58.7547436604839 -32.9692297222139 -32.9692297222139 23.3731301249508 279.950945033311 -89.30391715372 -89.30391715372 46.5114589344537 0.104227665329931 0.805381802921415 1.4032117466266 0.45455639759799 0.94828010069361
0.564819570387748 0.382060808042231 0.956373707550141 0.768424013143976 55.7616686406707 -31.4198523577731 -31.4198523577731 22.8668556633389 263.210846770658 -83.3991239472639 -83.3991239472639 44.8680504853726 0.114413787432261 0.666212236681424 1.04995107181711 0.448529618272031 0.915043101932091
0.564020183883102 0.37599577669372 0.951018841218573 0.755220008388045 62.502429712677 -34.6316190599097 -34.6316190599097 24.1472283177452 258.113030712856 -79.8792607846769 -79.8792607846769 44.3855905022366 0.118723190865232 0.725025307824703 1.35015100183262 0.302109400089235 0.785748049129706
0.575597780578823 0.383647326849069 0.971301241353033 0.76210100433542 57.3912161315488 -32.0328921859201 -32.0328921859201 22.6083667586216 256.92719601459 -81.7658941497625 -81.7658941497625 43.9999666350025 0.132557934974697 0.894091494799482 1.11652223577711 0.491372763138875 1.23638723753434
0.5601602947528 0.375993575810798 0.952965807089379 0.747698842263176 57.8296100661661 -31.603894237304 -31.603894237304 22.2938563246895 273.772136852908 -86.9629765807028 -86.9629765807028 46.1360787516041 0.136114347916864 0.383208389395423 0.850172329443362 0.270624594161931 0.558281811556003
0.571668623336151 0.380371452736872 0.966886634578174 0.752969871534918 59.3190662921106 -33.8608123044522 -33.8608123044522 23.9406582476886 283.517402411924 -89.3669157507849 -89.3669157507849 46.0321438940278 0.0978552116875639 0.436281828639616 0.462626855825135 0.514660239686734 1.27772433303235
0.552739724123541 0.384448783741949 0.939553841757669 0.764754838513634 58.3043385675229 -33.2430710022369 -33.2430710022369 23.5471308096599 276.017075904364 -85.7657492909837 -85.7657492909837 45.3351012245786 0.100770294129369 0.583325414140573 1.02520646708795 0.397279018204231 0.633506575293719
0.574916617387959 0.380187554997054 0.974601297102685 0.753582724397504 57.3523215622118 -33.0699449966528 -33.0699449966528 23.9075667261078 282.148530413331 -92.3828349200372 -92.3828349200372 49.4567604958293 0.120762742439995 0.400689774631393 0.417604079321043 0.213441701202875 0.302346575356054
0.559627154798782 0.379575682763653 0.953205648952671 0.75943155454455 61.0937934514372 -34.0961245531961 -34.0961245531961 23.4783390695011 297.922369005188 -94.8354886716292 -94.8354886716292 49.8660971574743 0.116431392492257 0.347663393454594 0.515487833754767 0.510993662874751 0.731304321786029
0.578087317103146 0.383362397278878 0.97951030475011 0.764328250361374 61.3282070460652 -35.2057565145099 -35.2057565145099 25.0634438732729 271.214272930582 -84.2393653743555 -84.2393653743555 45.2368444542764 0.131042706584326 0.483426347753669 0.837611954799337 0.20760491040843 0.45262120671882
0.544087619559749 0.377140663229507 0.936053200003007 0.736264434478173 61.7672120678963 -34.9428052137217 -34.9428052137217 24.964918923753 272.359092537972 -84.4336296266704 -84.4336296266704 44.9092315837894 0.135991989917829 0.295678824659551 0.678127912115942 0.258141739762248 0.526333688485044
0.554185062372142 0.37767447281458 0.946022178990176 0.750632275193767 61.3459197609944 -35.2743538282485 -35.2743538282485 25.2678537961824 293.194943996337 -87.5553346475125 -87.5553346475125 44.9561813462412 0.151026686522916 0.47374905934945 0.828933806042889 0.47045399912281 0.639398530850388
0.561481684844981 0.379952270774781 0.962116743737268 0.756093418372035 56.3351099851029 -31.0477954103526 -31.0477954103526 22.0757844350943 291.319719271145 -90.4823513467442 -90.4823513467442 47.4575026176352 0.160816993454888 0.522257773905895 1.03346711736789 0.374798270712733 0.518422308332571
0.554852063085753 0.380878892765164 0.934441253445634 0.756417489559161 57.5582603772009 -32.1002731604034 -32.1002731604034 22.5927209811055 304.302694536654 -92.101100027645 -92.101100027645 47.9567341892527 0.126023254447162 0.891153022548332 1.7317772420066 0.446157416205891 0.928060706146695
0.569814748121404 0.379406217603746 0.966481628959845 0.753921917099816 58.8556840087818 -33.6181321330154 -33.6181321330154 24.0126712544918 306.966189056184 -91.5101946879574 -91.5101946879574 45.4335298203757 0.131318390242128 0.829075547696281 1.32398630830025 0.460776591909577 0.745364278813324
0.580765760456337 0.376797294785541 0.964676823968504 0.75954665499202 58.239025540927 -32.6685274937215 -32.6685274937215 23.0445789884315 305.045110980426 -92.3171586173112 -92.3171586173112 47.252254803926 0.146756371719274 0.588651730684618 0.948726004240317 0.276831485648499 0.480827647041299
0.549206231541372 0.376311680707093 0.944461960994478 0.752538884751914 55.1525331411972 -31.1284099217702 -31.1284099217702 22.7348982136269 315.659082337735 -91.6635045099561 -91.6635045099561 46.6522116738521 0.149506863879792 0.696017527562645 0.970372966085565 0.422343134401317 1.01248315544102
0.567599465805451 0.372227489149596 0.965411368864066 0.735534928668215 51.3241543092437 -29.6785993418708 -29.6785993418708 22.5111987461118 312.829951651514 -94.2565388034727 -94.2565388034727 48.2082155425328 0.135233895335775 0.572976187219296 1.12540256497074 0.428091053153716 0.710889503670207
0.56184623736689 0.375136191241581 0.963839107802473 0.747199330114582 55.5493368923728 -31.2459211165597 -31.2459211165597 22.5119242968325 285.61113396152 -86.7618921647825 -86.7618921647825 46.1616137191409 0.156085708616698 0.953000775555625 1.29688306446038 0.31900535017772 0.653022279777649
0.549741438376381 0.37651449986683 0.952778746657131 0.747793587569622 56.5635181554892 -32.1401079634543 -32.1401079634543 22.8859285417453 282.720424325479 -85.3053076977185 -85.3053076977185 45.4971756970967 0.13569304263339 0.550747825138492 1.11762694923838 0.434727679248593 0.660642619146631
0.566170835158278 0.382334968237735 0.961193265753208 0.761215914788709 63.0348058901917 -34.6544629349144 -34.6544629349144 24.1489036857488 285.374125973041 -83.197454861558 -83.197454861558 43.5744643332077 0.144407716674303 0.782098007946648 1.3599876781486 0.391835697320358 0.95681842653517
0.551619470282604 0.378319692012561 0.940885766148545 0.76577032909971 60.4918222324017 -35.0142900811191 -35.0142900811191 25.1924669569565 275.072719998961 -81.6019693336404 -81.6019693336404 43.9665759181171 0.146764788936713 0.458198718905761 0.849555875325283 0.531879573762839 0.548752565902018
0.558727912594287 0.379853213225557 0.946837218373685 0.756668812034911 61.6655419828147 -34.0857067641005 -34.0857067641005 23.9051381274098 279.923880955906 -85.2928958376988 -85.2928958376988 45.4900201083648 0.135466887248622 0.970597028301645 1.77958687700218 0.336602407067054 0.655040477457526
0.57280640088344 0.379681823371237 0.972921399018277 0.754836403952293 62.0313629358801 -35.1246996560289 -35.1246996560289 25.0214119862302 277.389274570144 -84.9323317923638 -84.9323317923638 43.5181211214341 0.132157815508068 0.892233546624433 1.21706016719173 0.294536646016504 0.749911215877149
0.572964479113114 0.37872487995057 0.975219607875745 0.757878743428071 61.3709875655875 -34.1460733367676 -34.1460733367676 23.728813388935 279.74009200758 -83.0522407224493 -83.0522407224493 43.0974074449105 0.156185764521399 0.621790169249789 0.956971376561678 0.549160139991936 0.879620712300443
0.549837490532666 0.377437390143642 0.928367857410533 0.744969910223555 60.8107131706532 -33.6034830551714 -33.6034830551714 23.5198102935561 279.91694249539 -89.2126843436774 -89.2126843436774 47.3806967863418 0.128922723512139 0.598268753265213 0.998034854132881 0.398899623647671 0.882745639220452
0.582390438109116 0.378428375947813 0.986121092133221 0.74819266879173 63.4755707018419 -35.1021282197588 -35.1021282197588 24.4499071924779 279.646624740502 -83.8188132381519 -83.8188132381519 44.0406076276817 0.141720729881077 0.61199563192277 0.738999730640159 0.417231576076198 0.756614822601393
0.534515658485472 0.389018050893093 0.912377226634008 0.783131726734334 55.9323701569573 -31.7178099739901 -31.7178099739901 22.7356044440711 261.598385317903 -80.0937161742803 -80.0937161742803 42.7141830059019 0.129318164592913 0.819119776484209 1.05005175318428 0.476309105315871 1.08865700994651
0.558873133631152 0.372730752869371 0.952599212064519 0.727676922390498 58.4305255606275 -32.0561250141349 -32.0561250141349 22.1616505293169 258.785049331736 -82.5426740527877 -82.5426740527877 44.698369243535 0.123123532298749 0.822860367792012 1.43118157535656 0.293550020210913 0.678530133637796
0.575491027255885 0.378129417406815 0.988568543697523 0.746903861899407 61.897815478587 -35.2661986742466 -35.2661986742466 24.744932096937 255.305006553924 -75.1047066177334 -75.1047066177334 40.7981253872924 0.118145446062691 0.556856908310424 0.823928539333029 0.384030111582856 0.885789595485238
0.56253532609746 0.377620234591438 0.962048060577603 0.750653006991446 59.3981824772196 -33.1639203791993 -33.1639203791993 23.5574931545365 257.129089189192 -75.3400687893857 -75.3400687893857 39.8806828989587 0.117960790852971 0.791135124524486 1.20506913375161 0.199788721254448 0.551314025305415
0.558514689078889 0.373946465643259 0.947490704039336 0.747294030167902 59.7253997646921 -34.2623510398189 -34.2623510398189 24.2502852664172 277.88540360609 -83.1360382687843 -83.1360382687843 45.788664878942 0.136087747466003 0.468071676513002 0.784251929597801 0.279538956359879 0.561435284796789
0.556086189499257 0.383476550349222 0.946389449240568 0.762926196090862 58.2616037524983 -33.3360147050586 -33.3360147050586 24.0381858688755 281.125355017575 -82.3331633986097 -82.3331633986097 43.0307386907594 0.14032568735564 0.714750225591487 0.935074985642388 0.50185714072502 1.10358623270399
0.545358351687487 0.382628592399936 0.942892334162036 0.760335009154621 65.632185981981 -36.9264548702703 -36.9264548702703 25.9064992506784 293.085378867117 -91.5584897340641 -91.5584897340641 46.2548985978479 0.15184659566245 0.851319938866504 1.11241070237673 0.540410747109522 1.15711417368118
0.542951044490638 0.378777141745814 0.930675308818502 0.75906337083821 56.3158350887489 -30.9215125404891 -30.9215125404891 21.700252399342 291.738943561514 -90.2679310407975 -90.2679310407975 48.0506694437148 0.130000107676129 -0.393442841421716 -0.327658679959422 0.433862288810899 0.861882318450969
0.553318347730642 0.380073134198181 0.935687614175182 0.751706864337223 58.0749313845501 -31.8685163419645 -31.8685163419645 22.2542930047124 292.892065432925 -87.0782553948194 -87.0782553948194 44.07151343631 0.149692092476578 1.1999025582766 1.83807908314218 0.355629537892309 0.689438618761269
0.556705164141445 0.387308897063097 0.946481808325634 0.772396858984799 58.8004672107908 -32.1495550487998 -32.1495550487998 22.0135792146783 261.063409870391 -78.7164053025227 -78.7164053025227 42.9390552572242 0.138916568261568 0.460617806161145 0.743366549350621 0.392413665833838 0.837085536718059
0.583412530334723 0.378657493735662 0.980579914697892 0.745893693308911 61.8636887973924 -36.2476701569825 -36.2476701569825 25.8724541805643 270.079668500671 -82.8479511385072 -82.8479511385072 44.9526771249596 0.110996449702656 0.466988151643495 0.775264450534587 0.239994228526883 0.59322067321835
0.562151652105019 0.38135528974416 0.961215267557489 0.758382826562844 62.7139596645065 -35.0725248184453 -35.0725248184453 24.5905864470086 278.91196036788 -86.3499669587571 -86.3499669587571 46.1508885949958 0.112424887337763 0.751336995922101 1.0098929156149 0.250548406148656 0.79885133432736
0.557075577194135 0.379979132396322 0.931220280027796 0.749425908895175 57.4074642147532 -31.6769240119478 -31.6769240119478 22.1691304358586 281.723264628929 -86.4338654191196 -86.4338654191196 44.2690006353843 0.13930116857622 -0.027718381129734 0.0709118121472838 0.331613228819233 0.835993848426249
0.563686403933254 0.379403555489591 0.958358902925926 0.760520010961283 62.7095350515883 -34.0332937001326 -34.0332937001326 23.2957309926042 285.91383876707 -90.3649857090028 -90.3649857090028 47.1598259688438 0.119547036295981 0.453370482793476 0.608316457048508 0.312646252055536 0.93520533746185
0.555869682666937 0.379725092374533 0.947368026657996 0.759211522145659 54.7423104911847 -29.42512928191 -29.42512928191 20.4080918028773 298.437574487227 -94.8057979159082 -94.8057979159082 48.9620045109769 0.129644506689337 0.220962564720957 0.234230465127773 0.388780830935503 0.598787575205464
0.570868019374668 0.376791784133816 0.968585425178833 0.749754777184152 60.7603434743275 -34.0619773980813 -34.0619773980813 23.9074176379903 284.834249439871 -87.5670668191337 -87.5670668191337 45.6992857541244 0.131582736785602 0.609129452170739 1.0818130969618 0.548074851757459 1.06597866605351
0.545071815459719 0.382566228308739 0.91934341517681 0.761597573056581 54.8114506274834 -30.9538869807041 -30.9538869807041 22.6119942948286 290.551742780829 -90.393374037982 -90.393374037982 46.5089224542717 0.14534484591914 0.950089344123622 1.35102218909999 0.289426281913066 0.473197770574561
0.551888435322181 0.378377304092578 0.933205336111437 0.74993749088569 52.6864981177388 -30.1167353930928 -30.1167353930928 22.1678300440504 303.00888887804 -92.5779787531074 -92.5779787531074 47.1927939343819 0.134481730627577 0.91235210916873 1.37962075089491 0.413558958993093 0.898270858095589
0.55392972001986 0.377829274994815 0.9345021668124 0.756905546882747 58.8778744183339 -33.5868841817767 -33.5868841817767 23.5883912693024 302.475911665269 -96.5496626221822 -96.5496626221822 49.9185905973261 0.130218228523116 0.274133620347608 0.620777941198059 0.55541499841296 1.03791563257167
0.554202930276531 0.382869514326614 0.935352167835804 0.764415915596841 54.7048070504617 -30.5222764138325 -30.5222764138325 21.5262590960837 292.717513796437 -88.8848128360772 -88.8848128360772 47.9526207237895 0.129208436537551 0.120119669485681 0.600519229033701 0.506035790266464 0.915547338145557
0.551944532665095 0.379293653253396 0.944765804161809 0.757436143256913 57.8276537238576 -33.380618203836 -33.380618203836 24.2136879496735 271.931929070305 -85.1041577614629 -85.1041577614629 46.0070241236638 0.122973904284713 0.765915651683295 1.39090608119605 0.452368929664491 1.0031193990224
0.57186051798318 0.383399263771364 0.963752764745242 0.755945261732661 53.0655476299657 -29.1853094979867 -29.1853094979867 20.7897175539025 282.354244386478 -93.6481682674961 -93.6481682674961 50.9329949563023 0.126283484002646 0.439040217859448 0.551463953379923 0.333010634983819 0.829882466165379
0.546159490376215 0.379728405603698 0.913561800777582 0.75747765615855 60.8472210721553 -34.1669438833035 -34.1669438833035 24.156342791232 281.275683705585 -88.3774839762646 -88.3774839762646 45.1523242220952 0.117359264750328 0.672639845745894 1.27546909295698 0.518096360102722 0.999270559322605
0.552558642778941 0.37893945608474 0.954730213368371 0.759038004529459 59.3742515756988 -33.3997337656996 -33.3997337656996 23.3424620403824 304.53121790963 -91.1600060265288 -91.1600060265288 45.7001549460386 0.127514800533919 0.308423230338448 0.901029009582683 0.285260362885409 0.4801950082043
0.559648596118404 0.381911136364233 0.966829175862497 0.764778604559976 59.7994694299266 -33.0369410904795 -33.0369410904795 22.8308495918092 280.578098103807 -84.5147225977021 -84.5147225977021 43.7863066779895 0.115826070314201 0.665484471046044 1.11672263236105 0.269290132328715 0.63506220683972
0.554074838867457 0.379407266188199 0.937422690027321 0.748184263494258 56.7168294197197 -32.3351147199884 -32.3351147199884 23.404135282811 291.659767037848 -85.3912242481114 -85.3912242481114 42.3878667991942 0.136030816004299 0.995855289067561 1.45019308887592 0.37511467173413 0.723891770273277
0.543929884667706 0.376262092698484 0.917142175270969 0.749845360835663 54.2871024303226 -30.6040117921499 -30.6040117921499 22.0242840261005 288.198559137705 -84.4036335812062 -84.4036335812062 42.5371045899544 0.144719091026824 0.492547726387539 0.575179326791227 0.569920464200639 1.22271733242871
0.564051433199335 0.377898478807215 0.943695454215824 0.753624291329383 56.2643797553986 -31.9456234185113 -31.9456234185113 22.7474873206522 288.049233473354 -92.2924469371603 -92.2924469371603 48.6984922707637 0.14719328370272 0.827699088587724 1.5329522137031 0.504186130039905 1.17577940011062
0.559580061436651 0.380628954724871 0.941575257658099 0.76267936916329 53.3344285934684 -29.0471709737822 -29.0471709737822 20.5537876036645 281.934867552408 -87.9383572182363 -87.9383572182363 46.9270126827505 0.153030613880335 0.961419580449065 1.5079276004922 0.294583658596958 0.461919014330658
0.552465419392152 0.382382944677896 0.934510216141399 0.765784287095644 60.5870912285736 -34.0733400881811 -34.0733400881811 23.565128638625 286.512384932837 -91.7967410896449 -91.7967410896449 48.3976305004808 0.158253403053013 0.643178475411988 1.32777318976567 0.364253311615819 0.669791041759814
0.545770367956044 0.380032318085806 0.935075517831566 0.756779001489955 54.3273538669322 -30.6793288655303 -30.6793288655303 22.3573835666449 307.677408427948 -90.3354393594388 -90.3354393594388 46.0955080122518 0.137939831068752 0.884431457955651 0.928224453527396 0.277286955886663 0.322257166583098
0.563504611212264 0.374869725744859 0.958161201745964 0.752286493386752 63.5069301577968 -35.491186898394 -35.491186898394 24.4324427962899 283.772112574231 -88.8386670332618 -88.8386670332618 47.2360339325212 0.14339970816874 0.643054224499622 1.13238689081645 0.526310300480498 1.02925110105734
0.547752646846214 0.381443367862209 0.920370830366629 0.753589882837046 60.0581746315639 -33.0179571191662 -33.0179571191662 22.7073691073843 293.986310959355 -89.4442040287929 -89.4442040287929 45.5610371038744 0.139959702298777 0.204704383673731 0.905066371008172 0.385703430419864 0.746525639168498
0.563414673799975 0.379962461200873 0.952736251222893 0.757777003093992 53.3209812921058 -29.2819419775876 -29.2819419775876 20.9472814216635 282.3857701162 -86.7256987005551 -86.7256987005551 45.44381502564 0.138790192361604 0.197665636946452 0.41371218249059 0.42623641967912 1.03084256427699
0.556232780624834 0.378363229861428 0.951648337102065 0.754561837220126 63.2022289470964 -35.5582076416133 -35.5582076416133 24.8537461276658 297.978787112057 -92.9681594867826 -92.9681594867826 47.0070745491019 0.130984745662653 0.435874317861083 0.770838047263653 0.385522098578028 0.665271616966128
0.569659956770073 0.377985284345067 0.970798245449792 0.749707546757695 60.4017297171808 -33.1832528528097 -33.1832528528097 22.7775800339332 290.021929734295 -88.190354231295 -88.190354231295 45.5852569216319 0.141679629666982 0.637616084602428 1.27753129635437 0.259291597357209 0.600129302335985
0.557283088271372 0.378861380703081 0.938303518410942 0.749106440418886 52.3943603039798 -29.9847777894248 -29.9847777894248 21.9549712999555 263.347640204675 -80.8762357348293 -80.8762357348293 44.4533189035108 0.127036424503079 0.550147207379046 0.943463028343819 0.380665533931455 0.874344446180218
0.561317320714422 0.382384879424761 0.948632533879679 0.760722616469137 54.4333500287442 -30.3404215154087 -30.3404215154087 21.863628876286 270.061775140878 -83.4629037130396 -83.4629037130396 44.5753928486764 0.117268184371282 0.349088501331015 1.0195096504481 0.527900257732327 0.932909346381477
0.553609455976288 0.383996578809307 0.926498912562225 0.767100553962351 62.534312856562 -35.1471517262467 -35.1471517262467 24.4176698379398 304.235815125303 -89.4141685242504 -89.4141685242504 46.0657818860052 0.132251552426721 0.490073180769253 0.606839680192906 0.344983038729127 0.840509698479555
0.551383446768287 0.38229208789145 0.926800574527063 0.761434544883853 63.5206129129538 -35.3734548423681 -35.3734548423681 24.5106789332848 266.140779553967 -83.1860000152371 -83.1860000152371 45.6891517649493 0.136691326611443 0.858250618260017 1.07874844883525 0.422263197852985 0.929138136200325
0.541907328178066 0.381679325999869 0.922032379826765 0.76205440967536 62.3111438445109 -35.7055115111645 -35.7055115111645 24.7655507988708 257.909365213757 -79.2561532745134 -79.2561532745134 43.5197699485525 0.140591205941255 -0.0790181604946135 0.0461006958196481 0.329093886055324 0.723295233857879
0.550948112721383 0.381960595730309 0.945960388229482 0.754731306254267 58.8092197302272 -33.6558277734283 -33.6558277734283 24.2967617262669 276.945553591666 -86.7241173716186 -86.7241173716186 44.7846457571736 0.122170529121515 0.629321083007871 0.62182296248338 0.226455553394378 0.53236014793052
0.580145869483219 0.380623965940466 0.98941920355703 0.754320764356225 59.555502376713 -34.3043628600937 -34.3043628600937 24.6881623112048 276.976415911216 -81.6251898827051 -81.6251898827051 42.2488074495668 0.11643786752386 0.116948307548885 0.526459897225196 0.316146453536139 0.771290470477557
0.550942040481991 0.378065090899067 0.938742368318096 0.746505205845102 53.0059789652399 -29.142259954197 -29.142259954197 20.584052367482 270.316207865001 -83.5400895526879 -83.5400895526879 43.6614928087973 0.125279844626902 0.799106666773512 1.39465336961112 0.283936815102934 0.664137242260755
0.564104224417238 0.380560066045166 0.958439994176271 0.760688814046049 63.6064824468109 -36.4836541883435 -36.4836541883435 25.9258927944408 267.905598612957 -82.8904105699577 -82.8904105699577 43.9196089283456 0.12746843046079 0.456232571421519 0.792726584374116 0.416665217645721 0.727489258768869
0.564643928803727 0.383646765438023 0.951212976486834 0.77169302124897 52.438510161587 -29.999638061672 -29.999638061672 21.8517811817364 293.852390603083 -87.828249103208 -87.828249103208 44.2037504707406 0.12807702378348 0.669287618517752 1.00659002927013 0.473122685706752 0.801905791925295
0.578672262781738 0.378043634602973 0.983928882425409 0.748928580110868 59.9603238419107 -32.7843743990396 -32.7843743990396 22.545976109806 296.714726717734 -92.1734924184815 -92.1734924184815 45.2853943485042 0.11932494398158 0.0778745243189246 0.120954014812709 0.495250016004503 0.952119091283051
0.562478835973486 0.381144457531839 0.950181231721078 0.752830184550078 55.8297321749911 -31.0147709247622 -31.0147709247622 22.3711435636073 268.046066479816 -77.8049076114882 -77.8049076114882 41.7717847227014 0.143203031023404 0.420428863738256 0.130215607413065 0.279525645732966 0.493265913371288
0.566075291699414 0.376416726607902 0.976715902799932 0.750068468334739 55.308088908618 -31.3553064507501 -31.3553064507501 22.732405620164 262.117517981722 -77.8158363995555 -77.8158363995555 42.4109649383031 0.14479129932041 0.479167459521743 0.737409777770347 0.434344488535723 0.969512795080208
0.572301840595726 0.381765239295205 0.983411358503819 0.75469293907196 54.6227343043025 -28.8628395694069 -28.8628395694069 19.9981992900723 276.065182898015 -83.3477209127703 -83.3477209127703 44.2181622101925 0.127450783037042 1.0962136792026 1.92655276822211 0.160924535488016 0.288929642392268
0.555818227396521 0.378563316032312 0.945786690372225 0.751904980523601 57.9224402377585 -32.3015079079621 -32.3015079079621 23.0182358698012 262.906718477841 -78.4035830794909 -78.4035830794909 43.0304540767336 0.139844350218548 0.64999992127713 1.41715456330421 0.218023308625956 0.296038796976185
0.562425883865913 0.377435678857368 0.97160259174616 0.744648096446256 58.8507424597818 -33.015933714013 -33.015933714013 23.3153647028444 283.439155269663 -85.6658930877838 -85.6658930877838 44.9928450512961 0.131813859930984 0.628061101086678 1.53130196357334 0.53183425838527 1.24035614413725
0.572889729153682 0.37740264332968 0.976608105250079 0.753558207790527 58.780764685647 -32.3255722777407 -32.3255722777407 22.8185768703719 282.294887606003 -86.3775544786973 -86.3775544786973 44.0410066211181 0.137130519265458 1.10695753953125 1.61978968055715 0.384727929609017 0.725896135886812
0.570152811431071 0.379095008114326 0.976599457902402 0.752315017747346 60.6434816494552 -34.5522615851231 -34.5522615851231 24.3683412070261 282.767625829368 -85.5056148090134 -85.5056148090134 42.7334509704737 0.145799226786889 0.526309410528039 0.7737720690468 0.374364514701068 0.4836198708973
0.563256059229029 0.38231283829042 0.964423394866521 0.771083737264817 57.8604108494057 -33.3749004063978 -33.3749004063978 23.9118197518246 279.109930472763 -82.1789160029754 -82.1789160029754 42.2354745460016 0.159066091340401 0.20626169784787 0.151828005556408 0.410546337364354 0.794247706552391
0.544354655640127 0.374544311740057 0.925655838215056 0.742170337216551 56.738094365812 -31.8588869225135 -31.8588869225135 22.8770801932265 295.662587815169 -89.4129908784918 -89.4129908784918 44.4269205820245 0.140324849412771 0.583656056963109 0.76633242466731 0.205407842129538 0.512905139437625
0.547739939478999 0.382799870175711 0.931012464824208 0.765063294353021 61.1996667555157 -34.1055113765921 -34.1055113765921 23.9312198088712 292.658333193023 -86.9573445683285 -86.9573445683285 44.2563760122884 0.155472978774607 0.738951029925097 0.618060720858279 0.308346361780259 0.646674880927344
0.560280913058039 0.379850173577601 0.943390630416619 0.759344799146888 61.11632271008 -33.7658537307223 -33.7658537307223 23.2096371776973 285.441308119394 -80.7096790819696 -80.7096790819696 43.481926839673 0.165835393571851 0.491757178880377 0.677824180444865 0.412589984585454 0.815630302822514
0.542953884678633 0.377703693965772 0.927173736004719 0.756703310540043 60.9118707386267 -33.6803928908998 -33.6803928908998 22.8898716021043 320.483570537062 -90.9192754650891 -90.9192754650891 45.1927646592503 0.163699259163543 0.542173837901899 0.885856782204862 0.342491607041073 0.582257427028665
0.55300857622572 0.376238068706185 0.947819616627906 0.747485197003977 64.3573153767489 -36.7292589670629 -36.7292589670629 25.9833104469022 312.369333932628 -93.919417717166 -93.919417717166 47.0708780142061 0.136043069492154 0.224831289949554 0.624129780223108 0.322039127947891 0.673635136512423
0.549404913465009 0.377851616776204 0.939704421535722 0.741755191947781 59.0597923267383 -33.1061430816134 -33.1061430816134 23.749050328816 255.90945254214 -73.1010188392632 -73.1010188392632 39.5824091013933 0.133195445021272 0.661166022894355 0.798873888202252 0.53053343451915 0.984688456782428
0.564687742741637 0.377865458283645 0.966270991401552 0.745349955425237 56.3563604859189 -32.5528603635116 -32.5528603635116 23.4922300953532 263.034476584022 -79.1854482186991 -79.1854482186991 43.7479040737984 0.123097485532076 0.435037072896324 0.773737491209928 0.439993329109947 0.874801111854351
0.561440089032517 0.383824342796866 0.953048428149902 0.762133251794455 62.2004319387751 -33.79110524246 -33.79110524246 23.3781122337127 299.786777644695 -91.9078259855898 -91.9078259855898 45.6265495829706 0.112770684815432 0.603147487264234 1.15162646395043 0.407528756940821 0.850116550439353
0.576283759178256 0.378855873616681 0.96698129030946 0.750874010473086 56.9591590655417 -31.8116183730237 -31.8116183730237 22.4060984338493 282.258513417009 -87.6168631357795 -87.6168631357795 45.7127415558962 0.123702045134049 0.460096956641959 0.571343613834299 0.381566758794557 0.794985698696026
0.575465777499942 0.379860486651587 0.976421232769496 0.756501933428303 54.096371036386 -29.5155568759215 -29.5155568759215 20.909112589382 260.083162548828 -80.5426743679458 -80.5426743679458 43.5547226368558 0.122938887907475 0.103611559462972 0.27203134309239 0.450841055401605 0.617086416290123
0.566090586623057 0.379340101213872 0.965813755942957 0.748229286898326 60.0308535164819 -33.5239155045748 -33.5239155045748 23.5781067939765 277.746758840098 -85.6992456137279 -85.6992456137279 45.1327617749963 0.125564145216983 0.212311597016212 0.106674401139699 0.406590487699472 0.991655700550686
0.576157697543531 0.37554721382208 0.978159897619371 0.750403094336392 62.3122379666604 -34.3269240002394 -34.3269240002394 23.6011867427581 296.861996981888 -95.0822811858378 -95.0822811858378 48.3020848410694 0.139540996788271 0.719981646851421 1.19204351476279 0.383003312697105 0.82367389482095
0.570755227364279 0.379365121167625 0.969609861280756 0.761220066606286 54.02974211281 -30.5971158719706 -30.5971158719706 21.7636445745032 283.655855510866 -85.7309480523199 -85.7309480523199 43.4944322752757 0.143888112503714 0.203879098490981 0.463926673244876 0.413176569040938 0.721350624160583
0.557668882205551 0.378699370579716 0.955984512111387 0.758968887126766 61.5619943173488 -35.6565862802822 -35.6565862802822 25.8942427306342 291.363146831709 -90.0294069617867 -90.0294069617867 46.2854918760752 0.130717403259704 0.605907470603997 1.05729461978233 0.246769313586248 0.64508428895793
0.544203820915004 0.381422052418304 0.929982201579243 0.758583557337912 64.3293916889559 -36.8986108939475 -36.8986108939475 26.2114582475307 297.40012890193 -89.8269266691424 -89.8269266691424 46.6530187380762 0.139377943820512 0.466655241683263 0.566760501453742 0.48260999656956 0.938774658299372
0.582587648148694 0.381053342468889 0.990539856604769 0.750125411474114 61.523728425288 -35.062404045464 -35.062404045464 24.2487926779881 278.205469417279 -83.0756934214309 -83.0756934214309 44.7812008120573 0.1236969153076 0.237293272851736 0.668175538966566 0.341772832027838 0.84849790847482
0.570571201467811 0.381887012656368 0.967629414065384 0.761446477618224 60.6956682748477 -34.6457793870947 -34.6457793870947 24.3080492270895 254.637827094237 -76.6430276535872 -76.6430276535872 40.5730787116735 0.11250084179052 0.325707989163493 0.748502211779539 0.293807124440894 0.554909914520915
0.583877995456145 0.375738176560123 0.98273795535953 0.749875235778785 58.0694208882497 -33.9747980954096 -33.9747980954096 24.7500678033617 257.823031465718 -82.0572007629659 -82.0572007629659 43.669920413668 0.116009045628585 0.799111855087589 1.17778717412889 0.488851322299243 1.10252475249156
0.568002277038289 0.381900487121415 0.972731015665069 0.757297126118755 57.4578146047293 -32.0473564382962 -32.0473564382962 22.4931888724156 285.666747529525 -85.46049537592 -85.46049537592 43.0908484331845 0.107234581963631 -0.0774356247863653 0.0538863919760027 0.304191564842348 0.414950364747496
0.580213465827641 0.377663361778935 0.962389267092732 0.756044409591226 56.9851267602702 -32.5660531098823 -32.5660531098823 23.5003876117419 272.060591447749 -84.7681752665949 -84.7681752665949 44.7620471934408 0.0955927799554101 0.406574590738376 0.774613127573519 0.162798065354754 0.299002261288597
0.569027054411873 0.385756700779547 0.96396504397267 0.757618398971347 56.52885209012 -31.4069041838764 -31.4069041838764 22.4706646463763 258.558506502733 -78.0032689559446 -78.0032689559446 42.4202228472376 0.117101099218169 0.863569252896611 1.41125455241827 0.350149692684645 0.587366060868709
0.561589494449338 0.382537037087863 0.964863543247866 0.752403184453724 57.9086540807874 -31.8577234572353 -31.8577234572353 21.8107852601016 257.026924432765 -78.6467029013298 -78.6467029013298 41.2636054180478 0.106808002030391 0.423268652271454 0.500726149805175 0.335156870585299 0.712513591740891
0.554834343217725 0.38264397234892 0.943991632561271 0.762283300570931 57.281470692429 -32.136871543244 -32.136871543244 22.6932951979846 254.551364812147 -74.3406167018061 -74.3406167018061 39.6583076338609 0.0991368859103181 0.596896378620402 0.874310589754779 0.257470628658402 0.504444439583721
0.583297852547468 0.381294167022275 0.993996398306232 0.752435476679884 53.6116756027937 -30.4836440327149 -30.4836440327149 22.4454477032388 256.333158467242 -76.0573307567761 -76.0573307567761 41.8200658995708 0.0949260708701981 0.689998035233464 1.24827127168648 0.480190722037568 1.03799523982428
0.560235392070448 0.385351572254212 0.948763858221538 0.76787368680093 56.0427363066508 -30.71205058534 -30.71205058534 21.1322757413874 264.760845850195 -82.9825283060393 -82.9825283060393 44.1124127068826 0.111066689639373 0.633184539827759 1.13486128881293 0.450572206617304 0.658402328600973
0.545717923687333 0.381394074641162 0.927546339581672 0.761913554507953 58.3290587833768 -33.3380780594678 -33.3380780594678 23.6808295831057 258.909039455764 -80.4592040166252 -80.4592040166252 42.1940871814012 0.114727980408755 0.179144178101457 0.70422533241368 0.2564986928885 0.471574906620221
0.566567964533894 0.382230126166462 0.973637609381331 0.747599449303335 55.9086989970909 -30.6398513782323 -30.6398513782323 21.4980303737274 266.206379491833 -80.3158928619678 -80.3158928619678 42.1599396581688 0.115447276296255 0.589217682213512 0.986949649683968 0.245495941873998 0.415358403171619
0.582599147241088 0.380871569605645 0.978427836305662 0.754418318407132 63.8885668040597 -36.1320479920688 -36.1320479920688 24.981806718638 257.957067433884 -78.8365264165445 -78.8365264165445 43.5126956905697 0.12004304018708 0.342384164983053 0.587740157241862 0.398586869828966 0.727614106761555
0.569306442121622 0.379994959261181 0.970485917079354 0.75245543362609 56.5395990092667 -31.3538933710986 -31.3538933710986 21.6931113079762 257.752208380772 -74.7898877908595 -74.7898877908595 40.1710484503317 0.114573970532817 0.756975736009084 1.16364827180041 0.402947553954385 0.888333041827222
0.584448876970041 0.378851142554472 0.989503816707853 0.756985323543035 56.5683788564647 -32.0622386303477 -32.0622386303477 22.6675606300232 267.906902648831 -76.5347219075639 -76.5347219075639 39.4651076367055 0.117764217562147 0.412625189987502 0.915067304049829 0.232494713262207 0.253889863948911
0.562853958030112 0.378323146537231 0.961764963351535 0.758072419293861 63.331229369786 -35.2811130170212 -35.2811130170212 24.1380134866446 320.514299734277 -97.9274216107565 -97.9274216107565 48.9764092523744 0.122882054949016 0.759039358941265 1.28760878156694 0.356856184584349 0.870945042758193
0.565755825772953 0.374064123528483 0.940371985243578 0.747162707050383 57.3395474470342 -31.8137157848821 -31.8137157848821 22.1401476981682 291.643678520625 -88.5593749505036 -88.5593749505036 45.4337271255306 0.137485089066103 0.462376970762771 0.855028846218268 0.383934598188821 0.831902881243887
0.571918569285134 0.375646913621066 0.959037767445486 0.745171158168949 62.8292288901182 -35.8611613992698 -35.8611613992698 24.8011248547298 281.944466008322 -84.6678013848146 -84.6678013848146 43.8376698987759 0.132388896926687 0.945333351611231 1.40690995883054 0.285555636513962 0.579084305468101
0.556268384759777 0.382851818673449 0.956279847485543 0.761491609220186 60.4291404701036 -34.6394406217614 -34.6394406217614 24.8264583487969 263.161238716568 -77.6417163478144 -77.6417163478144 40.3381337253268 0.135021207521349 0.734538094486053 1.12203200103888 0.264390632183451 0.327763564725827
0.558851544787565 0.379835069612466 0.947629067914239 0.751336767911252 58.9124294997965 -33.8418519153016 -33.8418519153016 24.7788018867599 275.532270371674 -87.8970142907536 -87.8970142907536 45.863763514537 0.137981400177087 0.592866875223615 0.939203245349999 0.149313468030194 0.539974726265135
0.553563642227892 0.379611049111626 0.951759375461814 0.753204414548459 55.5961713807003 -31.9924368579311 -31.9924368579311 22.8666357596164 275.979820928583 -85.5538242739341 -85.5538242739341 44.3308386626247 0.117431651749991 0.471292502033005 0.733462536749228 0.396597516127917 0.664093865694094
0.5702845063419 0.379433664022949 0.955223310398131 0.75940921673088 64.2608246061397 -37.1839588591955 -37.1839588591955 26.3386382039837 252.640812696424 -76.5687251863643 -76.5687251863643 40.1896323012055 0.114122109741551 0.580427055623169 0.950142242669394 0.39057145710864 1.01123803630275
0.58402014054972 0.381257006062752 0.971265094275502 0.764966727188202 64.5304540907197 -36.5629357919602 -36.5629357919602 25.3064380159532 261.16651880161 -76.4509398906878 -76.4509398906878 41.2071014881188 0.117116662281867 1.21862355464485 1.95037248018123 0.353164902419003 0.460626374842421
0.564281906284287 0.377010583579851 0.941671856659401 0.751194611869631 58.6589523259736 -33.1760588029797 -33.1760588029797 23.1614420400879 298.947167210668 -92.5559356114339 -92.5559356114339 47.5620513136505 0.124413252227309 0.704968420329002 0.913182422869452 0.320880544607643 0.700169386536527
0.589941302910829 0.373594677689507 0.969956857758877 0.746486802731617 60.8420304647137 -33.1463264074397 -33.1463264074397 22.478988543738 305.320564947198 -93.3545174723522 -93.3545174723522 47.2551281309472 0.122267530618557 0.612007120708756 1.07616118759882 0.337703834870394 0.527578132853949
0.572278728524093 0.376481284355864 0.969572547441112 0.754465153069034 56.8566337112993 -32.5025887549657 -32.5025887549657 23.4519901400896 304.310392461814 -93.5522233908405 -93.5522233908405 48.0824833487542 0.119759000299555 0.804448179273771 1.13031952502175 0.368949915293792 0.640951811236106
0.567583463880495 0.3789257755852 0.949669610290131 0.752366005111273 53.878278586431 -30.5861726146692 -30.5861726146692 22.5563361558913 282.410305149672 -87.9450653906729 -87.9450653906729 44.695917137837 0.135644363620872 0.338920183286577 0.600205074742954 0.326622488778386 0.516175037731996
0.561920537669245 0.379552153471459 0.963106102759997 0.747851079270302 54.4741283057945 -30.7429786179756 -30.7429786179756 21.9396044863289 284.028489984165 -89.6409073820053 -89.6409073820053 45.9728347847522 0.133570613889434 0.672905669468747 1.28332884214072 0.452679223591814 1.21603833013407
0.572990145759948 0.380552782518081 0.968796107842489 0.754561406196613 60.1076218480311 -34.9184193701514 -34.9184193701514 24.5963943005861 259.324613965812 -78.5346721380024 -78.5346721380024 42.5297274290259 0.113469699754679 0.0415453595384356 0.336238665441613 0.414127677350978 0.633068524053179
0.554312884815978 0.380201895056764 0.941472358491883 0.754548114405803 61.7793938016003 -35.3457971097034 -35.3457971097034 24.9857659250656 239.16028529096 -71.7070774064199 -71.7070774064199 39.3849269584147 0.0956714191531402 0.480236909184968 0.976578199844573 0.377082172295126 0.447243802757786
0.590786137701902 0.374358161357197 0.992624652654091 0.742448055269232 62.9830866601677 -35.0219181717651 -35.0219181717651 24.3483764894066 269.726485077546 -84.8826898794815 -84.8826898794815 45.6398981456251 0.0975557235511843 0.201379019614083 0.394938796995946 0.35633202414882 0.531596341449399
0.552020160105675 0.377503568452315 0.946561573994269 0.749932280002425 57.7138357870345 -32.349454233248 -32.349454233248 22.7477244827217 277.218658787134 -86.524051370515 -86.524051370515 44.5943463768934 0.123539802458236 0.297138964065716 0.686408758481201 0.465694247214466 1.04495164148894
0.567164092202904 0.379180477624856 0.965433038961297 0.753000017960167 61.8503601192157 -35.4736725500764 -35.4736725500764 24.931974539593 275.336659576092 -80.8537048741261 -80.8537048741261 41.9023345700054 0.117357964091418 0.575440790641531 0.657989528690682 0.394975674079671 0.613132269462224
0.568799386654466 0.374846800750336 0.960107156580181 0.740490754885657 61.9980512203884 -34.973138093999 -34.973138093999 24.8390102173438 300.853773663676 -90.0106368090442 -90.0106368090442 45.3245021459146 0.144020246072814 0.860146766799055 1.49870418283445 0.376724539731676 1.00300674255337
0.551253116991773 0.385226684565194 0.936313955605296 0.768364865793521 58.7428068466628 -32.5066758674174 -32.5066758674174 22.7788456347926 302.251784334179 -89.0890345068342 -89.0890345068342 43.9041167714918 0.147573119032354 1.11594033917632 1.68561316362344 0.525552622035468 0.877316817346962
0.559083685169975 0.37922941115371 0.952241302364651 0.756711873128366 57.2282433370483 -32.3317963975554 -32.3317963975554 22.7863789540739 293.221572328913 -87.3585974392466 -87.3585974392466 45.1838240514578 0.135392484964972 1.01146325372769 1.72401738230211 0.351156989078669 0.523101418094875
0.567622337604569 0.37424219138912 0.951154408460794 0.738139800735408 64.3857888283549 -36.1366514420213 -36.1366514420213 25.4134593254639 269.012806817965 -80.4303078214199 -80.4303078214199 43.2260598376348 0.138393279879834 0.868560408731974 0.93252942880731 0.408077898235174 0.715808009527858
0.570934337131537 0.379928399277459 0.952234651572199 0.755119879612477 57.6989080708834 -32.3992144178698 -32.3992144178698 23.0826399517779 275.040010499528 -83.9144667357774 -83.9144667357774 42.9554965628623 0.151981782670799 0.510669436575174 0.875644956796408 0.208280418360709 0.721763355138787
0.56452390722626 0.378609782755372 0.953149880114085 0.755561372880381 64.5673218098831 -37.226621400867 -37.226621400867 25.9326468293679 278.444452404343 -82.3316146744301 -82.3316146744301 42.5556784694782 0.118638143262543 0.700488742361139 0.937775162018662 0.368814435471608 0.857486270298597
0.566275019089137 0.380127953130015 0.952010682558968 0.760016277801467 61.0063693223798 -34.9218260837923 -34.9218260837923 24.4970545163156 281.440112991019 -83.4601082914934 -83.4601082914934 42.580592499044 0.113475089871649 0.59072379701941 1.04298670974405 0.38205296858457 0.909163042838017
0.558417353772246 0.37828261852118 0.953692850626501 0.754781230911486 59.5487297949048 -33.2826249823169 -33.2826249823169 23.280190775318 263.489485610129 -79.0664018540796 -79.0664018540796 41.842713019358 0.113209263424407 0.157583391694491 0.204471173696908 0.497922221414642 1.10068832920305
0.556808868416428 0.379592293989313 0.960548897986202 0.748475683396149 62.2240794020935 -35.1662259314454 -35.1662259314454 24.7940230977106 277.44508578979 -85.5968494908033 -85.5968494908033 44.1452584460226 0.126794899198751 0.535912260590553 0.722931494790596 0.374791804738692 0.677265690552929
0.569448859516551 0.380067992406981 0.973096869648951 0.761915868030892 57.271090076537 -32.5132862948729 -32.5132862948729 22.9551823624384 275.224318654624 -83.7710936596115 -83.7710936596115 43.6676554550165 0.13206684050292 0.958423958008151 1.37133836899588 0.307265643665975 0.860557296289566
0.586183908997487 0.3787728982775 1.00245143638033 0.75336456626034 62.7423764944844 -34.7604321068372 -34.7604321068372 23.7927697277887 295.000778112515 -91.8424191153727 -91.8424191153727 47.1616386863011 0.126731947308122 0.492702711899569 0.879403211283182 0.318558796193771 0.735684340255191
0.552764887067709 0.379596728589513 0.941741452327893 0.755774750988741 57.7561782452251 -32.3154566781107 -32.3154566781107 22.3304934461301 289.824434218047 -88.304222883434 -88.304222883434 46.2024624522247 0.116483458721595 0.548849989631281 1.21043014885599 0.398736963386199 0.720149152819108
0.581011186743144 0.383356033932469 0.987368870317526 0.770036342301596 59.8042813349388 -33.5092207361999 -33.5092207361999 23.5873486018588 263.683946172117 -83.781790637539 -83.781790637539 45.4379381670472 0.116761276863437 0.56505033998471 1.1560833566991 0.375102132692656 0.862334438078496
0.558760933717206 0.38447286367308 0.942411457566431 0.757745411529565 55.977821459428 -31.0989217017517 -31.0989217017517 22.0580925380057 254.16410202018 -77.7022591865851 -77.7022591865851 40.7142486196989 0.118374434741148 0.130779041925621 0.220456260563422 0.384792374312812 0.958718189277662
0.569121604065867 0.378821075095382 0.96714586043765 0.749723671163192 60.8718219739869 -34.7142433406108 -34.7142433406108 24.3450947956921 274.060209424244 -84.9665512997521 -84.9665512997521 44.1094443556782 0.112507701267914 0.713819409643862 1.41524937177418 0.269741059952493 0.738200022319721
0.562690225140862 0.383506251635605 0.968303763370598 0.763144530329613 56.6583092484397 -31.8078385880259 -31.8078385880259 22.8216868803841 271.188589657679 -81.5190704919478 -81.5190704919478 43.1783916023064 0.121367043400394 0.218316498533919 0.387012213975731 0.54159593987507 1.18886277773235
0.558150718231323 0.375608530610927 0.953647509832084 0.74588081366641 58.900389557844 -33.1372479691768 -33.1372479691768 22.9054303374146 278.485051520696 -86.0584700559649 -86.0584700559649 46.4190265326955 0.129813389796963 0.627518324316543 0.770841513053578 0.538350888008917 0.985976474593409
0.56372542635918 0.379598652425796 0.961691385952346 0.761791149360056 54.3849644507693 -30.3066321375965 -30.3066321375965 21.9840241779169 284.331383247471 -86.6717157792689 -86.6717157792689 45.1419347797954 0.123318919591869 -0.11607270893117 -0.124956437028945 0.281249233285564 0.432470735816677
0.558561198000349 0.375898584085413 0.939102368620129 0.746612812577679 63.1468833020974 -35.0543536483461 -35.0543536483461 23.7985128208948 276.311348044148 -86.3593053651243 -86.3593053651243 44.6310484991507 0.134881762275784 0.583624452488044 1.05599823566515 0.227217210632137 0.361036897618584
0.562808802226153 0.373607778145088 0.953008493866415 0.754977639560731 56.8411132817339 -31.7247191726529 -31.7247191726529 22.5843869859926 276.088258808084 -86.2669295056852 -86.2669295056852 44.5876953182118 0.140828768878901 0.591657504706719 1.19000844016965 0.468010609611549 1.04193007179391
0.585307952783774 0.375966410310253 0.986869103816612 0.746538958159803 57.338321836116 -32.5736941947099 -32.5736941947099 23.0503261946331 285.173805279089 -89.9121779578025 -89.9121779578025 45.9517925909241 0.142444415115832 0.301597545156232 0.346012518691796 0.401671401100892 0.990778159012722
0.554806779212545 0.37869947233112 0.941696854750016 0.759502622244416 62.0593953260789 -34.5186500086222 -34.5186500086222 23.6489514479311 280.753940478228 -84.1579036572674 -84.1579036572674 45.0979981665985 0.12840934860413 1.11538393377015 1.63154328307884 0.34038909988305 0.721181535589622
0.573185232058067 0.384630286063696 0.976447505226758 0.769133446582384 52.8110092913615 -29.3934974836357 -29.3934974836357 20.6717865726437 255.300965682244 -80.8395568253482 -80.8395568253482 44.7080212857591 0.136153433263544 0.738637624034139 1.35075832304916 0.353258376430234 0.680918453608516
0.56023650481514 0.379242022857444 0.938367073722793 0.756126763565743 57.881016241689 -32.6881751832849 -32.6881751832849 23.5442099613909 257.567399253497 -78.3011361760713 -78.3011361760713 41.6385068857073 0.143735709559905 0.645171382495073 1.50078757604882 0.310236762698971 0.709312498096224
0.549924264377932 0.383259251411194 0.937425826051083 0.761908112132504 61.0608715715782 -34.4744127737163 -34.4744127737163 24.2292927579751 275.162275813333 -79.3342837167826 -79.3342837167826 42.9593279835014 0.135806205588675 0.695134248041778 0.904191179459822 0.299417123446054 0.557748541441177
0.574536245121155 0.383390567602777 0.972306838266778 0.764744098140242 62.4842035305484 -35.6730824516984 -35.6730824516984 25.1321139792388 294.214809548048 -84.8697595769781 -84.8697595769781 43.6388917891939 0.141010118164474 1.00333534543176 1.58349861905835 0.321379880222207 0.690629313236941
0.56594778202395 0.380892089328986 0.948755534198779 0.754315241390192 62.5558801308168 -35.8016169565629 -35.8016169565629 25.3043003396177 282.083236838357 -82.8213073391279 -82.8213073391279 43.2117493413577 0.127282090676188 1.07641894053119 1.8738960613471 0.430623354328428 0.767084680528512
0.564008147433924 0.377628195077907 0.954719880600257 0.751349968890274 57.9525533562542 -32.9722888931733 -32.9722888931733 23.412315723141 282.073950507287 -85.7320257680602 -85.7320257680602 44.7398882270675 0.136414083930955 0.480265334918468 0.664228509993318 0.291412703105702 0.661284473323128
0.567545262015643 0.380713633930111 0.975248594717464 0.755935839542759 58.3121822457073 -33.8207183933724 -33.8207183933724 24.6108347106502 279.680556748027 -86.7925994344745 -86.7925994344745 45.7759867664988 0.121977401563316 0.543772872146879 0.94502102640573 0.533523442994307 1.20549121231721
0.553468733376085 0.384624719919562 0.935694286082236 0.766600622455195 60.982829966089 -34.1574843974817 -34.1574843974817 23.7612500310705 294.281497591433 -92.2402542486625 -92.2402542486625 47.0362402973456 0.139210314357069 1.16740231603752 2.10157479556359 0.453041022954353 0.706621055135006
0.547347552739305 0.378499059148598 0.918414786941113 0.758506167665818 61.6886360067339 -34.0907182848756 -34.0907182848756 23.1019992137794 283.649321476613 -85.6619336357127 -85.6619336357127 42.7931508525782 0.140484363843448 0.303009717703165 0.340670226312177 0.328216189612031 0.850547788653377
0.566387200427089 0.389119688474468 0.961551794695847 0.768882233522017 58.472553293057 -33.2083049710287 -33.2083049710287 23.1713307583805 291.242616931309 -89.977593563093 -89.977593563093 45.756683171668 0.120041311055081 0.46708673756885 0.94871791653622 0.36952962726346 0.673277472845437
0.568817083165456 0.379767088481219 0.975720567590466 0.752906861383793 61.7030657113916 -34.9149110787673 -34.9149110787673 24.4565040642934 256.888647291859 -78.2511930636282 -78.2511930636282 41.7139380610171 0.132308468954405 0.885665449974112 1.16813120625051 0.328399853612189 0.416783037177493
0.569585197879585 0.3828721242157 0.964090314948628 0.759241001875549 62.9325121913508 -36.4097085373471 -36.4097085373471 25.6226824183543 258.96980537745 -74.3122947990358 -74.3122947990358 39.6371352606174 0.133969873350638 0.620651425324157 0.746218003202718 0.362855048999469 0.89902309656879
0.560380692300516 0.381253479151744 0.951449785603922 0.760110450159118 59.5289445062342 -33.7041592825854 -33.7041592825854 23.6974501190043 256.620963971046 -77.5347447950891 -77.5347447950891 41.4559525360694 0.121106098952727 0.992642344243285 1.60382863269483 0.338429042161993 0.594685976647829
0.557812021264394 0.379821993777602 0.935259000236742 0.763710976231945 60.348277637369 -35.518001262609 -35.518001262609 25.7714838041498 293.703734807525 -85.4905153778442 -85.4905153778442 43.4436238078832 0.135262393056623 0.590284542828748 0.996294767017302 0.33046054957783 0.766090633778889
0.557012537740972 0.378060244521538 0.951607908801297 0.7508149641118 58.6328672278756 -33.073746924471 -33.073746924471 23.579135222829 287.938290124578 -84.1891813314984 -84.1891813314984 42.5947429202133 0.12645241356271 0.435981979078922 0.886397015304755 0.397232156394827 0.822961201478801
0.580130697307228 0.376840203107996 0.967631048491929 0.745905298083995 62.8070175427924 -34.311477230405 -34.311477230405 23.3552949540268 274.35388661502 -86.237490929429 -86.237490929429 47.4816186465583 0.137721229035923 0.48310082523088 0.895838719862752 0.256630078647342 0.462154990888515
0.546181155994666 0.377386678234354 0.935629788574075 0.757977557317322 60.3204682304391 -34.1237639663072 -34.1237639663072 24.1052040095146 290.463178518144 -90.6765912294518 -90.6765912294518 46.5772123184703 0.140473140789336 0.600565613927149 1.11009570292796 0.294461149237766 0.681997149166164
0.550125630210251 0.378369801094434 0.943476310136604 0.757509657142872 59.3303728859903 -32.6949985094344 -32.6949985094344 22.7575140616429 301.567780830649 -92.7635923296061 -92.7635923296061 46.3854544612201 0.154968726161889 0.498643755530903 1.02481620633426 0.39599350750272 0.887121851699794
0.551063493661399 0.379467287873954 0.939083089803738 0.756921210999979 63.5163470996864 -34.7142439199466 -34.7142439199466 23.6189774389882 278.005880656727 -85.1758816026413 -85.1758816026413 44.175703392359 0.148330030435727 0.904812418902908 1.34332185155278 0.395922411393421 0.836200039001165
0.553104149272476 0.380718464653337 0.936153550781387 0.7572793528816 60.5820734701088 -33.6442946234218 -33.6442946234218 23.1577188973699 268.408557754366 -81.2825843316078 -81.2825843316078 42.6950222289509 0.137127407110598 0.660073218972872 0.78478718064101 0.40619706722596 0.862213950971944
0.556713133098377 0.376161835839212 0.940887784557119 0.741205874960614 64.6432568933441 -35.8544924993494 -35.8544924993494 24.2611709990034 279.904353278946 -85.8519068460617 -85.8519068460617 46.8805899030274 0.135000205801467 0.068073639151636 0.24563997546444 0.367305831220005 0.775743938343531
0.582307692821359 0.381643309124113 0.993345920925676 0.749974356051715 58.0371796939794 -32.4220696417263 -32.4220696417263 22.685805148348 271.33874902972 -79.4099160901333 -79.4099160901333 41.8954266648413 0.137494563688542 0.375063820124254 0.373677462892312 0.292510072924124 0.580272171278532
0.551916605985259 0.380064622785653 0.939636420044779 0.749537493851521 56.5832119951321 -31.3202266863105 -31.3202266863105 21.8119205713867 287.934855011396 -85.8274017416992 -85.8274017416992 45.5518977270436 0.108649045303743 0.449074651280547 0.854408955602836 0.244208005756226 0.408908581004538
0.572941907073976 0.378070511437561 0.967153638637599 0.75619425509815 60.616758469774 -32.8733112224794 -32.8733112224794 22.8809841056546 274.462571715517 -85.0754122404633 -85.0754122404633 44.4929950470951 0.110605045602218 0.640532033635737 1.09799827000548 0.111564214060612 0.103703136051504
0.573391116170653 0.381096457699781 0.979662967004891 0.755486011063195 61.3204619921659 -34.254520801996 -34.254520801996 23.7343698874181 273.960764630281 -83.334848223229 -83.334848223229 44.2672341731889 0.127783505960959 0.543012423411951 0.911511919049609 0.334282182907983 0.637350441193147
0.56780665972688 0.374279487673531 0.968771266472158 0.749097208753779 65.211161514985 -35.8949163182414 -35.8949163182414 24.5382630369509 275.68123010005 -82.5771330032388 -82.5771330032388 43.9127448015749 0.116694266634379 1.25639863078984 2.22599173829615 0.269503262211714 0.799166526671258
0.555195912443384 0.383610971443924 0.949514503091742 0.75699720267603 60.5086707825481 -31.7701585486601 -31.7701585486601 21.5792152065364 265.193124193417 -78.3895046152046 -78.3895046152046 42.0098256293984 0.141972679538206 0.0677836445407748 0.597624861668757 0.325413213048334 0.73035764701615
0.548213668973356 0.382198459765231 0.925166551209755 0.762025560856324 59.3411434863392 -32.6893646201392 -32.6893646201392 22.9511184353603 277.046184573412 -85.2025737659791 -85.2025737659791 45.819268754808 0.14756368349634 0.56485324096991 1.28890621946673 0.279263095995254 0.583214253220431
