0
0.195
0
0
0.99
0.99
0
0
0
0
0.01
0
0
0
0
0.02
0
0.99
0
0
0
0
0
0.995
0
0
0
0
0.985
0.305
0.99
0
0
0.985
0
0.99
0
0
0
0
0
0
0
0
0
0
0.995
0
0.48
0.985
0
0
0.955
0
0
0
0
0.985
0.995
0
0
0
0
0
0
0
0
0.99
0
0
0
0
0
0.995
0
0
0
0
0
0
0
0.705
0
0
0
0
0
0
0
0
0
0.535
0
0
0
0
1
0
0
0
0
0.435
0
0
0
0.235
0
0
0
0.995
0.985
0.995
0
0.73
0
0
0
0
0
0.99
0.995
0
0
0
0
0
0
0
0
0
0.99
0.985
0
0
0.005
0.01
0.985
0.99
0
0.05
0
0
0
0.95
0
0
0
0.995
0
0.99
0
0.995
0
0
0
0
0
0
0
0
0.775
0.99
0
0.065
0
0
0
0.995
0
0
0
0
0
0
0
0.985
0.225
0
0.98
0
0
0
0
0
0.875
0
0
0
0
0
0.015
0
0
0.99
0
0
0
0
0
0
0
0.99
0
0
0
0
0
0.985
0.005
0
0
0
0
0
0
0
0
0
0
0
0
0.04
0.995
0
0
0.04
0
0.995
0.985
0
0
0
0
0
0.94
0
0
0
0.065
0.995
0
0
0
0.6
0
0
0
0.45
0.005
0
0
0
0
0
0
0
0
0
0.99
0.995
0.005
0
0
0
0
0
0
0
0
0
0
0
0.01
0.09
0
0
0
0
0
0
0
0
0
0
0
0
0.005
0.72
0.995
0
0
0
0
0
0
0
0
0
0.995
0.005
0
0
0
0
0.99
0
0
0
0
0.995
0
0
0
0
0
0
0
0
0
0
0
0.99
0
0
0
0
0
0
0
0.985
0
0
0
0
0
0
0
0
0.995
0
0
0
0
0
0
0
0
0
0
0
0.005
0
0
0
0
0
0
0
1
0.99
0
0
0
0
0
0.98
0
0.33
0.99
0
0
0
0
0.07
0
0
0.14
0.885
0
0
0
0
0
0
0
0.995
0
0
0
0
0
0
0
0
0
0
0
0
0
0
0
0.98
0
0
0
0
0
0
0
0
0
0.99
0
0
0
0
0
0
0
0
0
0
0.985
0
0
0
0
0
0
0
0
0
0.985
0
0
0
0
0
0
0
0
0
0
0.995
0
0
0
0
0
0
0
0.005
0
0
0
0
0
0
0
0
0
0
0
0
0
0
0
0
0.99
0.95
0
0
0
0
0
0
0
0
0
0
0
0
0
0
0
0
0.985
0.995
0
0.995
0
0
0
0
0
0
0
0
0
0.995
0
0
0
0
0.88
0.05
0
0.99
0
0
0
0
0.99
0
0
0
0.995
0
0
0
0
0
0
0
0.99
0
0
0
0
0
0
0
0
0
0.995
0
0.99
0
0
0
0
0.995
0.99
0
0
0
0
0
0
0
0
0
0
0
0
0
0
0
0.995
0
0.99
0
0
0
0.985
0.005
0
0
0
0.99
0
0
0
0
0
0
0
0
0
0
0
0
0
0
0
0
0
0.01
0
0
0
0
0
0
0
0
0
0
0
0
0
0
0
0
0
0
0
0
0
0
0
0
0
0
0
0
0
0
0
0
0
0
0
0
0
0.005
0
0
