0.99
0.985
0.98
0.995
0.98
0.985
0.985
0.985
0.99
0
0.065
0.985
0.99
0.98
0.99
0.975
0.985
0.98
0.99
0.985
0.99
0.985
0.975
0
0
0.99
0
0
0.99
0.985
0.55
0.975
0.03
0
0.975
0.535
0
0.99
0.985
0.715
0.99
0.985
0.965
0.02
0.98
0.99
0.985
0.965
0.97
0.97
0.99
0
0.975
0
0.97
0.995
0.99
0.985
0.935
0.99
0.99
0.975
0.99
0.975
0.99
0.985
0.99
0.855
0.98
0.935
0.995
0.065
0.985
0.985
0.995
0.985
0.99
0.88
0.965
0.97
0.995
0.005
0.99
0
0.985
0.005
0.91
0.98
0.405
0.975
0.025
0.99
0.98
0.97
0.96
0.99
0.995
0.975
0
0
0.99
0
0
0.975
0.97
0.965
0.99
0.975
0
0.99
0.98
0.97
0.975
0.98
0.975
0.985
0.99
0
0
0.985
0.995
0
0.945
0.995
0.97
0.95
0.72
0.985
0.12
0
0
0.99
0.985
0.965
0.975
0.125
0.965
0.99
0.015
0.995
0.795
0
0
0.985
0.965
0.99
0
0.985
0.975
0.995
0.905
0.97
0.985
0.985
0.985
0.995
0.99
0.99
0.965
0.96
0.99
0.98
0
0.985
0.975
0
0.985
0.985
0.985
0.015
0.99
0.975
0.945
0.985
0
0.98
0.985
0.905
0.995
0.98
0
0.99
0
0.005
0.915
0.985
0.93
0.975
0
0.97
0.99
0.995
0.985
0.98
0.99
0.98
0.985
0.985
0.985
0.98
0
0
0
0.98
0.985
0.975
0.99
0.985
0.97
0
0.98
0.985
0
0.98
0.985
0.98
0.99
0.22
0
0.99
0.995
0.98
0.985
0.995
0
0.995
0.98
0.99
0.995
0.985
0.985
0.985
0
0.985
0.975
0.99
0.995
0.98
0.98
0.99
0.99
0.99
0.985
0.98
0.98
0.9
0.985
0.975
0.99
0.99
0.985
0.975
0.985
0.985
0.99
0.99
0.995
0.995
0.99
0.985
0.995
0.985
0.98
0.99
0.99
0
0.985
0
0.99
0.985
0
0.96
0.995
0.995
0.075
0.985
0.975
0.96
0.99
0.985
0
0.995
0.99
0.99
0.995
0.11
0.99
0.985
0.995
0.985
0.99
0.985
0.975
0.025
0.985
0.985
0.71
0.98
0.99
0.98
0.98
0.985
0.985
0.975
0.985
0.97
0.995
0
0.99
0.995
0.985
0
0.98
0
0.985
0.96
0.975
0.985
0.865
0.985
0.985
0.865
0.985
0.94
0
1
0.995
0.99
0.99
0.82
0.985
0.98
0.99
0.005
0.98
0.94
0.99
0.985
0.965
0.995
0.975
0.985
0
0
0.985
0.99
0.99
0.985
0.01
0.975
0.99
0.98
0.98
0.87
0
0.99
0
0.975
0.99
0.975
0.95
0.98
0.975
0.975
0.985
0.99
0.99
0.98
0.985
0.01
0.98
0.995
0.99
0.995
0
0.985
0
0.995
0
0.975
0.985
0
0.97
0
0
0.965
0.99
0
0.97
0.975
0.995
0.98
0.99
0.995
0.99
0.995
0.995
0
0.985
0
0.99
0.985
0.995
0.98
0.98
0.985
0.98
0
0.99
0.99
0.995
0.99
0.985
0.985
0.985
0.995
0.975
0
0.98
0.985
0.985
0.985
0.995
0.98
0.99
0.97
0.975
0.99
0.05
0.99
1
0
0.985
0.995
0.995
0.03
0.99
0.985
0.975
0.955
0.995
0.995
0
0
0
0.99
0.99
0.975
0.985
0.975
0.975
0.995
0.99
0.99
0.41
0.98
0.99
0.985
0.99
0.995
0.975
0.935
0.98
0.985
0.99
0.975
0.985
0.935
0.94
0.985
0
0.99
0.985
0
0.975
0.975
0.985
0.98
0.8
0.17
0.98
0.985
1
0.995
0.985
0.99
0.99
0
0.98
0.985
0.99
0.99
0.985
0.985
0.995
0
0.99
0.995
0
0.98
0.925
0.985
0.01
0
0.98
0
0.985
0.98
0.04
0.99
0.99
0.965
0.98
0.99
0.985
0
0
0
0
0.99
0.98
0.99
0.985
0.99
0.99
0.985
0.995
0.995
0.975
0.985
0.63
0.99
0
0.985
0.605
0.99
0
0.995
0
0.035
0.995
0.98
0.985
0.97
0.755
0.99
0.98
0.99
0.99
0.005
0
0.99
0.985
0.985
0.985
0.985
1
0.995
0.985
0
0.99
0
0.985
0.995
0.985
0.975
0.99
0.845
0.995
0.985
0
0.98
0.98
0.99
0.985
0.975
0.955
0.985
0.99
0.98
0.99
0.98
0.995
0.99
0.995
0.985
0.985
0
0
0.01
0.99
0.99
0
0.995
0.98
0.995
0
0.99
0.98
0.99
0.99
0.99
0.935
0.98
0.98
0.98
0.985
0.99
0.99
0.985
0.995
0
0
0.985
0.965
0
0.995
0.99
0.98
0.995
0.99
0
0.97
0
0.01
0.98
0.985
0
0
0.16
0.985
0.985
0.005
0.98
0.98
0.985
0
0.98
0.96
0.995
0.98
0.995
0.98
0.99
0.99
0
0.56
0.225
0.985
0.985
0.99
0.685
0.99
0.985
0.99
0.99
0.98
0.98
0.995
0.985
0.995
0.985
0.98
0
0.985
0.985
0.99
0
0.99
0
0.98
0.98
0.99
0.985
0.99
0.98
0.985
0
0
0.985
0
0.99
0.955
0.04
0.985
0.99
0.98
0.99
0.985
0.98
0.995
0.965
0.99
0.985
0.975
0.99
0.04
0.97
0
0.98
0
0.99
0.975
0.995
0.97
0.92
0.985
0.98
0.985
0.98
0.985
0
0
0.98
0
0
0.99
0.005
0.975
0
0.975
0
0.99
0
0.995
0.91
0
0
0.99
0.99
0.985
0.985
0.995
0.99
0.995
1
0.945
0
0.97
0.99
0.99
0.995
0.97
0.91
0.99
0.98
0.99
0.99
0.98
0.905
0.99
0.985
0
0
0
0.985
0.98
0.98
0
0.985
0.99
0.99
0.975
0.98
0.99
0.995
0.975
0.985
0.99
0.985
0.99
0.975
0.995
0
0
0.985
0.99
0.99
0.14
0.985
0.985
0.575
0.985
0.985
1
0.99
0.99
0.99
0.935
0
0.045
0.985
0.97
0.99
0.01
0
0.985
1
0
0.985
0
0.985
0.975
0.975
0.985
0
0.985
0.99
0.995
0.975
0
0.99
0.975
0.99
0
1
0.98
0.99
0.98
0
0.995
0
0.975
0
0.995
0
0
0
0.975
0
0.99
0.985
0.99
0
0.99
0.99
0.99
0
0.945
0
0.995
0.985
0
0.99
0.985
0.98
0
0.885
0.985
0.99
1
0
0
0.985
0.975
0
0.98
0.985
0.995
0.985
0.985
0.99
0
0.99
0.99
0.72
0.98
0
0.99
0
0
0.01
0.99
0.02
0.995
0
0
0.97
0.99
0.99
0.985
0.99
0.92
0
0.98
0.96
0.98
0
0.99
0.95
0.99
0
0
0.995
0.99
0.985
0
0.99
0.015
0.97
0.99
0.98
0.985
0.97
0.965
0.91
0
0.985
0.99
0.97
0.98
0.99
0.98
0.965
0.99
0.98
0.98
0.96
0.99
0.905
0.985
0.98
0.965
0
0.99
0.99
0.785
0.985
0.99
0.995
0
0.98
0.985
0.975
0.99
0
0.985
0.97
0
0.18
0.975
0.99
0.99
0.995
0
0.98
0
0
1
0
0.995
0.99
0.995
0.99
0.985
0.99
0.985
0.985
0.98
0.99
0
0.985
0
0.995
0.985
0.99
0.995
0.98
0.985
0.985
0.995
0.79
0.99
0.97
0.985
0.995
0.98
0
0
0.995
0.98
0.99
0.965
0.985
0.995
0
0.98
0.99
0.99
0.975
0.985
0
0.985
0.995
0.98
0.995
0
0.995
0.98
0.985
0.985
0.995
0.995
0.955
0
0.99
0.99
0
0.94
0.98
0.995
0.985
0.99
0.11
0.45
0.995
0
0.99
0
0
0.99
0.99
0.995
0.97
0.995
0.995
0.985
0.99
0.98
0.94
0.98
0.985
0.84
0
0.985
0.975
0.985
0.975
0.98
0.975
0.99
0.98
0.99
0.945
0
0.975
0
0.565
0
0.985
0.995
0.995
0.99
0
0
0.98
0.99
0.985
0.99
0
0.985
0
0.975
0.98
0
0.985
0.98
0
0.985
0.985
0.99
0.98
0.985
0.98
0.965
0.995
0.99
0.985
0
0.985
0.965
0.99
0
0.985
0
0
0
0
0
0.985
0.975
0.96
0.13
0.995
0.99
0.695
0
0
0.97
0
0.985
0.895
0.985
0.985
0.99
0.985
0.975
0.98
0.99
0.99
0.995
0.965
0.99
0
0
0.985
0.965
0.96
0.015
0
0.975
0.985
0.98
0.99
0.975
0
0
0
0.99
0.975
0.975
0
0
0.99
0.99
0.985
0.945
0.975
0.99
0.97
0.995
0.98
0.995
0.98
0.96
0.975
0.99
0.975
0.975
0.97
0.99
0.99
0.995
0.89
0.99
0
0.98
0
0.965
0.985
0.98
0.995
0.995
0.99
0.99
0.995
0.98
0.995
0.99
0
0
0
0.985
0.995
0.995
0.99
0.905
0.99
0.98
0.98
0.985
0.98
0
0.99
0
0.98
0.975
0.01
0.99
0.985
0.02
0.985
0
0.98
0.935
0.99
0.925
0.975
0
0.965
1
0.98
0.985
0.995
0.99
0
0.965
0.995
0.005
0.985
0.995
0
0.985
0.985
0.98
0.985
0.975
0.99
0.97
0.995
0.99
0.98
0.98
0.98
0.99
0.39
0.98
0.98
0.99
1
0.015
0.975
0.985
0.965
0.975
0.985
0.995
0.98
0.87
0.985
0
0
0
0.985
0.985
0
0.975
0.99
0.985
0.96
0.99
0.98
0.835
0.99
0.97
0.995
0.01
0.99
0.955
0.99
0.98
0.98
0.97
0.965
0.09
0
0.99
0.94
0
0.985
0
0.975
0
0.99
0
0.995
0.7
0.985
0.985
0.975
0.985
0.995
0.98
0
0
0.99
0.005
0.95
0.995
0.97
0.99
0.975
0
0.99
0.005
0.98
0.74
0.975
0.95
0.92
0.975
0.995
0.995
0
0.99
0.99
0.435
0.985
0.99
0.975
0.995
0.985
0.99
0.775
0
0.995
0.975
0.99
0.98
0.985
0.99
0.995
0.97
0
0.98
0.975
0.985
0.995
0.01
0.98
0.03
0
0
0.995
0.975
0.97
0.98
0.995
0.985
0.99
0.955
0
0.975
0.995
0
0.975
0.98
0.99
0.995
0.995
0.99
0.98
0
0.985
0.985
0.99
0.87
0.99
0.99
0
0.98
0.985
0.975
0.945
0.995
0
0.005
0.985
0.98
0
0.99
0
0.985
0.985
0
0
0.995
0.98
0
0.985
0.975
0.99
0.985
0.985
0.97
0.985
0.975
0
0.85
0.98
0
0.97
0.985
0.99
0.98
0.305
0.98
0.98
0.82
0.965
0.985
0.99
0.995
0
0
0.985
0.985
0.975
0.985
0.975
0.995
0.99
0.695
0
0.995
0
0
0.98
0.975
0.005
0.985
0.975
0.98
0.995
0.975
0.99
0.97
0.99
0.995
0.995
0.995
0.98
0.955
0.99
0.975
0.99
0.99
0.97
0
0
1
0.99
0.99
0.975
0.98
0.99
0.97
0.99
0.975
0.99
0.985
0.98
0.975
0
0.98
0.985
0.99
0.985
0.995
0.98
0.195
0.98
0.03
0
0.98
0.975
0.99
0.99
0.98
0.18
0.95
0.985
0.995
0.98
0.99
0.99
0.995
0.985
0
0
0.98
0.975
0.98
0.99
0.975
0.98
0
0.975
0.99
0.985
0.99
0.99
0.995
0.98
0.99
0.99
0
0.995
0
0
0.715
1
0.98
0
0
0.98
0.985
0.96
0.99
0.99
0.945
0.99
0.995
0
0.985
0.985
0.99
0.99
0.98
0.98
0
0.99
0.985
0.985
0.98
0.025
0.985
0.095
0.98
0.98
0.185
0
0.935
0
0.965
0.98
0.985
0.99
0.945
0.985
0.985
1
0.995
0.99
0.99
0.995
0.975
0.985
0.945
0.99
0.995
0
0
0.99
0.99
0.99
0
0.99
0
0.98
0.995
0
0.55
0.975
0.995
0
0.005
0.99
0.99
0.97
0
0.99
0
0.975
0.795
0.985
0.995
0
0.995
0.965
0.985
0.99
0.975
0
0.985
0
0.99
0.025
0.24
0.97
0
0.995
0
0.995
0.975
0.995
0.92
0.985
0.98
0.985
0.99
0
0.985
0.995
0.99
0.995
0
0.985
0
0
0
0.99
0.995
0
0.985
0
0
0
0.98
0.995
0.98
0.975
0
0.97
0.985
0
0.945
0.985
0
0.985
0.985
0
0.975
0.985
0
0.99
0.815
0
0.975
0.985
0.98
0.985
0.99
0.995
0.98
0.975
0
0.985
0.98
0.775
0.99
0.985
0.99
0
0
0.99
0.985
0.98
0.01
0.99
0.99
0.98
0.985
0
0.98
0.985
0.99
0.995
0.9
0.995
0.985
0.975
0.985
0.965
0
0.995
0.985
0.005
0
0.995
0.985
1
0.975
0.33
0.995
0.01
0.985
0
0
0.99
0.985
0.99
0.995
0.97
0.985
0.98
0.98
0.975
0.98
0.975
0.99
0
1
0.97
0.93
0.995
0.975
0.99
0.055
0
0.99
0
0.99
0.995
0.99
0
0.97
0.98
0.995
0.98
0.99
0.99
0.87
0.975
0.025
0.995
0.99
0.99
0.99
0.99
0
0
0.97
0.17
0.985
0.975
0.975
0
0
0.98
0.985
0.93
0.985
0.99
0.98
0.975
0.985
0.98
0.98
0.995
0
0.985
0.985
0.985
1
0.77
0.995
0
0.98
0.965
0.985
0.985
0.985
0.99
0
0.985
0.97
0.995
0.99
0.99
0
0.98
0
0.005
0.985
0.985
0
0.985
0.995
0.99
0.98
0.965
0.99
0.99
0.005
0
0.985
0
0.975
0
0.985
0
0.985
0.99
0.985
0
0.985
0.1
0
0.985
0.99
0
0.98
0
0
0.985
0.935
0
0.99
0.99
0
0.985
0
0
0.985
0.995
0
0.995
0
0.105
0.99
0.985
0.99
0.99
0.985
0.955
0.98
0.985
0.985
0.98
0.985
0
0.98
0
0.99
0.985
0.995
0.985
0.99
0.985
0.99
0.985
0.985
0
0.985
0.96
1
0.99
0
0.99
0
0
0.99
0.995
0.99
0.985
0.985
0.255
0.99
0.985
0
0.875
0.99
0.985
0.995
0.99
0.985
0.97
0.995
0.99
0
0.96
0.985
0.99
0.99
0.985
0
0.995
