0
0.9992
0.9992
0
0.9884
0.9988
0
0
0
0.9996
0
0.9992
0
0
0.0208
0
0.9996
0
0
0.996
0
0
0
6e-04
0.9994
0
0.9984
0
4e-04
0
0
0
0.9928
0
0
0
0.9976
0
0.3066
0.1784
0
0.9992
0
0
0
0
0
0
0
0
0
0
0.9994
0
0.173
0.9992
0
0.9308
0
0
0.7288
0.9986
0
0.3864
0.243
0
0.9992
0
0
0
0
0
0.9994
0
0
0
0
0
0.9984
0
0
0.837
0
0.9984
0.5148
0
0
0
0.9988
0
0
0.9996
0
0
0.998
0.9986
0
0
0
2e-04
0
0
0
0
0
0.9992
0
0
0
0
0
0.9192
0.9992
0
0
0
0
0
0
0
0
0
0
0
0
0
0
0
0.9992
0
0.999
0.9986
0
0
0
0
0.9986
0
8e-04
0.9916
0
0
0
0
0
0
0
0
0
0.6292
0
0
0
0
0
0
0.9992
0
0
0
0
0
0.9992
0
0
0
0
0.9992
0
0
0
0
0
0
0.015
0
0
0
0
0
0
0
0
0
0.9986
0
0
0
0
0
0
0
0
0
0
0
0
0
0.9984
0
0
0.0476
0
0
0.5838
0
0
0.9986
0
0.8314
0
0.001
2e-04
0
0
0
0
0
0
0
0
0.9988
0
0
0
0
0
0
0
0.9986
0.9994
0
0
0.9994
0.9992
0.9838
0
0
6e-04
0.9996
0
0
0
0
0
0
0.9988
0
0
0
0
0
0
0
0
0
0
0
0
0
0.966
0
0
0.9996
0
0
0
0
0
0
0.999
0.9978
0
0
0
0
0.999
0
0
0
0
0
0
0.9992
0
0.9988
0.9988
0
0
0
0
4e-04
0
0
0
0
0
0
0
0
0
0
0
0
0
0
0
0
0
0
0.9988
0.8536
0
0
0
0.6734
0
0
0.9966
0
0
0
0
0
0
0
0
0.9982
0
0
0
0
0
0.9988
0
0
0
0
0
0
0
0
0
0
0
0
0
0
0
0.001
0
0
0
0
0.0032
0
0
0
0
0
0
0
0
0
0.9986
0.9992
0
0
0
0
0.9986
0
0
0.9988
0
0
0
0
0
0
0
0
0
0
8e-04
0.299
0
0
0
0
0
0
0.8558
0
0
0
0
0
0
0
0
0
0.998
0
0
0.5218
0.9982
0
0
0
0
0.8712
0
0.0022
0
0
0
0
0
0
0.9986
0
0
0
0.6454
0
0
0
0
0
0
0
0
0
0
0
0
0
0
0
0
0
0
0
0.831
0
0
0
0.9992
0
0
0
0
0
0
0
0
0
0
0
0
0
0.9984
0
0.999
0
0
0
0
0
0
0
0
0
0
0
0
0
0.9996
0
0.9984
0
0.9976
0
0
0
0.6856
0
0
0
0
0
0
0
0
0
0.9988
0
0
0
0
0
0
0
0
0
0
0
0
0
0
0.1736
0
0
0
0
0
0
0
0
0
0
0
0
0
0
0
0
0
0
0
0.998
0
0
0
0
0
0
0
0
0.9988
0
0.9982
0
0
0.0472
0
0
0
0
0
0
0
0
0
0
0
0
0.9964
0
0
0
0
0
0
0.9514
0
0
0.9994
0
0
0
0
0
0
0
0
0.9974
0.9994
0
0.9986
0
0
0
4e-04
0
0
0
0
0
2e-04
0.7164
0
0
0
0.9994
0
0
0
0
0.7168
0
