0
0
0
0
0.0124
0
0
0
0.0414
0
0
0
0.0106
0.9696
0.2154
0.723
0
0.0976
0
0
0
0
0
0
0.2934
0.9984
0
0
0
4e-04
0
0
0
0
0
0
0.987
0.0476
0
0
0
0.0016
0.2434
0.9862
0
0
0.0152
0
0
0
0.427
0
0
0
0.9928
0
0
0.9994
0
0.9992
0
0.0022
0
0
0
2e-04
0
0.0208
0
0.0464
0.8352
0
0.008
0
0
0
0.9904
0
0
0
0
0
0
0
0
0.4816
0.0614
0
0.0566
0.2504
0
0
0
0
0
0.277
0
0
0
0
0
0
0
0
0
0.7702
0
0
0
0
0
0.0294
0
0
0
0.9922
0
0
0
0
0
0.7476
0
0
0
0
0
0
0
0
0
0
0
0
0
0
0
0
0.9824
0
0
0
0
0.7858
0.2006
0
0
0
0
2e-04
2e-04
0
0
0
0
0.0016
0.9952
0.9474
0
0
0
0
0
0
0
0
0
0
0
0
0
0
0
0
0
0
0
0.0412
0
0.3736
0
0
0
0
0
0
0
0
0
0
0
0
0
0
0.0482
0
0
0
0
0
0
0
0
0
0
2e-04
0
0
0
0.0392
0.9386
0.386
0
0
0
0
0
0
0
0
0
0.9996
0
0.0724
0
0
0
0
0
0.9384
0
0
0
0
0.989
0.9996
0
0
0
0
0
0
0
0
0
0
0
0
8e-04
0
0
0
0
0
0
0
0
0.5624
0
0
0
0
0
0
0
0
0.9578
0.4414
0
0
0
0
0
0
0
0
0
0
0
0
0
0
0
0
0
0
0
0
0.9308
0.9996
0.036
0
0
0
0
0
0.023
0
0.008
0.7378
0
0
0
0
0
0
0
0
0.0642
0.1036
0
0
0
0
0
0
0
0
0.7494
0
0
0
0
0
0
0
0
0
0
0
0
0
0
0
0
0
0
0.0574
0
0
0
0
0
0
0
0
0
0
0.9996
0
0
0
0
8e-04
2e-04
0
0
0
0
0
0.4148
0
0
0
0
0
0
0
0
0
0
0.3972
0
0
0
0
0
0
0
0
0
0
0
0.9766
0
0
0
0
0
0
0
0
2e-04
0
0
0
0
0
0
0
0
0
0
0
0
0
0
0
0
0
0.8014
0.7954
0
0
0
0
0
0
0
0
0
0
0
0
0
0
0
0
0
0
0.0842
0.9824
0
0.1006
0.9992
0
0
0
0
0
0
0
0
0
0.8216
0.416
0.9734
0
0
0
0
0.007
4e-04
0
0.5754
0
0
0
0
0
0.9954
0
0
0
0.9488
0
0
0
0
0
0
0
0
0.4918
0
0
0
0
0.1486
0
0
0
0
0
0.9984
0
0.9942
0
0
0
0
0
0.8062
0.0514
0
0
0
0
0
0
0
0
0
0
0
2e-04
0
0
0
0
0.864
0
0
0.8684
0
0
0
0.0636
0.0022
0
0
0
0
0.992
0
0
0
0
0
0
0
0
0
0.0188
0
0
0
0
0
0
0
0
6e-04
0
0.9302
0
0
0
0
0
0
0
0
0
0
0.13
0
0
0
0
0
0
0
0
0
0
0
0
0
0
0
0
0
0
0
0
0
0
0
0
0
0
0
0
0
0
0
0
0
0
0
0
0
0.5412
0
0
0
0
0
0
0.9714
0
0
0
0
0
0
0
0
0.044
0
0
0
0
0
0
0
0
0
0
0.0206
0
0
0
0
0.8114
0
0
