0.055
0.205
0.025
0.01
0.51
0.125
0.025
0.035
0.005
0.02
0.03
0.1
0.01
0.005
0.03
0.005
0.15
0.02
0.01
0.005
0.015
0.035
0.115
0.035
0.025
0.02
0.02
0.015
0.005
0.15
0.13
0.04
0.055
0.02
0.08
0
0
0.015
0.015
0.025
0.01
0.01
0.875
0.005
0
0.065
0.025
0.045
0.025
0.01
0.005
0.03
0.035
0.015
0
0.005
0.02
0.01
0.02
0.15
0.03
0
0.015
0.035
0.09
0.135
0.01
0.02
0
0.005
0.095
0.04
0.02
0.105
0.115
0
0
0.005
0.035
0.01
0.01
0.065
0.015
0.025
0.02
0.025
0
0.025
0.115
0.01
0.02
0.255
0.015
0.035
0.03
0.02
0.015
0.025
0.285
0.08
0.03
0.165
0.01
0
0.01
0.025
0.025
0.025
0.015
0.025
0.02
0.045
0
0.01
0.015
0.01
0.055
0.01
0.04
0.04
0.02
0.025
0.03
0.035
0.04
0.015
0.01
0.035
0.005
0.02
0.03
0.005
0.015
0.015
0.425
0.09
0.015
0.015
0.07
0.995
0.055
0.015
0
0.015
0.035
0.035
0.025
0.025
0.325
0.01
0.025
0.045
0.02
0.005
0.015
0.02
0.02
0.045
0.015
0.005
0.025
0.01
0.04
0.035
0.015
0.02
0.025
0.02
0.02
0.025
0.14
0.03
0.015
0
0.145
0.025
0.005
0.015
0.02
0.015
0.025
0.015
0.005
0.015
0.01
0.02
0.055
0.015
0.015
0.015
0.025
0.04
0.015
0.005
0
0.025
0.03
0.01
0.015
0.01
0.015
0.095
0.045
0.04
0.05
0.03
0.115
0.01
0.025
0
0.005
0.02
0.005
0.015
0.035
0.02
0.01
0.005
0.02
0.02
0.01
0.015
0.015
0.005
0.045
0.02
0.035
0.04
0.01
0.06
0
0.095
0.35
0.03
0.03
0.01
0.05
0.05
0
0
0.02
0.115
0
0.18
0.025
0.005
0.855
0.015
0.04
0.02
0.005
0
0.09
0.07
0.01
0.02
0.05
0.22
0.025
0.005
0.01
0.02
0.05
0.025
0.015
0.015
0.025
0.035
0.025
0.02
0.015
0.005
0.04
0
0.025
0.005
0.02
0.015
0.025
0.02
0.015
0.01
0.035
0.08
0.005
0.035
0.03
0.02
0.025
0.025
0.01
0.255
0.03
0.015
0.035
0.015
0.005
0.03
0.005
0.135
0.015
0.04
0.1
0.03
0.3
0.02
0.025
0.03
0.005
0.005
0.03
0.01
0.005
0.315
0.135
0.565
0.69
0.025
0
0.025
0.025
0.005
0.025
0.08
0.01
0.04
0.01
0.055
0.05
0.02
0.165
0.725
0.025
0.015
0.01
0.02
0.005
0.115
0.015
0.025
0.005
0
0
0.005
0.03
0.005
0.015
0.065
0.015
0.005
0.025
0.08
0.06
0
0.075
0.01
0.645
0.02
0.06
0.225
0.015
0.04
0.005
0.04
0
0.005
0.015
0.03
0.03
0
0.025
0.16
0
0.005
0.01
0.04
0.01
0.025
0.01
0
0.02
0.01
0.01
0.015
0.015
0.985
0.01
0.015
0.02
0.01
0.015
0.05
0.01
0.015
0.055
0.02
0.575
0.02
0.045
0.02
0.015
0.015
0.085
0.02
0.06
0.03
0.035
0.005
0.025
0.015
0
0.025
0.01
0.025
0.4
0.025
0
0.01
0.09
0.025
0.01
0.035
0.015
0.025
0.025
0.02
0.015
0.005
0.045
0.005
0.03
0.025
0.02
0.02
0.015
0.01
0.05
0.045
0.015
0.02
0.02
0.015
0.055
0.01
0.025
0.02
0.015
0
0.025
0.025
0
0.015
0
0.01
0.025
0.02
0.035
0.01
0.015
0.02
0.005
0.025
0.025
0.26
0.02
0.12
0.025
0.035
0.015
0.01
0.01
0.01
0.025
0.01
0.09
0.03
0.01
0.015
0.005
0
0
0.02
0.015
0.01
0.03
0.03
0.03
0
0.015
0
0.01
0.25
0.045
0.02
0.025
0.065
0.02
0.02
0
0.01
0.39
0.005
0.005
0.045
0.025
0
0.05
0.01
0.02
0.005
0.01
0
0.03
0.02
0
0.015
0.015
0.02
0.025
0.025
0.005
0.125
0.05
0.02
0.035
0.025
0.125
0.035
0.015
0.03
0.025
0.06
0.02
0.025
0
0
0.025
0.005
0.065
0.005
0.03
0.015
0.02
0.02
0.02
0.055
0.04
0.005
0.02
0.02
0.015
0
0.005
0.055
0.005
0.01
0.03
0.015
0.005
0.195
0.01
0.02
0.01
0.02
0
0.08
0.02
0.085
0
0.06
0.005
0.015
0.94
0
0.025
0.02
0.015
0.01
0.005
0.02
0
0.02
0.025
0.015
0.01
0.005
0.025
0.015
0.01
0
0.04
0.015
0.005
0.475
0.015
0.075
0.015
0.01
0.025
0.025
0.01
0.005
0.01
0.015
0.025
0.01
0.01
0.025
0.015
0.025
0
0.025
0.01
0
0.035
0.05
0.08
0.005
0.035
0.02
0.015
0.01
0.015
0.015
0.03
0.035
0.02
0.015
0.01
0.02
0.025
0.025
0.015
0.035
0.02
0.01
0
0.015
0.035
0.08
0.04
0.01
0.015
0.02
0.01
0.01
0.03
0.01
0.035
0.005
0.01
0.025
0.015
0.015
0.01
0.02
0.02
0.03
0.05
0.01
0.09
0
0.01
0
0.02
0.065
0.015
0.01
0.025
0.005
0.005
0
0.025
0.045
0.015
0.02
0.755
0
0.015
0
0.015
0.01
0.025
0.005
0.005
0.51
0
0.005
0.005
0.025
0.03
0.005
0.035
0.03
0.01
0.01
0
0.38
0.14
0.005
0.02
0.07
0.01
0.01
0.005
0.345
0.02
0.025
0.035
0
0.015
0.26
0
0.015
0.02
0.465
0.005
0.015
0.01
0.03
0.06
0.005
0.125
0.015
0.05
0.005
0
0
0.175
0.01
0.05
0.02
0.03
0
0.01
0.065
0.035
0.02
0.06
0.005
0.01
0.01
0.005
0.02
0.015
0.035
0
0.02
0.01
0.01
0.01
0.005
0.005
0.015
0.015
0.03
0.03
0
0.005
0.01
0
0.005
0.005
0
0.035
0.02
0.015
0.03
0.01
0.005
0.01
0.005
0.005
0
0.015
0.005
0.005
0.015
0.015
0.02
0.015
0.045
0.01
0.01
0.005
0.015
0.04
0.015
0.04
0.02
0.03
0.005
0.03
0.085
0.965
0
0
0.905
0.01
0.015
0.035
0.015
0.01
0.025
0.015
0
0
0
0
0.065
0.025
0.015
0.13
0.005
0.005
0.015
0.015
0.005
0.015
0.015
0.225
0.025
0
0.025
0
0.09
0.005
0
0.09
0.005
0.02
0.005
0.005
0.02
0
0.87
0.025
0.035
0.01
0.015
0.035
0
0.005
0.005
0
0
0.015
0.02
0.015
0
0.01
0.015
0.035
0.005
0.01
0.06
0.01
0.005
0.005
0.015
0.01
0.02
0.015
0.025
0.015
0.02
0.01
0.04
0
0.005
0.01
0
0.01
0
0
0
0.005
0.005
0
