0.0282
0.0388
0.1998
0.0352
0.027
0.043
0.016
0.0218
0.0332
0.0256
0.8102
0.1664
0.0354
0.19
0.029
0.0114
0.014
0.0316
0.0336
0.0336
0.0298
0.0102
0.041
0.027
0.2028
0.0138
0.0124
0.0012
0.0242
0.0162
0.0206
0.014
0.026
0.035
0.0098
0.18
0.0186
0.0278
0.0296
0.0144
0.023
0.049
0.0306
0.025
0.0026
0.1022
0.0988
0.0302
0.0244
0.0486
0.0256
0.0094
0.0372
0.0328
0.0274
0.0476
0.0248
0.1564
0.0384
0.0308
0.0402
0.0382
0.0046
0.0552
0.0334
0.046
0.0236
0.0072
0.4766
0.1614
0.0122
0.0222
0.0322
0.011
0.0246
0.0374
0.0174
0.0308
0.0272
0.2318
0.0322
0.0124
0.017
0.026
0.0366
0.019
0.0304
0.0252
0.0144
0.021
0.0274
0.02
0.0042
0.0398
0.0472
0.0256
0
0
0.0218
0.0124
0.0316
0.0396
0.0096
0.0254
0.0304
0.0292
0.0288
0.0276
0.0258
0.0484
0.0668
0.0198
0.0272
0.9636
0.067
0.0222
0.0056
0.0316
0.0294
0.009
0.0044
0.3226
0.03
0.0204
0.0328
0.0144
0.0296
0.0268
0.0252
0.0296
0.0292
0.0184
0.435
0.9326
0.0352
0.0224
0.0414
0.0072
4e-04
0.0232
0.0228
0.047
0.0314
0.1656
0.0488
0.0086
0.1354
0.028
0
0.018
0.0276
0.0212
0.0024
0.4734
0.044
0.0102
0.0178
0.028
0.4966
0.0362
0.0392
0.0186
0.0224
0.0282
0.029
0.0214
0.03
0.0382
0.0334
0.0266
0.0308
0.0278
0.026
0.0326
0.0334
0.012
0.0226
0.0172
0.0382
0.3174
0.026
0.0086
0.028
0.0232
0.0012
0.0134
0.0396
0.0038
0.0258
0.041
0.2168
0.0262
0.0486
0.0254
0.0158
0.0364
0.0312
0.0098
0.0632
0.0304
0.0394
0.0422
0.0464
0.023
0.0752
0.0334
0.041
0.0202
0
0.1358
0.0258
0.025
0.0084
0.025
0.0458
0.0234
0.049
0.2938
0.054
0.0288
0.031
0.084
0.1552
0.0284
0.0476
0.0306
0.03
0.0232
0.0118
0.0378
0.0272
0.0494
0.2142
0.0126
0.26
0.0388
0.0054
0.4346
0.0272
0.0088
0.769
0.0552
0.0272
0.0354
0.612
0.0032
0.0206
0.02
0.0264
0.2118
0.024
0.8898
0.0428
0.0434
0.029
0.0022
0.014
0.0358
0.0294
0.0124
0.357
0.0298
0.398
0.1876
0.0242
0.0182
0.0316
0.0938
0.0034
0.0292
0.0656
0.033
0.1504
0.0308
0.0012
0.0038
0.2378
0.0578
0.0046
0.224
0.0098
0.0236
0.0634
0.0556
0.0316
0.0448
0.1366
0.0486
0.0128
0.0294
0.0198
0.0668
0.1658
0.01
0.0442
0.0414
0.0446
0.0104
0.0396
0.0144
0.0256
0.0216
0.012
0.0272
0.0474
0.0242
0.0498
0.0244
0.0198
0.037
0.0378
0.0292
0.0432
0.0128
0.0312
0.029
0.0138
0.0334
0.1122
0.0348
0.057
0.0292
0.0224
0.1768
0.0218
0.0396
0.0036
0.0292
0.013
0.0378
0.0276
0.0382
0.0314
0.0196
0.0318
0.0092
0.0562
0.0466
0.075
0.0226
0.011
0.0228
0.0276
0.039
0.0208
0.0234
0.0288
0.0242
0.025
0.0466
0.0272
0.0296
0.0136
0.041
0.0328
0.0012
0.071
0.0268
0.018
0.0202
0.0282
0.0024
0.0188
0.0264
0.0094
0.3548
0.0376
0.1454
0.0284
0.0478
0.0472
0.027
0.012
0.0316
0.0408
0.0146
0.0216
0.0062
0.0208
0.0414
0.0036
0.04
0.0228
0.0078
0.0174
0.0236
0.0064
0.0302
0.0216
0.003
0.0246
0.011
0.0132
0.0292
0.024
0.0336
0.0306
0.1558
0.0138
0.1158
0.1466
0.035
0.03
0.3142
0.0664
0.0368
0.0246
0.0398
0.033
0.033
0.0212
0.0278
0.0268
0.117
0.0284
0.0306
0.0348
0.0308
0.0306
0.0588
0.0304
0.0492
0.0266
0.0204
0.0244
0.033
0.0312
0.0272
0.0814
0.182
0.0272
0.0308
0.0512
0
0.007
0
0.024
0.0152
0.059
0.0322
0.033
0.0356
0.0268
0.0288
0.036
0.042
0.0568
0.0328
0.0326
0.019
0.0188
0.0258
0.0302
2e-04
0.0292
0.0256
0.0988
0.0338
0.0298
0.0312
0.0318
0.026
0.03
0.0298
0.0242
0.0176
0.0216
0.033
0.0264
0.0218
0.026
0.0332
0.0304
0.0258
0.0324
0.0094
0.1002
0.0318
0.0194
0.052
0.0382
0.0302
0.0432
0.0244
0.0532
0.0268
0.0304
0.0234
0.0378
0.0322
0.0336
0.022
0.0176
0.0166
0.0198
0.0338
0.0734
0.019
0.0326
0.0286
0.0252
0.0238
0.0554
0.0302
0.021
0.0548
0.0502
0.0682
0.0308
0.018
0.0374
0.0454
0.018
0.0296
0.0298
0.0072
0.028
0.0278
0.0398
0.0274
0.0184
0.0334
0.1238
0.034
0.0062
0.0212
0.0216
0.0272
0.0416
0.036
0.029
0.0506
0.0328
0.047
0.0252
0.0276
0.0908
0.03
0.023
0.0278
0.0454
0.0278
0.0306
0.0294
0.0274
0.0224
0.0066
0.0282
0.0268
0.035
0.018
0.0116
0.0246
0.028
0.0722
0.0234
0.0372
0.0252
0.0252
0.0206
0.025
0.0266
0.0296
0.029
0.0178
0.0264
0.1022
0.0288
0.0104
0.0256
0.0312
0.0386
0.0038
0.0292
0.0322
0.0296
0.03
0.0282
0.0132
0.0052
0.0258
0.0306
0.0262
0.0332
0.0408
0.0328
0.0242
0.0188
0.0298
0.0228
0.029
0.0266
0.0236
0.0232
0.0102
0.0182
0.885
0.0184
0.0142
0.0286
0.0276
0.0266
0.0346
0.032
0.0254
0.0268
0.0294
0.0528
0.0342
0.0226
0.035
0.037
0.034
0.033
0.028
0.0198
0.0258
0.037
0.003
0.034
0.0276
0.013
0.0284
0.0516
0.0258
0.0308
0.0292
0.047
0.0104
0.0358
0.025
0.0458
0.0278
0.0352
0.0246
0.0174
0.0126
0.0296
0.036
0.0376
0.0332
0.0336
0.0032
0.0166
0.0262
0.0332
0.0304
0.0276
0.0268
0.0288
0.028
0.0316
0.0214
0.0328
0.0246
0.031
0.0276
0.0276
0.0282
0.0286
0.0284
0.0354
0.0122
0.0254
0.0286
0.023
0.0248
0.0194
0.0158
0.021
0.0264
0.031
0.0306
0.011
0.0278
0.0528
0.0294
0.0324
0.023
0.0242
0.0024
0.0308
0.0276
0.028
0.0318
0.0032
0.026
0.023
0.0192
0.025
0.0276
0.0268
0.0294
0.043
0.0276
0.0376
0.024
0.0354
0.018
0.0276
0.0584
0.0338
0.018
0.0372
0.0156
0.01
0.021
0.0294
0.0334
0.0326
0.0154
0.0188
0.0074
0.0318
0.0234
0.0254
0.157
0.0258
0.0378
0.029
0.0436
0.0358
0.0318
0.0332
0.0286
0.0078
0.0232
0.0218
0.0294
0.01
0.0294
0.0288
0.0318
0.054
0.0186
0.0188
0.022
0.0312
0.0266
0.0106
0.0294
0.0324
0.033
0.0276
0.0246
0.0666
0.0276
0.0368
0.0358
0.0266
0.0306
0.0296
0.0262
0.0298
0.024
0.032
0.0192
0.032
0.0394
0.009
0.0068
0.0296
0.0296
0.0264
0.0236
0.0282
0.026
0.0332
0.0298
0.0278
0.0214
0.0286
0.028
0.0248
0.023
0.0182
0.0238
0.0376
0.0238
0.038
0.0322
0.0334
0.0378
0.0288
0.0244
0.0266
0.0268
0.025
0.058
0.0196
0.0416
0.0338
0.0256
0.032
0.0314
0.032
0.0348
0.0202
0.1892
0.0246
0.0276
0.013
0.0278
0.0282
0.0324
0.0318
0.0292
0.0774
0.0198
0.0282
0.0254
0.0196
0.0304
0.029
0.0354
0.025
0.0446
0.016
0.0168
0.022
0.0282
0.031
0.0192
0.0202
0.0366
0.0168
0.0312
0.0312
0.0176
0.0284
0.0376
0.0376
0.0334
0.0246
0.0304
0.0388
0.0068
0.0242
0.013
0.0276
0.0916
0.014
0.0178
0.0382
0.0244
0.0108
0.009
0.0238
0.0266
0.0224
0.0264
0.0044
0.0152
0.029
0.009
0.0064
0.0404
0.0086
0.0296
0.0104
0.0256
0.0206
0.0206
0.0264
0.0302
0.0548
0.025
0.0128
0.0302
0.0268
0.0268
0.0366
0.0248
0.0604
0.0678
0.016
0.0078
0.0336
0.0366
0.0244
0.0328
0.0536
0.0374
0.0336
0.0124
0.0264
0.0388
0.028
0.0272
0.0262
0.0268
0.0072
0.0256
0.0174
0.0242
0.0322
0.0498
0.0332
0.0314
0.02
0.0266
0.0206
0.0284
0.0244
0.0044
0.0298
0.083
0.0296
0.0274
0.03
0.0102
0.0264
0.0362
0.0316
0.028
0.0492
0.025
0.0364
0.1266
0.0218
0.043
0.0036
0.023
0.0364
0.028
0.0188
0.0258
0.0302
0.0276
0.0194
0.033
0.0384
0.024
0.0266
0.0214
0.018
0.019
0.0256
0.0284
0.0016
0.048
0.0284
0.0372
0.0276
0.029
0.034
0.0256
0.0286
0.0292
0.0358
0.0308
0.0772
0.0184
0.0178
0.0342
0.1196
0.0336
0.0258
0.0454
0.0238
0.0348
0.0122
0.0356
0.0308
0.0254
0.0044
0.0268
0.0118
0.0244
0.1166
0.024
0.0262
0.0244
0.0402
0.016
0.0254
0.0182
0.0254
0.0216
0.028
0.0248
0.0324
0.0236
0.437
0.0258
0.0144
0.0046
0.026
0.0216
0.0066
0.0234
0.0284
0.044
0.3118
0.0268
0.0274
0.0076
0.0332
0.0248
0.0364
0.0298
0.0356
0.0266
0.0406
0.0208
0.0292
0.0336
0.0298
0.1072
0.0274
0.0268
0.9754
0.0274
0.0174
0.0286
0.0314
0.0252
0.2058
0.0356
0.021
0.0246
0.7662
0.0282
0.031
0.0306
0.0226
0.0998
0.0254
0.0274
0.0292
0.0576
0.0262
0.0266
0.018
0.0202
0.034
0
0.023
0.0366
0.5342
0.0108
0.0392
0.0292
0.0338
0.0272
0.0288
0.0166
0.0266
0.0318
0.034
0.009
0.1006
0.0288
0.0246
0.0222
0.0036
0.037
0.0274
0.5382
0.0558
0.0678
0.0266
0.0248
0.034
0.0312
0.0338
0.043
0.0148
0.9914
0.028
0.7366
0.0252
0.0326
0.0504
0.0236
0.0244
0.0122
0.0178
0.0218
0.0268
0.0058
0.0312
0.0312
0.0318
0.0772
0.0322
0
0.0412
0.0138
0.0302
0.0316
0.0188
0.0398
0.0364
0.0286
0.0212
0.0274
0.0048
0.0364
0.0228
0.0224
0.013
0.027
0.0296
0.0292
0.015
0.73
0.0244
0.0256
0.0246
0.0256
0.0858
0.011
0.0282
0.0284
0.0402
0.0316
0
0.0164
0.031
0.0306
0.0196
0.0184
0.0486
0.0224
0.0258
0.0336
0.026
0.0398
0.027
0.0194
0.027
0.0312
0.0354
0.03
0.0284
0.0036
0.0306
0.0324
0.0336
0.0824
0.0504
0.0196
0.0266
0.0294
0.0346
0.0266
0.0328
0.0172
0.0348
0.031
0.7322
0.016
0.0152
0.0246
0.0172
0.0312
0.0306
0.026
0.0314
0.0232
0.0404
0.0426
0.0406
0.0276
0.03
0.056
0.024
0.024
0.0244
0.0244
0.0142
0.028
2e-04
0.021
0.0384
0.0344
0.0212
0.0238
0.0258
0.0208
0.0278
0.0022
0.0286
0.092
0.0274
0.0362
0.0272
0.009
0.0222
0.016
0.0448
0.0074
0.03
0.0282
0.7296
0.0294
0.0104
0.0182
0.0328
0.0306
0.0324
0.0044
0.0282
0.0194
0.0156
0.0492
0.0398
0.0258
0.0198
0.0308
0.0262
0.0322
0.0384
0.0286
0.0278
0.036
0.2614
0.0184
0.0148
0.0264
0.0168
0.0298
0.0208
0.032
0.022
0.0192
0.0402
0.0124
0.0094
0.0334
0.025
0.0236
0.0232
0.0388
0.0146
0.0354
0.0226
0.0288
0.0246
0.0382
0.0166
0.0072
0.0254
0.0306
0.029
0.0216
0.0218
0.0056
0.0416
0.0222
0.9168
0.0256
0.0216
0.0478
0.0334
0.0306
0.0258
0.0248
0.0062
0.009
0.0286
0.0286
0.0216
0.015
0.0482
0.0328
0.0292
0.0236
0.0278
0.0046
0.0368
0.0198
0.0172
0.0542
0.0306
0.0214
0.0704
0.03
0.0118
0.0076
0.037
0.0302
0.0552
0.1028
0.029
0.0318
0.0204
0.024
0.025
0.0232
0.0246
0.0242
0.0312
0.418
0.025
0.023
0.0338
0.0292
0.0248
0.031
0.0272
0.0374
0.0252
0.0236
0.0518
0.1948
0.0492
0.032
0.011
0.147
0.025
0.0202
0.029
0.0582
0.048
0.035
0.0084
0.0106
0.0142
0.0272
0.0208
0.017
0.086
0.0268
0.0252
0.0298
0.0222
8e-04
0.0242
0.0314
0.0368
0.0388
0.0298
0.0184
0.0232
0.0234
0.0346
0.0088
0.1224
0.0198
0.0246
0.0556
0.1658
0.0306
0.046
0.0242
0.0066
0.0026
0.0298
0.0092
0.052
0.0234
0.0174
0.1378
0.0974
0.0152
0.0276
0.0296
0.106
0.0256
