0
0
0
0
0.033
0
0
0
0
0
0
0
0
0
0
0
0
0.0012
0
0
0
0
0
2e-04
0
0.0028
0
0
0
0
0
0
0
0
0
0
0
0
2e-04
0
0.0066
2e-04
0
0
0
0
0
0.021
0
0
0
0
0
0
0
0
0.0224
0
0
0
2e-04
0
0
0
0
0
0
0
0
0
0
0.001
0
0.0014
0
0
0
0
0
0
0
0
0
0
0
0
0
0
0
0
0
0
0
0
0
0
0
0
0
0
0
0
0
0
0
2e-04
0
0
0
0
0.0082
0
0
0
0
0
2e-04
0
0
0
0
0.0388
0.0088
0
2e-04
0.0046
0
0
0
0
0.0024
0
0
0
0
0
0.007
0
0
0
0
0
0
0
0
0
0
2e-04
0
0
0
0
0
0
0
0
0
0
0
0.0056
0
0
0
0
0
0
0
0
0
0
0
0
0
0
0
0
0
0
0
0
0
0
0
2e-04
0
0
0
0
0
0
0
0
0
0
0.388
0
8e-04
0
0
0
0
0
0
0
0
0.0024
0.7284
2e-04
0
0
0.0168
0
0
0
0
0
0
0
0
0
0
2e-04
0
0
0
0
0.068
0
2e-04
0
0
0
0.0068
0
0
0
0
4e-04
0
0
0
0
0
0
0
0
0
0
0
0
0
0
2e-04
0
0
0
0
0
0
0
0
0
0
0
0
0
0
0
0
0
0
0
8e-04
0
0
0
4e-04
0
0
2e-04
0
0
0.007
0
0.003
0
0
0
0
0
0
0
0
0
0
0
0
0
0
0
0
4e-04
0
0
0
0
0
0
0.001
0
0
0
0
0
0
0
0
0
0
0
0
0
0
0
8e-04
0
0
0
2e-04
0
0
0
0
0
0
0
0
