1
1
0
0.9902
0
1
1
1
1
1
0
1
0.9926
1
1
1
0.986
1
1
1
0
1
1
1
0.4186
0
1
0
0
0.9952
1
1
0
0.001
1
1
1
0
0.9914
1
1
1
1
0
0
0.0024
0
0.999
1
0.0212
1
0
0.9988
0
1
0.9974
2e-04
0.9996
0
1
0.979
1
0
1
0
1
0
1
0
0
0.9956
1
0.9558
1
0
0
1
1
0.9994
0.3156
0.9968
1
1
0
1
0.7252
1
0.0012
0.001
0
0
1
0.9696
0
1
0.9998
0
1
1
0
0.9996
0.9988
1
0.4166
0.9974
0.9882
0
0.1238
1
1
0
0.0144
0
1
0
1
0
0.0036
0.9972
0
0.1204
0
0
0.9708
0
0
0.944
0.9928
0
1
0
1
0.9734
0.9928
0.9998
1
0
0
1
0.0016
1
0
0
0.9948
0.0786
0
1
0.3284
1
1
0.9792
0.001
1
1
0.9794
0.9556
0
1
0.9834
1
0
0
0
0.9998
2e-04
0.9792
1
0
0.9674
0
0.0154
1
1
0
1
4e-04
0.0042
0
0
0
1
0.213
0.4662
0
0.8748
0.017
0.0054
1
1
0.995
0.1846
1
1
0.773
1
4e-04
1
1
1
1
0
1
0.211
1
1
1
0.9996
0.9982
1
1
0
0.006
1
0.946
1
0.0034
1
0.018
6e-04
1
1
0.9842
0
0.9814
1
0
0.9864
1
0
0
0.9872
1
0
0
8e-04
0.9824
1
0.1756
0.0278
1
1
0.0756
0
0.0012
0
1
1
0.0012
1
0.9088
1
1
0
1
0
0.1782
1
1
6e-04
1
0.9854
0
1
1
0
0.806
0
1
1
1
0.9916
0
1
1
0.003
0.997
0
1
1
0
0
1
1
0
1
0
1
1
1
0.1944
1
1
0.013
1
1
0
0
1
1
0.9888
1
1
0
4e-04
1
0.0024
0
1
0
0.9964
0
0.001
1
0.9856
0.997
0
0.9672
0.9994
1
0
1
1
0
1
0
1
0.995
1
2e-04
0
1
1
0
0
0
1
0.2736
0.8698
0.007
1
0
0
0.0964
6e-04
0.0016
0.1944
1
0.9958
1
1
0.5298
1
0
0
1
1
1
0.996
1
1
1
1
0.9984
1
0.0042
0
0
0
0
1
0.9978
2e-04
1
1
0.9994
1
0.0048
0.1248
1
0.9818
1
1
1
0.9996
2e-04
0.001
1
1
0
0
0
1
1
0
0.3584
1
1
1
0
0.9816
0
0.9976
0
1
0
1
1
1
1
0.011
0.9996
1
1
1
0.9218
1
0
0
1
0
1
0
0.0174
1
0.9492
1
0.9988
0.9994
0
0
1
1
0
4e-04
1
0
0
0.9866
1
0
0
0
0
2e-04
1
1
0
1
1
1
1
0
1
0
1
1
0.025
0
1
0
0
1
1
8e-04
1
0.9944
0.9352
0.986
1
1
1
0
0.0032
0
0.0028
0
0
0.0018
0
0.1516
1
1
0
0.9988
0.999
1
0.001
1
1
0
0.9704
1
1
0
0
0.0028
0.003
1
1
6e-04
0.0028
0.067
1
0
0.9996
0.9998
1
0
0
2e-04
1
0
0
1
0.999
0.0256
0
0
0.9858
0
0.0018
1
0.9994
1
0
0
0
0.9994
0
1
0.9998
0
1
1
1
0
2e-04
1
0.994
0.9966
1
0
0.9998
0.9998
1
0
0
1
0
0.7444
1
0
0.8868
1
0
0
0.001
1
0
0
0
1
0
0
0
6e-04
1
4e-04
0.9986
0
0
0.3364
0
0
0
0.9998
0
1
1
1
1
1
0
1
1
0.9966
0
0
8e-04
1
1
0
1
0.5238
1
0.9996
0
0.601
0.9662
0
0.0048
0
0.002
0.5826
0.9974
1
1
1
1
0
1
0
0
1
1
1
1
1
0
0.0722
1
1
0
1
1
0.9964
0
1
1
1
1
0
8e-04
0
0.9978
1
0
1
1
1
0.939
1
1
0.8186
1
0.3748
0.1416
0.0032
0.9724
1
8e-04
0
1
0.9996
1
1
0.9056
1
0
6e-04
0.984
0.0082
0
1
0.0018
0
0
1
0
1
0.6156
1
0
1
0.9982
0.937
0
0
0.9998
1
2e-04
1
1
1
0
0
0
0
1
1
1
1
1
1
0.9376
1
6e-04
0
1
1
0
1
1
1
1
1
0.0128
0
0
2e-04
1
1
1
1
0.0056
0.0024
0.994
0
1
0
1
0.0956
1
0
0.9758
1
0
0
0.916
1
1
1
1
0
0
0.9704
0.813
1
1
1
1
1
0
1
1
1
0
0
1
1
0
1
1
0
0
0
0.3606
0
2e-04
0
0
1
1
0.003
1
0.0024
1
1
0.9998
0
1
1
1
0
0.9844
1
0.9978
1
1
0.0784
1
0.9982
1
0
0.9974
1
1
0
0
1
0.7002
1
1
1
0.8134
0.342
0
0
1
0
0
0
1
0.9018
0.4164
1
0.009
0.993
1
0
0
0.9862
1
1
0
0
1
0
1
1
0
0.4484
0.0024
1
0
1
1
1
1
0.029
0
1
1
1
0
0.0162
0.9924
0
0
0.7014
1
1
0
1
1
1
1
1
0
0.003
0.0094
0.4698
0.9854
1
1
0
0.0042
1
1
0.9954
1
0.9882
0.0012
1
0
0
0.2192
1
1
0
0.0012
0
1
0
1
0.9098
1
0.0048
1
0.0026
1
1
0.0032
1
0
1
0.997
0
1
0.0018
1
1
1
1
1
1
1
1
1
1
0.2012
1
0
1
0
1
0
1
0
1
1
0
1
1
0.983
0
1
0
1
1
2e-04
1
0
1
0
1
0.9998
0
1
1
2e-04
0
6e-04
1
0.0204
0
2e-04
0.6934
0
0.012
0
0
0
1
1
0.9994
