0.0094
0.0334
0.0024
0.0018
0.1932
0.0072
0.001
8e-04
0.0038
0.0016
0.002
0.0158
0.0024
0.001
0.0076
4e-04
0.0176
0.0016
0.0028
0.001
6e-04
0.0028
0.0338
0.0228
0.0388
0.0026
0.0018
0.0042
2e-04
0.014
0.0264
0.007
0.0776
0.002
0.019
0.0016
4e-04
0.003
0.0014
0.0046
8e-04
4e-04
0.601
6e-04
6e-04
0.0022
0.0014
0.065
0.0022
0.0058
0.0016
0.0052
0.0056
8e-04
8e-04
0.006
0.0076
0.0026
0.0024
0.0226
0.0032
0.001
0.001
0.005
0.0276
0.0188
2e-04
4e-04
0.0012
8e-04
0.0058
0.0024
0.0016
0.0078
0.0104
2e-04
0.0024
0.002
8e-04
0.0012
0.0014
0.008
0.0012
0.0016
0.0018
0.0016
4e-04
0.001
0.0092
0.0012
6e-04
0.022
0.0012
0.0012
0.001
4e-04
0.001
0.0018
0.0208
0.0098
0.0022
0.0228
2e-04
0.0052
0.0016
8e-04
0.0012
0.0014
8e-04
0.0028
0.0026
0.0112
8e-04
8e-04
0.0026
0.0014
0.0106
0
0.003
0.0106
0.0022
0.0026
0.0014
4e-04
8e-04
6e-04
0.0012
2e-04
2e-04
0.005
0.0034
0.0014
4e-04
0.0038
0.0622
0.268
4e-04
0.0026
0.0042
0.9152
0.006
0.001
4e-04
0.004
6e-04
0.0012
0.0022
0.0026
0.1954
0.0016
0.0018
6e-04
0.001
0.001
8e-04
0.0034
0.0012
0.051
0.0026
0.0016
0.0012
4e-04
0.0018
0.0026
0.004
0.057
0.001
0.0014
0.0012
0.0012
0.0078
6e-04
0.417
4e-04
0.0256
0.0014
6e-04
0.0012
0.0012
4e-04
0.0068
0.0028
0.0018
0.001
4e-04
0.0022
0.0048
8e-04
6e-04
6e-04
0.0012
0.1544
0.0012
4e-04
0.0016
0.0324
0.0018
6e-04
0.0026
0.0026
0.0022
0.0558
0.0014
0.033
0.0046
6e-04
0.0254
0.0028
0.0034
0.001
0.004
0.001
0.001
0.0016
0.0034
0.0012
0
4e-04
4e-04
0.0026
4e-04
6e-04
4e-04
8e-04
0.0012
0.0216
0.0038
0.0086
0.0096
8e-04
4e-04
0.0176
0.1566
0.0178
0.0012
4e-04
0.0028
0.0054
2e-04
0
0.0036
0.0136
4e-04
0.0092
0.0014
4e-04
0.5254
4e-04
0.0936
4e-04
0.0076
8e-04
0.0402
0.0236
4e-04
4e-04
0.009
0.022
0.003
0.0014
0.002
0.0016
0.0212
0.0012
8e-04
6e-04
0.0012
0.0036
0.002
0.0052
6e-04
0.0018
0.0176
0.0014
6e-04
4e-04
0.002
0.0016
0.0084
0.0038
0.001
8e-04
8e-04
0.0134
0.0012
2e-04
0.0016
0.0014
0.0036
0.0032
6e-04
0.0392
0.0022
0.0016
8e-04
2e-04
6e-04
0.0042
2e-04
0.1746
0.0018
0.0062
0.0984
0.001
0.2696
0.0052
0.0012
0.001
0.0016
0.0016
0.0042
8e-04
0.0088
0.0548
0.0208
0.8772
0.9956
4e-04
0.001
6e-04
0.0032
0.0014
0.0052
0.0138
4e-04
0.0136
8e-04
0.0162
0.0078
0.0032
0.148
0.355
0.007
0.0016
4e-04
0.0096
0.007
0.01
0.0018
0.002
0.0058
8e-04
6e-04
0.0026
0.0018
4e-04
8e-04
0.0412
0.0016
2e-04
0.0014
0.0044
0.0138
0.001
0.0254
0.001
0.836
2e-04
0.0454
0.0198
6e-04
0.0032
6e-04
0.0046
2e-04
0.001
8e-04
0.0026
0.0014
2e-04
0.0036
0.0392
0.0012
0.0066
0.0016
0.0014
0.0032
6e-04
8e-04
0.002
0.004
8e-04
6e-04
0.0014
0.0016
0.9626
0.0018
8e-04
0.0036
4e-04
0.0212
0.005
4e-04
2e-04
0.0074
0.0016
0.8686
0.0022
0.0244
0.0012
0.0318
0.0018
0.0124
0.001
0.0176
0.003
0.0022
0.001
0.0012
0.0082
4e-04
0.0014
4e-04
0.0062
0.1214
4e-04
2e-04
0.0014
0.0426
4e-04
0.001
0.0064
0.0074
0.001
0.0018
8e-04
0.0014
8e-04
0.0038
0.0024
8e-04
0.0024
2e-04
0.0048
0.0026
0.0018
0.0158
0.0204
0.0012
0.0032
0.0036
6e-04
0.0048
8e-04
0.004
0.0018
4e-04
0.0042
0.0176
8e-04
0.0012
0.0012
0.0012
0.0014
0.002
0.0012
0.005
6e-04
6e-04
0.001
4e-04
0.0016
0.0022
0.0466
4e-04
0.6522
2e-04
0.0028
6e-04
0.001
8e-04
0.001
4e-04
0.0024
0.0578
6e-04
0.0018
0
0.0018
2e-04
0.0014
0.0124
0.007
8e-04
0.0028
8e-04
0.001
4e-04
0.0012
6e-04
8e-04
0.0156
0.0046
0.0014
0.001
0.0334
0.0016
4e-04
0.005
0.0018
0.0626
8e-04
8e-04
0.0048
6e-04
4e-04
0.0028
0
0.001
0.0016
0
2e-04
0.0038
0.004
0.0032
8e-04
0.0012
0.001
4e-04
0.003
4e-04
0.0052
0.0146
6e-04
0.004
0.0022
0.0118
0.0046
0.0016
2e-04
0.0012
0.0012
0.0012
4e-04
0.001
2e-04
0.0014
6e-04
0.0092
4e-04
4e-04
0.0062
4e-04
6e-04
0.0012
0.0136
0.0012
2e-04
0.0014
4e-04
2e-04
4e-04
0.001
2e-04
8e-04
0.001
0.003
0.001
6e-04
0.0452
6e-04
6e-04
4e-04
4e-04
0.0014
0.0388
0.0016
0.0082
0.0086
0.0038
0.0024
4e-04
0.5806
0.0058
6e-04
0.0018
2e-04
6e-04
2e-04
0.002
8e-04
0.001
0.002
6e-04
6e-04
0.002
0.0014
8e-04
0.0028
0.0016
0.004
0.0012
6e-04
0.105
0.0012
0.0014
0.001
4e-04
0.7716
0.0058
6e-04
2e-04
6e-04
4e-04
6e-04
0.008
6e-04
0.001
4e-04
8e-04
8e-04
0.0012
8e-04
4e-04
0.0012
0.0048
0.1062
6e-04
4e-04
0.0012
6e-04
6e-04
0.0024
0.006
4e-04
4e-04
0.003
4e-04
4e-04
0.0018
0.0018
0.002
0.0012
0.0148
6e-04
4e-04
4e-04
0.0042
4e-04
0.0036
0.001
8e-04
0.001
0.001
2e-04
4e-04
0.0066
6e-04
0.0018
6e-04
4e-04
2e-04
4e-04
6e-04
4e-04
6e-04
0.0022
0.0084
0.003
4e-04
0.0064
6e-04
0.0016
0
0.0014
0.003
0.0014
0.0014
6e-04
0.0016
2e-04
6e-04
0.001
0.8058
0.0014
0.0012
0.179
6e-04
8e-04
6e-04
8e-04
0.001
0.0034
6e-04
4e-04
0.0336
0.0012
0.0012
2e-04
0.0038
0.0028
2e-04
0.0078
4e-04
0
0
2e-04
0.1258
0.0064
0
4e-04
0.0048
0.0016
0
4e-04
0.148
4e-04
0.0136
0.0034
8e-04
4e-04
0.0108
0.001
0.001
6e-04
0.1378
2e-04
4e-04
4e-04
0.002
0.0034
0.001
0.0202
2e-04
0.0086
0.001
2e-04
2e-04
0.0178
0.0012
0.007
0.0066
8e-04
4e-04
0.0012
0.175
0.0086
6e-04
0.0028
6e-04
6e-04
2e-04
0.0012
4e-04
0.0032
2e-04
0.0012
8e-04
0.0012
4e-04
6e-04
6e-04
0.0016
6e-04
0
0
6e-04
2e-04
4e-04
8e-04
6e-04
0.0018
6e-04
4e-04
0.0088
2e-04
0.0014
0.0028
0.0016
8e-04
0.0012
0
2e-04
8e-04
8e-04
2e-04
2e-04
0
0.0012
0.0224
4e-04
0.0014
6e-04
6e-04
2e-04
4e-04
0.001
4e-04
0.0034
6e-04
8e-04
0.0036
0.0028
0.0026
0.7312
0.0034
8e-04
0.0664
4e-04
8e-04
0.0016
2e-04
4e-04
4e-04
4e-04
0.0022
0.0026
0.0016
4e-04
0.0014
4e-04
0.0032
0.0048
2e-04
2e-04
2e-04
4e-04
8e-04
2e-04
6e-04
0.0254
4e-04
2e-04
6e-04
0.0026
0.0052
2e-04
2e-04
0.0018
2e-04
6e-04
4e-04
4e-04
8e-04
0
0.7986
2e-04
2e-04
0
0.0012
0.0018
2e-04
0.0014
0.0012
0
4e-04
2e-04
4e-04
6e-04
2e-04
6e-04
2e-04
4e-04
6e-04
2e-04
0.0032
0
0
0
0.0012
0.001
4e-04
6e-04
4e-04
6e-04
2e-04
0
0.0078
8e-04
4e-04
0.001
8e-04
6e-04
6e-04
4e-04
0.0012
0.001
6e-04
0
