0
0
0
0
0.0122
0
0.002
0
0
0
0
0.0014
0
0.022
0
0
0
4e-04
0
0.0192
0
0.027
0
4e-04
0
0
0
0.0092
0
0
0
0
0.0108
4e-04
0
0
0
0
0
0
2e-04
0
0
0
4e-04
0
0
0
0.036
0
0
0
0
0
0
0
0
0
0
0
2e-04
0
0
0
0
0
0
0
0.0026
0
0
2e-04
2e-04
0.0404
0
0
0
0
2e-04
2e-04
0
0
0
0
0
0
0
0
0
0
0
4e-04
0
0
0
0
0
0
0
0
0
0.001
0
0.0492
0
0
0
0
0
0
2e-04
0
0
0
0
0
4e-04
0
0
0
0
2e-04
0.0054
0
0
0
0
0
0
0
0.0102
0.001
0
0
0
0
0
2e-04
0.0046
0
0
0
0
0.0328
0
0
0
0
0
0
0.0158
0
0
0
0
0.0058
0
0
0
2e-04
2e-04
0
0
0
0
0
0
2e-04
0
0.0014
0
0
0
0
0
2e-04
0
0
0
0
0
0
0
0
4e-04
0
0
0
0
2e-04
0
0.0018
2e-04
0.0026
0
0.0098
0
0
0
0
0
0.0066
0
0
0
0
2e-04
0
0
0.0044
0
0
0
0.002
0.044
0.0044
2e-04
0
4e-04
0
4e-04
0
0
0
0.0036
0
0
0
0
0
0
0.0016
