0.9964
0
0
0
0.7658
0.929
1
1
4e-04
0.024
1
1
0.5802
0.976
0.9938
1
0.0282
0
0
0.0408
0.9996
1
0.33
0.0474
1
0.0206
1
0.0044
0.7596
0.6136
0.0016
1
0.0152
0
2e-04
0.0046
0
0.0038
0
0.0016
0.0016
0.709
1
0.6446
0
0
0
0.001
0.002
0
0.0012
0
0.0136
0.5938
1
0
1
0.001
0.9652
1
1
0.0948
0.0062
0.9228
0.0222
8e-04
0
0.0394
0
0.3186
0
4e-04
0
0
0
0
0.0636
0
2e-04
0
0
0.7552
0
0
0
2e-04
0
0.0146
0.7992
0
0.9906
0.7664
0.009
0.0028
0
0.1266
0
0.0054
0.0108
0.0914
1
1
0
1
0
0
0.1308
0
0
0
0
0
0.0202
6e-04
1
0
0
4e-04
2e-04
0.0028
0.8742
0
0.3548
8e-04
0.0042
0.9194
0
1
0
0.9998
0.0038
2e-04
0.2222
0
0.0178
0.992
0
0.0022
0
0
1
0.1858
0.0038
0
0
0.091
0.0016
0.0092
0
0
0
0.9776
0
0
1
0
0.0202
0.0682
0
1
0.0102
2e-04
0.0016
0
0
0.3064
0
1
0
0.0018
6e-04
0.1412
0
0
8e-04
0
1
0
0.001
1
1
0.0016
6e-04
1
0.0076
1
0
0
2e-04
0.6076
0.005
0.0162
0.0042
0.0072
0
0
0
0.0522
0.002
0.005
0
1
1
0
0.0368
0
0.279
0
0
0.0016
1
0.9996
0
0.1708
0
0
0
0.0156
1
0.0406
0
0
0
0.8398
0
0.0034
0
0.008
0.0874
0
0.0452
1
1
0
1
0
0
0
0
0.015
0
0.0948
0.213
0
1
0
0.0012
2e-04
0.0064
0.9046
0.5506
0.0432
0
0.0018
0
0
8e-04
0.0608
1
0
0
0
0.1352
0
1
1
2e-04
0.0138
0.0018
0
2e-04
0.92
1
4e-04
6e-04
1
0.3976
0
0
0.0828
0.0032
0
0.002
1
0.006
0
1
1
1
0.9998
0
0
0.0104
0
0.9654
0
0
0.0042
0.1018
8e-04
1
1
1
0
1
1
0.9842
1
1
0.4612
1
0
0
0
1
0
0
1
0.251
0.8024
1
6e-04
0
0
0.0158
2e-04
1
0.9834
0.0012
0.006
0
4e-04
0
4e-04
0
0.0272
0.9814
1
1
0
0
0.0208
0.0012
0
1
0.1568
0.0014
8e-04
0
0.9998
8e-04
0.961
0.0112
0
1
8e-04
8e-04
0
0
0.009
0.5388
0.0028
0
0.0124
0
0
1
0.0022
0
0
0
0.0086
8e-04
1
0.0274
0
0.0012
0
1
0
0.7508
0
0.0132
2e-04
1
0.4172
0
0.029
0.0032
0.0106
0.6578
0
1
4e-04
1
1
0
1
0.0136
0
1
1
1
1
0
0
0.0772
0.0014
1
0.022
0
1
0.0058
0.3294
6e-04
1
0
0
0
2e-04
6e-04
0.779
0.999
0.3502
1
0
0
0.0072
0
1
0.466
0
1
0.0996
0
0
0
6e-04
0
2e-04
0
1
1
1
1
1
0
0
1
0
0
0.1358
0.0118
1
0
0
0.9766
1
0.002
0.0212
1
0.9996
0
0
0
0.0036
0
0
1
0.0368
0.8508
0.0204
1
1
0.3032
2e-04
0.9278
1
0.0428
0
0
0.0036
1
0
0.0484
1
0
0
1
0
0.3978
0.001
1
1
1
0
1
0.0018
0
0
0
0
0.0066
4e-04
0.9966
1
0
0
0.9994
1
0
1
1
1
0
0
0.0032
0.002
0
0.0024
0
0
1
0.0018
1
1
0.5316
0
1
6e-04
0
0.4968
1
0.112
0
2e-04
1
0.9996
0.076
0.001
1
0.0012
0.0146
1
1
0
0.9274
0
0.969
1
0
0.0116
0.9998
0.9884
0
0.0142
0.0028
0
0.001
0.0062
0
0.0026
0
8e-04
0
4e-04
1
0
8e-04
0
8e-04
0.9974
0
0.0176
0
0.0208
1
0
1
0.0064
0.3226
0
2e-04
0
0.987
6e-04
0
0
0
0.5628
4e-04
0
1
0.0072
0
0.275
1
1
0.0282
0.023
2e-04
0
0
0.9998
0.0048
0.011
1
1
0
0
0
1
0
1
0
0.999
0
0
0
0
1
0
0
1
0
0
0.0016
0
6e-04
0
0
0
0
4e-04
0
0
0.0206
0
0.1268
2e-04
0.1918
0
0.9536
0
0.0428
0.112
0
1
1
0
1
0
0
0
0.001
0.9996
0.2456
0
1
0
0.9998
0.0304
1
1
0
0.0046
0
0
0
0
0
0
6e-04
1
0.0092
0
0.7526
0
0
0.0076
0.0108
0
1
0
0
0
0
0
2e-04
0
0
1
1
0
0.0014
0.0058
0.0448
0
0.0046
0
0
2e-04
0.0096
0
0.3592
1
1
1
0.045
1
1
1
0
0
0
0
0.1016
1
0.005
0.0088
0
0.249
1
0
0.0074
0
1
0.1322
0.0358
1
0.007
2e-04
0
2e-04
0.6594
0
0
4e-04
1
0.1662
0.0016
1
1
0
0.0024
0
0
0
0
0
1
1
0
0.0032
0
