0.0074
0.0098
8e-04
0.0012
0.018
0.0072
6e-04
0.001
0.002
0.0014
0.0014
0.0132
0.0014
0.003
4e-04
0
0.0028
4e-04
0.0012
0.002
0.0016
0.0014
0.019
4e-04
4e-04
2e-04
8e-04
0.0078
0.0024
0.015
0.0026
0.0076
0
4e-04
0.0016
6e-04
0.001
2e-04
6e-04
0.0014
0.0014
8e-04
0.0804
0.0016
0.0012
0.0044
6e-04
2e-04
0.0016
6e-04
8e-04
0
0.0046
0.0012
0
0.0076
0
2e-04
4e-04
0.0018
8e-04
0
8e-04
0.0014
0.015
0.005
0.0016
0.0016
0.002
0.0014
0.0012
0.001
0.0024
0.002
0.0064
0
0.0012
0.0034
6e-04
8e-04
4e-04
0.0044
4e-04
8e-04
8e-04
2e-04
0
6e-04
0.0022
0.001
0.0022
0.0114
0.0014
0.001
4e-04
0.0014
4e-04
8e-04
0.006
8e-04
0
0.0042
0.0014
0
4e-04
8e-04
4e-04
0.003
0.0026
4e-04
0
0.0016
0.0028
2e-04
0.001
2e-04
8e-04
6e-04
0.003
0.0014
0.001
0.0012
0.0012
2e-04
8e-04
0.0012
8e-04
6e-04
0.0014
6e-04
2e-04
6e-04
6e-04
0
0.0156
0.001
4e-04
8e-04
0.0018
0.4592
4e-04
4e-04
0
6e-04
0.001
0
0.0018
6e-04
0.0034
6e-04
0
6e-04
0.0016
0
8e-04
6e-04
4e-04
2e-04
4e-04
0.0022
0.0018
0
6e-04
0.0016
2e-04
4e-04
2e-04
4e-04
0.001
0.001
0.0014
0.001
0.001
0
0.0052
0.0012
0.001
0.001
6e-04
0.001
0.001
2e-04
0.0014
0.0016
4e-04
0.0014
8e-04
6e-04
2e-04
8e-04
0
4e-04
4e-04
0.0014
0
2e-04
2e-04
4e-04
8e-04
2e-04
0
8e-04
4e-04
8e-04
0.0012
2e-04
0.0018
2e-04
2e-04
8e-04
0.0026
6e-04
0
2e-04
0.001
2e-04
0.0024
0.0016
6e-04
6e-04
0.0012
0.0018
8e-04
0.0018
8e-04
2e-04
2e-04
0.0032
4e-04
0.0012
0.001
0.0032
0.006
0.001
4e-04
8e-04
4e-04
0.0016
0
0.0024
0.0026
0.002
0
0.0068
2e-04
0
0.0464
0.0022
0
0.0018
0
0
0.0014
4e-04
4e-04
0
6e-04
0.0028
2e-04
0.0024
4e-04
0
8e-04
0.0012
0.0028
0.0012
4e-04
0.0024
0.0012
0.001
0.001
2e-04
4e-04
2e-04
6e-04
0.001
8e-04
0.0012
0
0.0014
2e-04
8e-04
0
8e-04
0
0.001
6e-04
8e-04
4e-04
0.0016
6e-04
0.0052
4e-04
6e-04
0.0026
6e-04
0.0014
0.0014
0.0012
8e-04
0.001
4e-04
0.002
4e-04
0.0036
8e-04
4e-04
8e-04
0.0016
4e-04
4e-04
0.001
2e-04
0.0044
0.0042
0.0094
0.016
0
0
0.003
8e-04
0.002
6e-04
0.0018
0.001
8e-04
6e-04
0
6e-04
2e-04
0.0012
0.0244
0
4e-04
0.0018
2e-04
4e-04
0.0016
2e-04
2e-04
0
6e-04
0
0.0016
2e-04
0.0024
0.001
0.001
2e-04
6e-04
2e-04
0.0016
0.0026
2e-04
0.001
0.001
0.0174
0.0016
4e-04
0.0042
0.0024
2e-04
0.0026
0.001
0
6e-04
8e-04
2e-04
0.0012
4e-04
4e-04
0.0018
0
2e-04
6e-04
0.0018
2e-04
8e-04
0.0012
2e-04
0.0014
0.0012
6e-04
4e-04
6e-04
0.1964
8e-04
2e-04
0
0.0032
2e-04
0.0022
2e-04
4e-04
0.002
6e-04
0.0156
2e-04
0.002
0.0014
4e-04
6e-04
4e-04
0.0014
6e-04
4e-04
0
4e-04
2e-04
4e-04
0.0016
8e-04
2e-04
2e-04
0.0048
0.0016
0
0.0016
8e-04
6e-04
2e-04
2e-04
2e-04
0.001
4e-04
0
0.0014
6e-04
8e-04
0.0022
0.0012
0.0012
8e-04
0
8e-04
8e-04
0
2e-04
4e-04
0.0016
0.001
4e-04
6e-04
0.0022
0.0012
0.0028
0.001
0.002
0.001
0
4e-04
0.0016
0.0014
6e-04
0.0016
4e-04
0.0016
0
0.001
4e-04
0.0012
2e-04
2e-04
0.0046
4e-04
0.0072
0
0.0028
0.0014
0.002
4e-04
2e-04
6e-04
4e-04
0.0012
6e-04
0.004
0.0014
8e-04
0
0.001
2e-04
0.001
0.002
0
2e-04
0.0012
0.0024
2e-04
0
8e-04
0.008
6e-04
6e-04
0.0014
2e-04
4e-04
0.0012
0.0112
4e-04
0.009
0.001
6e-04
0.0064
6e-04
0.0028
2e-04
2e-04
4e-04
0.0056
0.001
8e-04
0.001
6e-04
0
0.001
0
0
0.0012
6e-04
4e-04
0.0028
2e-04
0.002
0.0018
6e-04
0.0038
2e-04
0.0014
0.0014
8e-04
0.0016
2e-04
6e-04
0
0
6e-04
8e-04
0.0074
0.0012
0.0018
6e-04
4e-04
2e-04
8e-04
0.0104
4e-04
0.0018
6e-04
0
0.0022
0.0014
0
0.0016
4e-04
6e-04
0.001
6e-04
0
0.03
0.001
0.0016
0.001
8e-04
0
4e-04
0.001
0.0062
0
0.0022
2e-04
6e-04
0.1488
4e-04
0.0018
0.0012
0.0014
0.0014
0.0022
2e-04
0
0.0022
2e-04
6e-04
4e-04
8e-04
4e-04
2e-04
0.0014
0
6e-04
0.0012
0.0024
0.0702
0.001
0.0014
8e-04
8e-04
0.0028
8e-04
0.0012
0.002
4e-04
4e-04
0
6e-04
0.0012
0.0012
8e-04
6e-04
0
0.0016
6e-04
0.002
6e-04
6e-04
2e-04
4e-04
0.0024
8e-04
0.0022
0.0012
0
8e-04
0.001
0.0014
8e-04
0.0036
6e-04
6e-04
0.002
0.0016
0.0028
0.001
8e-04
0.0024
6e-04
2e-04
0.0012
0.0014
4e-04
0.002
8e-04
2e-04
0.0014
0.001
2e-04
0.0014
0.0014
0.001
2e-04
0.001
4e-04
2e-04
0.0012
8e-04
0.0024
0
8e-04
0.0022
0.0026
0.0026
0.0012
0
0.0022
0.0038
0
0.0016
2e-04
0.0012
0
0.0024
0
0.007
0.0018
0.0026
0.0308
2e-04
8e-04
0.0012
0.0012
4e-04
0
0.0016
0.002
0.0166
0.004
0.0022
0.0016
0.0076
4e-04
0.0014
8e-04
2e-04
6e-04
0.001
8e-04
0.0072
0.0098
0.0022
4e-04
0.004
0.001
0.0014
8e-04
0.0094
4e-04
8e-04
0.0046
6e-04
0.0014
0.0088
0.0024
0.0016
0.0036
0.0076
0.0012
0.0018
6e-04
0.0012
0.0042
6e-04
0.0154
8e-04
0.001
0
0.0016
8e-04
0.0034
6e-04
0.006
0.0052
0.002
0.0026
6e-04
0.0058
0.012
0.0012
0.0022
6e-04
0.003
0.0012
0.002
8e-04
0.0068
0.001
8e-04
0.002
0.0012
0.0018
2e-04
0.0018
6e-04
8e-04
8e-04
4e-04
0.001
0.002
8e-04
8e-04
0
0.0026
0.002
0.002
4e-04
0.002
8e-04
6e-04
0.0038
0.0014
0.0014
4e-04
8e-04
0.0016
0.0028
0.0016
0.0022
0.001
0.001
4e-04
0.001
0.0014
6e-04
8e-04
0.001
0.0014
6e-04
0.0018
2e-04
0.0018
0.0014
2e-04
0.0014
4e-04
0.0904
0
0.0018
0.251
4e-04
0
0.0018
6e-04
0.0022
0.001
0.0012
0
0
0.0022
0.0022
0.0032
0.0012
0.0034
0.002
0.0026
4e-04
4e-04
0.001
0.0012
8e-04
0.0022
0.0074
0.0012
0.0032
6e-04
0
0.0012
0.0022
4e-04
0.005
4e-04
4e-04
0.0014
0.0048
0.0012
0.001
0.1082
0.001
0.0012
0.0018
4e-04
4e-04
0
0.0022
2e-04
0.0014
0
0.0016
6e-04
0.004
0.0028
6e-04
8e-04
8e-04
0.0012
0.0012
0.0078
0.001
0.0012
0.0022
6e-04
0.0092
0.0018
0.0012
0.0054
0.0014
0
0.0016
0.0022
0.0022
8e-04
0.0016
0.0038
6e-04
0.005
0.0016
0.0072
0.0042
0.001
0.0028
