0
0
0
0
0.0012
0
2e-04
0
0
0
0
0
0
0
0
0
0
0
0
0
0
0
0
0
0
0
0
2e-04
0
0
0
0
0
0
0
0
0
0
0
0
8e-04
0
0
0
0
0
4e-04
0.007
0
0
0
0
0
0
0
0
2e-04
0
0
0
0
0
0
0
0
0
0
0
0
0
0
6e-04
0
6e-04
0
0
0
0
0
0
0
0
0
0
0
0
0
0
0
0
0
0
0
0
0
0
0
0
0
0
2e-04
0
0
0
0
0
0
0
0
0
0
0
0
0
0
0
0
0
0
0
0
0.0918
0.0012
0
0
6e-04
0
0
0
0
2e-04
0
0
0
0
0
0.0012
0
0
0
0
0
0
0
0
0
0
0
0
0
0
0
0
0
0
0
0
2e-04
0
2e-04
0
0
0
0
0
0
0
0
0
0
0
0
0
0
0
0
0
0
0
0
0
0
0
2e-04
0
0
0
0
0
0
0
0
0
0
4e-04
0
2e-04
0
0
0
0
0
0
0
0
0
8e-04
0
0
0
0.8192
0
0
0
0
0
0
0
0
0
0
0
0
0
0
0
0.001
0
0
0
0
0
0
0
0
0
0
0
0
0
0
0
0
0
0
0
0
0
0
0
0
0
0
0
0
0
0
0
0
0
0
0
0
2e-04
0
0
0
2e-04
0
0
0
0
0.0066
0
0
0
0.0068
0
0
0
0
0
4e-04
0
4e-04
0
0
0
0
2e-04
0
0
0
0
0
0
0
0
0
0
0
0
0
0
0
0
0
0
0.001
0
0
0
0
0
0
0
0
0
0
0
0
0
0
0
0.0028
0
0
0
0
0
2e-04
0
0
0
0
2e-04
0
