0.0028
0
0
0
0.0338
0.0086
0
0.0102
2e-04
0.0064
0.0046
0.0014
0.0218
0.0128
4e-04
0.0044
4e-04
0
0
0.0114
0.0112
0.0026
0.0142
0.001
0.001
0.0134
0.002
0.0014
0.0228
0.006
2e-04
2e-04
6e-04
0
0
0.0024
0
0.0022
2e-04
8e-04
0.0074
0.014
0.02
0.012
0
0
0
0.0016
2e-04
0
4e-04
0
0.0036
0.0022
0.001
0
0.0136
0
0.0048
0.0038
0.0024
2e-04
0.0028
0.0122
0.0048
6e-04
0.0014
0.01
0
0.001
0
0
0
0
4e-04
2e-04
0.0358
0
2e-04
8e-04
0
0.014
0
0
0
0.0014
2e-04
4e-04
0.0318
0
0.006
0.0116
4e-04
0.0022
0
0.0014
0
0.004
0.002
0.011
0.0106
0.004
0
2e-04
0
0
0.0308
0.3716
0
0
0
0
0.0174
0.001
0.001
0
2e-04
4e-04
0
4e-04
0.0098
0
0.0184
0
6e-04
0.0302
0
0.0016
0
0.0028
0.003
6e-04
0.0292
0
0.001
0.0066
0
0.0022
0
0
0
0.0206
0.0032
0
0
0.0052
6e-04
0.0016
0
0
0
0.0098
0
0
0.0024
0
0.0018
0.0086
0
2e-04
0.0034
0
2e-04
0
0
0.0286
0
0.001
0
0.0044
6e-04
0.019
0
0
0
0
2e-04
0
0
4e-04
0.0076
0
8e-04
0.002
2e-04
0.001
0
0
0
0.016
0.0014
0.0126
8e-04
0
0
0
0
4e-04
4e-04
0.004
0
0.0024
0.0038
4e-04
0.011
0
0.02
0
0
0
0
8e-04
0.001
6e-04
0
0
0
0.0092
0.0018
6e-04
0
0
2e-04
0.009
0
0
0
0.0026
0.017
0
0.0096
0.0176
0.0374
0
6e-04
2e-04
2e-04
0
0
0.0012
0
0.004
0.0262
0
4e-04
0
0.0056
4e-04
0
0.019
0.0172
0.0088
0
0.001
0
0
0
0.015
0.0016
0
4e-04
0
0.0026
0
0.0024
0.0014
0
0.0092
0
0
0.0032
0.0288
0.3606
4e-04
0
0.001
0.021
0
0
0.0022
0.001
0
0.0048
0.0012
0.0032
0
2e-04
0.0032
0.0106
0.0028
0
0
0.006
0
0.0168
2e-04
2e-04
8e-04
0
0.0014
0.0332
0.0132
4e-04
2e-04
0
2e-04
0.0134
0.001
6e-04
0
0.0012
0
0
0
0.0122
0
8e-04
0.0018
0.0086
0.0064
0
0.0016
0
0
0.0226
2e-04
2e-04
0.0012
0
0.0034
0.001
0.0022
0
0
0
0.0172
0.0056
0.0034
2e-04
2e-04
0
0.0138
0
0
0.001
0.0012
2e-04
4e-04
0
0.01
0
0.0162
0.007
0
2e-04
2e-04
0.0028
0
0
2e-04
0.0042
4e-04
0
0.0092
4e-04
0
0
8e-04
0
0
0
0.0034
0
0.0018
0.006
0
0
0
0
0
2e-04
0
0.006
4e-04
0.0046
0.0146
0
8e-04
0.003
0.0134
0.0132
0
0.0068
8e-04
0.0104
0.002
0
0.0034
0.0014
0
2e-04
4e-04
0.0818
0.0026
0
0
0.0052
0.004
0.0088
0.0058
0
0.0022
2e-04
0.0168
0
0
0
0
0
0
0
0.0116
0.0042
0.0216
0.0174
0
0
0.0012
2e-04
0
0.027
0
6e-04
0.0082
0
0
2e-04
2e-04
0
4e-04
0
0.0078
0
0
8e-04
4e-04
0
0
0
0
0
0.0046
0.0054
0.0014
0
0
0.0076
0.0026
0.0016
0.0192
4e-04
0.0026
0
0
0
0.0048
0
0
4e-04
0.0078
0.0048
0.003
0.0088
0
0.0186
0
0.0104
6e-04
0.0058
0
0
0.0036
0.0166
0
0
0
0
8e-04
0.0158
0
4e-04
0
0
0.0056
0.0106
0
6e-04
0
0
0
0
0
8e-04
2e-04
0.0064
0
0
0
0
0
0
2e-04
8e-04
0.06
0
0
4e-04
0
0
0.0064
2e-04
0
0
0.0016
0.029
0.0012
8e-04
0
6e-04
4e-04
0
0.0082
4e-04
0.0012
0.004
0.0028
0.0058
2e-04
0.0036
6e-04
2e-04
0.001
0.012
2e-04
0.005
0
0.0018
0
0
0.0016
2e-04
8e-04
0.002
2e-04
0
0.032
0.0036
0
6e-04
6e-04
2e-04
0
0
2e-04
0
2e-04
0.002
2e-04
0.0026
0
0.002
0.0046
0
0.0034
0
0.0168
0
0
2e-04
0.0124
0.0112
0
0
0
0.0078
6e-04
0
0
0
0
0.0048
0
0.0014
0
0
0.0016
8e-04
0
0.02
0.0114
0
0
0
0.0018
0.0078
0.0046
0
0.0376
0
0
0
4e-04
0
2e-04
0
0.003
0
2e-04
0
0
0
0
0
2e-04
0
0
0.0014
0
0.0028
0
2e-04
0
0
2e-04
0
0
0.0022
0
0
0
0.033
0
0.006
0
0.0286
0.0248
0
0.0254
0.0046
0
0
0
0
0
0.008
0.0014
0.022
0
2e-04
2e-04
0.0028
0.034
2e-04
0.0016
0
0.0014
0
0
0
0
0
0
8e-04
4e-04
0.005
0
0.0052
0
0
0.0042
0.0114
0
0.0018
0
0
0
4e-04
0
8e-04
0
0
0.002
0.001
0
0.0022
0.0034
0.0092
0
0.0056
0
0
0
0.025
0
0.0018
0
0
0
0.0122
6e-04
0.0052
0
0
0
0
0
0.0276
2e-04
0.0118
0.0036
0
0.038
0
0
0.0074
0
0.0146
0.013
0.0308
0.0068
0
4e-04
0
6e-04
0.005
0
0.0014
4e-04
2e-04
8e-04
0
4e-04
0.0018
0
4e-04
8e-04
0
0.0024
0
0
0.0122
0.0284
0.057
0
0
