0.9972
0.9978
0.0598
1
0.5366
0.9988
0.9998
0.9972
0.9994
0.9998
0.9972
0.9994
0.9998
0.9988
0.9844
0.9986
1
1
0.9998
0.9992
0.9988
0.9886
0.998
0.9976
1
0.9916
0.9984
0.9946
0.8026
1
0.9958
0.9968
0.9588
1
0.9986
0.998
1
0.9988
0.9796
0.995
0.9924
0.9994
0.9986
0.9986
0.84
0.9998
0.0024
1
0.9994
0.9968
0.9996
0.6076
1
0.8944
0.9408
1
0.9936
0.9998
0.9306
0.9994
1
0.9974
0.066
0.997
0.1038
0.9828
0.4998
0.9988
0
0
0.9998
0.9816
1
0.9936
0.2226
8e-04
1
0.9606
0.9988
0.9998
1
0.9994
0.995
1
0.9984
0.9982
0.9984
0.7302
1
6e-04
0.9
0.9982
0.9978
0.9818
0.9876
1
0
0.985
0.9868
0.0046
0.9994
0.9572
0.9976
1
0.9936
0.9998
0.0162
0.9996
0.991
0.9974
0.7724
0.9998
0.9648
0.985
0.877
0.9966
0.001
0.7848
0.9948
0
1
0
0.5144
0.9998
0.2138
0.997
0.9996
1
0.9982
0.9998
0.1018
0.9968
1
0.9998
1
0.994
0.9838
0.9978
0.9998
0.9966
0.9952
0.2528
0.4842
0.9996
0.995
0.9818
0.9998
0.9888
0.9762
0.9842
1
0.994
0.9918
0.9994
1
1
0.0956
0.9998
1
0.9946
0.8618
0.9576
0.5016
0.9984
0.9704
1
1
0.9826
0.9908
0.1708
0.9996
0.9998
0.9998
0.141
0.9988
0.9934
0.999
0.9878
0.9894
0.9152
0.9982
0.9588
0.999
0.0048
1
1
0.997
0.9988
0.9866
0.9948
0.9966
0.9402
0.993
0.9944
0.9738
0.9992
0.99
0.9926
0.9974
0.994
0.1786
0.9954
0.9994
0.999
0.9998
0.9976
0.9998
0.9968
0.9996
0.9998
0.7032
0.9946
0.9992
0.9998
0.9984
0.998
0.9988
0.9936
0.9962
0.998
0.9996
0.994
0.0028
0.9996
0.9998
0.8864
1
0.9916
0.973
0.902
0.9998
0.9938
0.992
0.0116
0.9988
0.9958
0.978
0.9612
0.9994
0.9986
0.9958
1
0.098
0.9956
0.1862
0.989
0.9904
0.9986
0.997
1
0.9952
0.993
0.9616
0.9888
0.9954
0.9932
0.918
0.9932
0.999
0.9988
0.9992
0.005
0.9992
0.9972
0.307
0.9984
0.0052
0.9916
0.9938
0.99
1
4e-04
0.994
0.998
0.924
0.9998
0.9942
0.9962
0.9956
0.0944
0.4582
1
0.9978
0.6642
0.9948
0.9388
0.9936
0.9978
0.9698
0.999
0.9962
0.9944
0.9998
0.9992
0.7606
0.9712
0.0012
0.9954
0.9988
1
1
0.9992
0.5728
0.9994
0.9952
0.9992
0.734
0.9958
0.3184
0.999
0.0014
0.9838
0.9998
0.997
0.9998
0.3538
1
1
0.9958
0.0156
0.988
0.9994
0.4398
0.9992
0.6654
0.9922
1
0.9966
0.8672
0.4374
0.999
0.9912
0.8918
0.2874
6e-04
0.996
0.9722
1
0.9992
0.998
0.0244
0.9546
1
0.9664
0.9946
0.9404
0.9974
0.9516
0.993
0.9918
1
0.9962
0.246
0.3146
0.9958
0.9942
0.9962
0.9968
0.998
0.993
0.999
0.9898
0.9998
0.9862
0.9998
0.3008
0.748
0.2604
0.02
0.9956
1
0.9864
0.9988
0.9802
0.9998
0.9966
0.9968
0.9998
0.9894
1
0.9952
0.9952
0.9864
0.9934
0.8998
0.9364
0.9888
0.9546
0.8624
0.976
0.0128
0.9974
0.9748
0.0094
1
0.9952
0.9994
0.9958
0
0.9996
0.1924
0.9896
0.0302
0.999
0.9534
0.9974
0.9926
0.9918
0.9978
0.9998
0.9834
0.989
0.9792
0.9982
0.999
0.99
0.8528
0.5358
0.9982
0.0022
0.9996
0.999
0.9918
0.9978
0.9996
0.9806
1
0.9712
0.0136
0.4796
0.9882
0.9854
0.2596
1
0.9978
0.951
0.2752
0.9984
0.999
0.8928
0.0034
0.3834
2e-04
0.9916
0.98
0.9918
0.9874
0.9832
0.9792
0.9866
0.9772
0.9348
0.9904
0.7308
0.9852
0.9944
0.9898
0.8168
0.995
0.2206
0.189
0.9824
0.9908
0.9978
0.9984
0.9996
0.9998
0.9998
0.9896
0.9994
0.9898
2e-04
0.999
0.9746
0.9978
0.0206
0.0946
0.8258
0.1894
1
0.9954
0.9908
0.9848
0.9996
0.9976
0.9718
0.9906
0.999
0.9926
0.0494
1
0.9972
0.993
0.9594
0.8778
0.9962
0.937
0.9894
0.9678
0.9938
0.9994
0.9428
0.994
0.6358
0.999
1
0.993
0.367
0.027
0.9756
0.9676
0.8936
0.7386
0.9946
0.9996
0.9998
0.476
0.9896
0.9986
0.9314
0.958
0.9946
0.9998
0.9644
0.0432
0.6614
0.9842
0.999
0.0408
0.9998
0.9986
0.3962
0.9728
0.9686
0.9974
0.8718
0.9954
0.9988
0.9996
0.9996
0.9896
0.1954
0.9992
1
0.9962
0.2218
4e-04
0.989
0
1
0.9618
0.9408
0.9976
0.993
0.6026
0.218
0.932
0.991
0.0272
0.0034
0.0936
0.9794
0.9724
0.0054
0.9946
0.9964
0.9956
0.9292
0.9998
0.2464
0.9102
0.9964
0.5748
0.0848
0.2162
1
0.1672
0.9938
0.995
0.994
0.9466
0.9816
0.9844
0.9542
0.9942
0.8806
0.277
0.87
0.9818
0.9908
0.9766
0.0026
0.958
0.9996
0.9846
0.9988
0.8146
1
0.9896
0.9852
0.9994
0.7198
0.9974
1
0.9908
0.9364
0.9996
0.9644
0.9828
0.7936
0.9922
0.9996
0.9734
0.9978
0.9986
0.9748
0.9938
0.994
0.1172
0.9998
0.9998
0.9974
0.02
0.9984
0.9936
0.9506
0
0.9694
0.9988
0.9998
0.9938
0.6364
1
0.881
1
0.993
0.9884
0.986
0.9974
0.9992
1
0.9938
0.9584
1
0.95
1
0.978
0.8904
0.9996
0.9676
0.9996
0.133
0.9766
0.9936
0.9988
0.9984
0.9744
0.9944
0.705
0.9964
1
0.957
0.8444
0.995
0.987
0.1628
0.9784
0.9994
0.4204
0.9226
0.9412
0.9988
0.8216
0.9624
0.9202
0.9996
0.4228
0.9946
0.956
0.9998
0.9518
0.969
0.9776
0.991
0.0236
0.298
0.7272
0.88
0.8912
0.9862
0.915
0.9984
0.9334
0.9918
0.9864
0.9936
0.989
0.8306
0.9886
0.9902
0.977
0.9906
0.9976
0.9926
0.9676
0.978
0.9992
0.1526
0.1406
0.8404
0.9838
0.9946
0.988
0.9972
0.9984
0.9968
0.9976
0.968
0.9874
0.5254
0.9924
0.9998
0.9956
0.7948
1
0.9992
0.0212
0
1
0.9966
0.9724
0.9612
0.9922
0.9136
0.555
0.9134
1
0.9818
0.9962
0.988
0.997
0.9858
0.995
0.9908
0.9912
0.9964
0.837
0.652
0.9996
0.9988
8e-04
0.9898
0.8756
0.0052
0.8162
0.002
0.9846
0.0172
0.9964
0.512
0.798
0.989
0.9698
0.994
0.9906
0.994
0.9996
0.9952
0.9996
0
0.9758
0.983
0.9928
0.753
0.9994
0.9698
0.9996
0.9932
0.9994
0.9942
0.9996
0.5192
0.9956
0.0012
0.9954
0.9974
0.9442
0.6496
0.9942
0.9676
0.7318
0.9888
0.9996
0.9996
0.9996
0.9486
0.2132
0.3824
0.9868
0.5642
0.0062
0.002
0.9954
1
0.9988
0.9578
0.9964
1
0.9612
0.5578
0.0018
1
0.8388
0.978
2e-04
0.4364
0.998
0.9932
0.9982
0.9998
0.9866
0.9762
0.9802
0.9328
0.1692
0.9812
0.9938
0.9996
0.9952
0.9998
0.9636
0.792
0.998
0.98
0.3078
0.9928
0.9996
0.8426
0.0942
0.9968
0.9994
0.9982
0.9798
0.9978
1
0.9178
0.9914
0.0922
0.834
0.9734
0.9994
0.9678
0.9996
0.184
0.995
0.1926
0.9986
0.9988
0.9994
1
0.985
0.9998
0.991
0.6622
0.9618
0.0824
1
0.993
0.9914
0.9912
0.9944
0.9356
0.9908
0.9606
0.964
0.9988
1
0.934
0.997
0.999
0.998
0.99
0.9986
0.9994
0.0334
0.8822
0.9998
0.9936
0.998
0.9976
0.9938
0.9988
0.9874
0.9998
0.995
0.992
0.99
0.997
0.9988
0.9812
0.9964
0.9996
0.947
0.9966
0
0.9964
0.5294
0.998
0.8112
0.999
0.9724
0.9988
0.9924
0.9988
0.9998
0.4504
0.992
0.707
1
0.9992
0.998
0.9906
0.0052
0.979
0.9108
0.9182
0.999
0.9992
0.9994
0.992
0.9962
0.1724
0.8738
0.9978
0.9996
0.9712
0.9916
0.8614
0.973
0.9974
0.1372
0.2786
0.091
0.9796
0.7308
0.9994
