0.9954
0.9954
0.9982
0.9966
0.9968
0.9946
0.997
0.9936
0.995
0.9974
0.9918
0.996
0.9964
0.9882
0.9966
0.9974
0.9966
0.9942
0.996
0.9972
0.9928
0.9992
0.9994
0.9958
0.9984
0.9978
0.9758
0.9934
0.9896
0.997
1
0.9988
0.8378
0.9962
0.9942
0.9962
0.9808
0.996
0.9966
0.9922
0.9898
0.9978
0.9568
0.9932
0.9966
0.9946
0.993
0.9922
0.9974
0.9998
0.984
0.9922
0.9994
0.8578
0.99
0.9982
0.9718
0.9996
0.9994
0.9996
0.9978
0.999
0.9978
0.996
0.9992
0.9964
0.9916
0.994
0.9998
0.9968
0.9964
0.9998
0.999
0.9976
1
0.9968
0.9966
0
0.999
0.9994
0.9998
0.9994
0.4494
0.9896
1
0.9992
1
0.987
0.9986
0.9998
0.9934
0.9858
0.9996
0.9992
1
0.9982
0.3992
0.9996
0.9546
1
0.9992
1
0.9998
0.9994
1
1
1
0.9992
0.9998
1
0.9968
0.9986
0.9998
0.9958
0.9968
1
1
0.9984
0.958
0.9924
0.9984
0.9886
0.9954
0.873
0.9994
0.9946
0.997
0.9984
0.9994
0.9972
0.9972
0.995
0.9954
0.9886
0.9954
0.9938
0.9912
0.9884
0.9988
0.9958
0.9934
0.989
0.9946
0.9942
0.9984
0.9954
0.9976
0.996
0.9992
0.985
0.9972
0.9918
0.9952
0.9924
0.9852
0.9922
0.9932
0.9958
0.9906
0.9928
0.9924
0.991
8e-04
0.9236
0.0034
0.995
0.9608
0.9866
0.9982
0.9962
0.9844
0.9926
0.9966
0.9932
0.9982
0.9988
0.9952
0.9982
0.9842
0.991
0.0566
0.9504
0.998
0.9996
0.9956
0.9934
0.9974
0.9986
0.9972
0.9962
0.966
0.9986
0.9986
0.9962
0.9966
0.996
0.9852
0.9958
0.9932
0.9404
0.9992
0.989
0.9982
0.9882
0.9986
0.997
0.9904
0.9952
0.998
0.9908
0.9982
0.9964
0.9968
0.9944
0.9828
0.9826
0.9856
0.9986
0.9976
0.9884
0.9922
0.9974
0.995
0.995
0.9986
0.996
0.9982
0.9982
0.999
0.9944
0.9818
0.999
0.9994
0.9842
0.9962
0.9796
0.8666
0.9952
0.9958
0.996
0.9726
0.9904
0.9978
0.9972
0.9082
0.9972
0.9946
0.9976
0.9974
0.9948
0.9902
0.995
0.9906
0.9976
0.9922
0.9996
0.9944
0.996
0.9956
0.9984
0.9954
0.9932
0.9952
0.9882
0.996
0.9958
0.9968
0.9926
0.9846
0.9964
0.9932
0.991
0.997
0.9902
0.9962
0.9976
0.9944
0.997
0.9922
0.9944
0.9962
0.992
0.9868
0.9946
0.9618
0.9962
0.9958
0.9874
0.9916
0.994
0.9966
0.9954
0.9676
0.9952
0.8992
0.9954
0.9952
0.9972
0.9972
0.9928
0.9982
0.9976
0.9954
0.9964
0.9942
0.9972
0.9988
0.9608
0.995
0.9964
0.9968
0.9968
0.9942
0.9952
0.9986
0.9938
0.9966
0.9966
0.9942
0.9974
0.9972
0.998
0.9892
0.994
0.9982
0.9956
0.998
0.9976
0.9966
0.9934
0.9984
0.9974
0.997
0.9916
0.995
0.9974
0.9978
0.9994
0.9968
0.9982
0.9984
0.9966
0.9916
0.9936
0.9982
0.9968
0.9964
0.9942
0.996
0.9978
0.9968
0.9986
0.9944
0.9946
0.9926
0.9984
0.9964
0.9984
0.9988
0.9828
0.9986
0.9982
0.9814
0.998
0.9964
0.9954
0.998
0.9986
0.9984
0.9974
0.9978
0.9992
0.9976
0.9976
0.9982
0.9968
0.9852
0.9954
0.9798
0.9968
0.9902
0.9966
0.9914
0.9982
0.9964
0.6414
0.9946
0.9974
0.998
0.8412
0.996
0.9978
0.9992
0.9926
0.9978
0.9952
0.998
0.9868
0.9926
0.9938
0.9988
0.9952
0.9836
0.994
0.9992
0.9986
0.9972
0.9946
0.9872
0.9984
0.9956
0.9796
0.9942
0.9966
0.9962
0.9934
0.9962
0.993
0.9954
0.994
0.9866
0.9976
0.996
0.9966
0.9982
0.9982
0.991
0.9962
0.9986
0.9948
0.9956
0.9896
0.9974
0.987
0.9796
0.997
0.9898
0.9954
0.9928
0.995
0.9946
0.996
0.9946
0.99
0.9942
0.994
0.9948
0.9916
0.9952
0.9956
0.9948
0.9978
0.9978
0.9996
0.9942
0.9884
0.953
0.9986
0.9914
0.9962
0.9958
0.9992
0.9884
0.9918
0.995
0.9984
0.9964
0.9938
0.9976
0.9964
0.9978
0.994
0.9874
0.9964
0.9942
0.9988
0.9944
0.9882
0.991
0.9966
0.9976
0.9958
0.9864
0.9994
0.9878
0.9922
0.9986
0.9938
0.9972
0.9954
0.99
0.9892
0.993
0.9968
0.9972
0.9944
0.9958
0.9926
0.9964
0.9782
0.997
0.9956
0.9984
0.9968
0.99
0.9972
0.9962
0.9904
0.9974
0.9986
0.9988
0.9952
0.9978
0.9958
0.9984
0.9816
0.9978
0.9978
0.9986
0.9944
0.9922
0.9986
0.9984
0.998
0.9924
0.954
0.996
0.9938
0.9944
0.9974
0.983
0.998
0.9984
0.997
0.9564
0.996
0.9864
0.9958
0.9954
0.9988
0.9938
0.9378
0.9196
0.9902
0.997
0.9972
0.9722
0.9966
0.9992
0.998
0.9978
0.9762
0.9974
0.9954
0.9972
0.9992
0.997
0.9948
0.997
0.9852
0.9956
0.9026
0.9936
0.993
0.9964
0.9932
0.9896
0.9948
0.9972
0.9948
0.9934
0.9964
0.9968
0.9974
0.9898
0.9988
0.9992
0.997
0.9978
0.9928
0.99
0.9948
0.9984
0.9982
0.998
0.9984
0.9984
0.894
0.9984
0.9956
0.9962
0.9968
0.9962
0.9964
0.9972
0.9922
0.9954
0.9992
0.9978
0.9958
0.992
0.9118
0.9986
0.9988
0.995
0.987
0.9964
0.9956
0.9952
0.997
0.9964
0.996
0.9938
0.9886
0.9972
0.9958
0.9988
0.9964
0.7166
0.9966
0.9984
0.9964
0.9972
0.996
0.9968
0.9974
0.9928
0.9938
0.9952
0.9982
0.9948
0.9906
0.9992
0.997
0.9956
0.9922
0.998
0.9966
0.9986
0.9984
0.998
0.996
0.9956
0.9516
0.9988
0.9994
0.9988
0.9952
0.9868
0.979
0.9966
0.9968
0.9974
0.9948
0.9958
0.9922
0.9982
0.997
1
0.999
0.9974
0.997
0.9984
0.9986
0.997
0.9964
0.999
0.9996
0.9958
0.9088
0.9986
0.9964
0.9968
0.9948
0.9826
0.9942
0.9944
0.9946
0.9982
0.9926
1
0.9974
0.998
0.9998
0.9944
0.9976
0.9978
0.9976
0.9978
0.997
0.9982
0.9964
1
0.9946
0.9966
0.9942
0.9878
0.9996
0.9954
0.9962
0.9898
0.9934
0.9982
0.9908
0.9974
0.0406
0.9974
0.998
0.9998
0.9978
0.9966
0.9932
0.9944
0.9976
0.9748
0.9944
0.9954
0.998
0.9502
0.9946
0.9982
0.9966
0.796
0.9978
0.9966
1
0.9996
0.9996
0.999
0.9882
0.9946
0.9936
0.9984
0.982
1
0.9964
1
0.9984
0.9974
0.9642
0.9908
0.9964
0.9936
0.9984
0.9964
0.8314
0.9972
0.9966
0.9972
0.9922
0.1416
0.9972
0.9814
0.9952
0.9942
0.9974
0.9806
0.9978
0.9938
0.9964
0.874
0.99
0.9968
0.9896
0.9608
0.9954
0.9976
0.9962
0.9984
0.9974
0.995
0.9942
0.994
0.9994
0.9978
0.9978
0.9952
0.9858
0.9962
0.9842
0.9876
0.9938
0.9832
0.9886
0.9992
0.993
0.9986
0.9988
0.9962
0.9974
0.9982
0.9968
0.9974
0.9992
0.9952
0.99
0.8576
0.989
0.9984
0.9992
0.9888
0.9956
0.9984
0.9982
0.995
0.9972
0.9986
0.9992
0.9962
0.9622
0.9982
0.9962
0.9996
0.9968
0.9962
0.998
0.9944
0.9986
0.9976
0.9926
0.994
0.9968
0.9994
0.9982
0.9984
0.9962
0.9942
0.9992
0.9932
0.9956
0.9988
0.9962
0.9922
0.9982
0.9942
0.9978
0.998
0.9976
0.993
0.9986
0.993
0.9948
0.9966
0.9978
0.9986
0.9994
0.9994
0.9944
0.9976
0.998
0.999
0.998
0.9948
0.9966
0.981
0.998
0.9984
0.9978
0.9988
0.9918
0.9964
0.9986
0.9968
0.9952
0.9918
0.9998
0.9946
0.9898
0.9936
0.9866
0.9982
0.9996
0.996
0.9922
0.9854
0.9986
0.995
0.9994
0.9918
0.9974
0.9986
0.9954
0.9974
0.9988
0.9984
0.9992
0.998
0.9868
0.9984
0.999
0.9986
0.9976
0.999
0.9986
0.9982
0.9776
0.996
0.8382
0.9982
0.9972
0.9966
0.9998
0.9972
0.9954
0.9974
0.9958
0.9424
0.9642
0.9954
0.997
0.9956
0.999
0.997
0.9964
0.998
0.9976
0.995
0.9994
0.9972
0.9986
0.9944
0.9816
0.9992
0.9934
0.9986
0.9982
0.999
0.9952
0.9994
0.9942
0.995
0.999
0.9976
0.9936
0.9974
0.9898
0.9884
0.9962
0.9998
0.996
0.9978
0.9948
0.999
0.9972
0.9948
0.9988
0.9956
0.9938
0.9988
0.9986
0.9972
0.9982
0.9998
0.9944
0.9976
0.9978
0.9916
0.9996
0.998
0.9984
0.997
0.9948
0.9986
0.9972
0.9994
0.9952
0.9988
0.9924
0.9974
0.9716
0.9992
0.9984
0.9996
0.9956
0.9972
0.999
0.9986
0.9928
0.999
0.994
0.9912
1
0.9994
0.993
0.9982
0.998
0.948
0.9986
0.9968
0.9994
0.9984
0.9986
1
0.9994
0.9752
0.9968
0.995
0.9988
0.9946
0.9986
0.997
0.983
0.9986
0.988
0.999
0.9866
0.9996
0.9996
0.99
0.9972
0.9994
0.9994
0.9982
0.9968
0.9966
0.999
0.9984
0.9994
0.9928
0.9986
0.9984
0.7436
0.9958
0.9992
0.9976
0.9988
0.9998
0.9956
0.9482
0.9826
0.9978
0.9976
0.9986
0.9998
0.9982
0.9982
0.9942
0.9984
0.9998
0.9972
0.9958
0.998
0.998
0.9942
0.9992
0.983
0.9982
0.9996
0.9968
0.9994
0.9958
0.999
0.992
0.8886
0.9984
0.9976
0.9908
0.9994
0.9988
0.9988
0.934
0.9988
0.9954
0.9972
0.9906
0.9994
0.9976
1
0.995
0.9986
0.9764
0.996
0.997
0.9926
0.999
0.9994
0.9878
0.9994
0.9978
0.9944
0.998
0.9992
0.9988
0.9972
0.1962
0.0252
0.9986
0.9956
0.999
0.998
0.9874
0.995
0.9984
0.9976
0.9974
0.9994
0.999
0.9994
0.9972
0.9992
0.9968
0.9968
0.997
0.9942
0.9988
0.9968
0.9994
0.9978
0.9366
0.9902
0.9986
0.9946
0.9864
0.9992
0.996
0.9852
1
1
0.9984
0.9992
0.9988
0.08
0.9976
0.9932
0.9978
0.9958
0.9992
0.9998
0.9964
0.9966
0.0312
0.9868
0.9968
0.998
0.9946
0.9998
0.9872
0.9984
0.9984
1
0.9986
0.998
0.9962
0.9946
0.9976
0.9984
0.9978
0.9944
0.9978
0.999
0.998
0.993
0.9982
0.994
0.9918
0.9776
0.9994
0.9976
0.9994
0.9962
0.9984
0.9986
0.9986
0.6026
0.9988
0.9948
0.8236
0.9962
0.9942
0.9968
0.9902
0.9952
0.9958
0.999
0.9918
0.9974
0.9992
0.9988
0.9978
0.9918
0.9968
0.9996
0.9988
0.993
0.9828
0
0.9994
0.9976
0.9942
0.9958
0.9978
0.9992
0.9988
0.9992
0.9988
0.9954
0.988
0.9872
0.9996
0.988
0.9962
0.9994
0.9692
0.9992
0.9988
0.9916
1
0.9982
0.9998
0.9302
0.9996
0.993
0.9958
0.9994
0.9968
0.998
0.9986
0.999
0.9966
0.9834
0.994
0.9998
0.9984
1
0.9922
0.9912
0.9976
0.7632
0.9974
0.9922
0.9968
0.9998
0.9962
0.9998
1
0.9996
0.997
0.9948
0.9998
0.999
0.992
0.9996
0.9988
0.9984
0.9958
0.9012
0.9996
0.999
0.9916
0.9956
0.996
0.9998
0.9982
0.9956
0.9986
0.9998
0.9992
0.9974
0.996
0.9892
0.9998
0.9968
0.9992
0.999
0.9998
0.9944
0.9982
0.9986
0.9942
0.998
0.9944
0.9996
0.9952
0.999
0.9922
0.996
0.9914
0.999
0.9972
0.997
0.999
0.9972
0.996
0.9972
0.9988
0.9986
0.994
0.998
0.9942
0.999
0.9924
0.8386
0.9994
0.996
0.9926
0.995
0.994
0.9912
0.9986
0.9998
0.9884
0.9996
0.9958
0.9984
0.9976
0.9992
0.9992
0.9994
0.9958
0.9988
0.9946
0.999
0.999
0.9972
0.9522
0.9996
0.9958
0.9964
0.9994
0.9972
0.997
0.998
0.9972
0.9958
0.9942
0.9984
0.9998
0.9952
0.9992
0.9934
0.9984
0.9992
0.9966
0.9968
0.9994
0.9828
0.9976
0.9902
0.999
0.9972
0.9982
0.9974
0.9924
0.9968
0.9986
0.9984
0.9996
0.9982
0.9958
0.9994
0.9992
0.9958
0.9996
0.995
0.9964
1
0.9992
1
0.9998
0.9974
0.9942
