1
1
1
1
1
1
1
1
1
0.9974
1
1
1
0.9994
1
1
1
1
1
0.9994
1
1
1
0.3122
0.976
1
0.902
0.984
1
1
0.9998
1
0.9968
0.518
0.9998
1
0.817
1
0.9998
0.9932
1
1
1
0.9994
1
1
0.9998
1
1
1
0.9988
0.9208
1
0.421
1
1
1
1
1
1
1
1
1
1
1
1
0.9998
1
0.9998
1
1
1
1
1
1
1
1
0.9994
1
1
1
1
0.9974
0.941
1
0.9996
1
1
1
1
1
1
1
0.9992
1
1
1
1
0.9992
0.504
1
0.449
0.898
1
1
1
1
1
1
1
1
1
0.997
1
1
1
0.9998
0.6858
0.8062
1
1
0.0608
1
1
1
1
1
1
1
0.9052
0.9502
0.9992
1
1
1
1
1
1
0.997
0.9996
1
0.0374
0.9708
1
1
0.9996
0.3162
1
1
0.9998
1
1
0.9998
1
1
1
0.9996
0.9976
1
1
1
0.9996
0.3364
1
1
0.9998
1
0.9992
1
0.9928
1
1
1
0.9998
1
0.9996
0.9994
1
1
1
0.0604
0.9996
0.9828
0.9968
1
0.9998
1
1
0.834
1
0.9998
0.9996
1
0.9998
1
0.9998
1
1
1
0.9998
0.9808
0.9994
0.912
1
0.9992
0.9994
1
1
0.9996
0.9956
1
1
0.9956
0.9998
1
0.9998
0.9998
1
0.7502
1
0.9998
1
0.9994
1
0.972
0.9998
0.9978
1
0.9998
1
0.9986
0.999
0.2884
1
1
1
1
0.9962
1
1
0.9992
1
1
0.9998
1
1
1
0.9998
1
1
1
1
0.999
1
0.9998
0.9998
1
0.9998
0.9992
0.9998
1
1
0.9994
0.9924
1
0.1672
1
0.9972
0.9998
0.9996
0.0924
0.9966
0.9998
1
0.9998
0.9966
0.9974
0.9882
0.9998
0.9998
0.0622
1
0.9992
0.9992
0.7002
0.9856
0.9958
1
0.9698
1
1
1
1
0.7624
1
0.998
1
0.9984
1
1
1
0.9998
0.995
1
1
0.9998
1
0.026
0.9994
0.9896
1
0.6486
1
1
0.984
1
1
1
1
1
0.9998
0.9998
0.9742
1
0.9398
0.9998
1
0.9998
0.999
1
1
1
0.9994
0.9518
1
1
1
0.9998
0.9998
0.9994
1
1
0.0052
0.9098
0.9998
0.9994
0.9998
0.9998
0.9996
1
1
1
1
1
0.1462
1
0.1464
0.9992
1
1
1
1
1
1
1
1
0.9996
0.999
1
0.9998
1
1
0.9996
0.9988
0.7922
1
0.0192
0.9998
1
0.9998
0.9998
0.998
0.9942
0.4338
0.0422
0.9998
1
0.9992
1
0.9998
1
1
1
0.9998
0.9998
1
0.9992
0.7236
0.9742
0.8978
1
1
0.9998
1
1
1
0.9998
0.862
1
0.9998
1
1
1
1
0.9998
1
0.994
0.9458
1
0.9994
0.9994
0.9994
1
1
0.9994
0.9984
1
0.9974
1
1
0.9998
0.2946
0.9998
0.9998
0.9998
0.9648
1
1
1
1
1
0.9996
0.3718
0.9982
0.045
1
1
1
0.9998
1
1
0.9998
0.9882
0.9998
1
1
1
1
1
1
1
0.9998
1
1
1
1
1
0.9998
1
1
0.904
0.9996
0.9994
0.8852
1
1
1
1
1
0.9986
1
0.9994
1
0.9996
1
1
1
0.0638
1
1
1
1
1
0.9996
1
0.0822
0.9984
0.999
0.9998
0.9994
1
1
0.0628
0.6204
1
0.644
1
1
0.994
0.9996
0.9988
0.9998
1
1
0.9964
0.9558
0.9658
0.8548
0.994
1
0.9998
1
1
0.9978
0.9988
0.9998
1
1
0.9992
1
0.999
0.9966
0.0142
0.9992
1
0.9958
0.9188
0.9998
0.9376
0.9962
1
0.9998
1
0.9992
0.9984
1
1
1
1
0.995
0.702
0.9998
0.9994
1
0.9994
1
0.9998
0.9998
1
0.076
0.9986
0.43
1
1
0.9998
1
0.9998
1
1
1
0.9672
0.9968
1
1
1
0.9998
0.9998
0.9998
0.9992
1
1
1
1
1
1
1
0.9992
0.3508
0.9864
0.9994
0.9996
0.9996
0.0188
0.9996
1
1
0.0188
0.9918
0.9988
0.9998
0.9998
1
0.9992
1
1
1
0.9998
1
1
0.9986
0.9978
0.9962
0.0416
1
1
0.9936
0.999
0.9988
0.9998
0.9994
1
0.317
1
0.9286
1
1
0.9998
0.6166
0.588
1
1
1
0.2944
1
0.9996
1
0.0192
0.9988
1
0.999
1
0.9998
0.9982
1
1
0.053
1
1
0.9994
1
1
0.9918
1
1
0.9998
0.9998
0.9984
1
1
1
1
1
1
1
0.9998
0.9998
1
0.0078
1
0.9892
0.989
1
0.9998
1
0.9998
1
0.9996
0.1434
0.7702
0.9998
0.659
0.9998
1
0.9984
0.9996
1
1
1
0.9964
1
1
1
0.9998
0.999
1
0.999
1
0.9996
0.9658
1
0.4818
0.9828
0.9982
0.9984
0.9944
1
0.9998
1
0.9992
0.9998
1
0.7532
0.9426
1
0.9782
0.0458
0.9996
0.9998
1
0.9778
1
0.9968
0.9996
0.9906
1
1
0.0278
0.9632
0.9994
1
1
1
1
1
0.9998
1
0.9476
0.0728
1
1
1
0.997
0.9998
1
1
1
1
0.9988
0.9998
1
0.9998
1
0.997
0.9322
0.133
0.9994
1
0.9926
0.0818
0.9998
1
1
1
1
0.9998
1
0.9994
1
0.9998
0.9916
1
0.9994
0.9998
0.3902
0.9564
1
1
0.9998
0.9984
1
1
0.9996
1
0.9996
1
0.9998
0.9726
0.9996
0.9998
0.9298
0.9974
0.9994
1
1
0.9996
0.92
0.9998
1
0.1594
1
0.3574
1
0.999
0.9978
1
0.9936
1
0.9996
0.998
1
0.4694
0.9968
0.9998
1
0.6734
1
1
1
0.9926
0.068
1
0.8064
1
0.7604
0.9994
0.9926
0.9604
0.0712
1
0.6484
0.999
0.9998
1
0.0144
1
1
0.9988
0.5792
1
0.0802
1
1
0.4844
1
0.9996
1
0.9912
1
1
0.9986
1
0.9266
0.7222
1
0.9974
0.0214
1
0.9994
0.9994
1
0.9992
1
0.5624
0.9998
1
1
1
0.9522
0.9992
0.936
0.3094
0.948
1
0.998
1
0.1276
0.9956
0.9996
1
1
1
0.9998
0.9994
0.875
0.9996
1
1
0.9984
0.9998
0.9998
0.9996
0.122
0.7934
1
1
1
0.9944
1
0.9968
1
1
1
1
1
1
1
0.9914
1
0.999
1
1
0.9996
1
1
0.9994
1
1
0.9996
1
0.9998
1
1
1
0.0132
0.9994
0.997
1
1
1
1
0.9904
1
0.9998
0.9996
0.9994
0.3828
1
0.9996
0.1234
1
1
0.9988
0.9984
0.9982
0.2618
0.9998
0.0804
0.9994
1
0.0018
1
1
1
0.9998
0.9988
0.9994
0.997
0.9976
1
0.9994
0.083
1
0.029
0.9998
1
0.997
0.9998
0.9998
0.9994
0.9996
1
0.9998
0.9998
0.9994
0.9998
0.9994
0.9982
0.9878
0.9962
0.9992
1
1
1
1
1
0.9648
1
0.9966
1
1
1
0.0548
1
0.9998
0.9998
1
0.0538
1
0.9988
0.9996
0.9992
0.9994
0.9998
1
0.978
1
0.9804
0.0222
0.999
0.9984
1
0.999
0.9992
1
0.9946
0.9998
0.9272
0.9944
0.2512
0.9968
0.9992
0.9868
0.9962
0.9928
0.9988
1
0.9998
0.9968
1
0.9996
0.9978
0.9972
0.9998
0.1624
1
1
0.999
1
0.9998
0.9998
0.9886
0.4648
1
0.1748
0.9846
0.9742
0.9994
0.9998
0.9918
0.9974
0.999
0.5382
0.941
0.0018
0.969
1
1
1
0.9976
0.9724
1
0.5122
0.9988
0.9956
0.9532
0.999
0.9996
0.7802
0.9868
0.8932
0.9998
0.9904
0.9604
0.9996
0.9998
0.9884
0.9996
0.9964
0.1776
0.9994
0.9966
0.9822
0.0304
0.9998
0.7714
0.7042
0.9908
0.226
0.9978
1
0.999
0.9992
0.9988
0.999
0.9994
1
0.8332
0.1562
0.9938
0.0084
0.9988
0.9982
0.9996
0.6462
1
1
0.9998
0.9998
0.995
0.9992
0.9992
0.8094
0.9992
0.9274
0.1614
0.9968
0.792
1
0.9832
0.0032
1
0.9998
0.9974
0.9994
0.9998
0.0652
0.5876
0.943
0.9966
0.9998
0.9996
0.235
0.3542
0.9972
1
0.9984
0.7394
0.9992
1
0.9812
0.9952
1
0.9968
0.9998
1
0.9918
0.9988
1
0.9996
0.9244
0.9956
1
1
1
0.9992
0.5336
0.9994
0.1504
1
0.9962
0.9992
0.9928
0.999
0.9994
0.9976
0.9982
1
1
0.997
0.0184
0.1794
0.5288
0.9802
0.9996
0.999
0.9838
1
0.999
0.9998
0.9966
0.9972
1
0.1918
0.9996
0.0208
1
1
0.975
0.9928
1
0.997
0.9968
0.5504
0.998
0.991
0.997
1
0.999
0.9872
1
0.9982
0.9998
1
0.9988
0.9996
0.8382
1
1
0.993
1
0.999
0.0296
0.9972
0.9996
0.9972
0.997
0.9978
1
0.9588
0.9994
0.9964
0.9784
0.9992
0.9996
1
1
0.9994
0.9896
1
0.9996
0.9432
0.9968
0.9998
1
1
0.9136
0.9992
0.9988
1
0.9998
0.9916
0.0254
0.908
0.9974
1
0.0022
1
0.9994
0.9978
1
0.9876
0.9954
1
0.997
0.9992
0.9998
0.7958
1
1
0.9946
0.9996
1
0.9456
1
0.8752
0.0024
0.9998
0.9658
0.0074
0.9996
0.3018
0.9958
0.1922
0.9992
0.064
0.9934
0.9972
0.9962
0.9984
0.9716
1
1
0.9952
0.2498
0.998
0.999
0.9458
0.9998
0.9996
0.9954
0.9996
0.9992
0.365
0.9996
0.9074
0.9998
0.9828
0.9848
1
1
1
0.991
0.9994
0.006
0.9994
0.9998
1
0.9994
0.9996
0.9996
0.9992
0.99
0.999
0.8962
0.6648
1
1
0.9936
0.9988
0.999
1
0.9994
0.9982
0.9884
0.9986
1
0.9986
0.9998
0.9862
0.9948
1
0.9998
0.067
0.9978
1
0.9996
1
1
0.9958
0.9956
0.9996
0.009
1
0.9996
0.9962
1
1
0.9998
0.9998
0.9994
1
1
0.016
0.988
0.9734
0.9994
1
0.9946
0.9992
0.0236
0.9996
0.9998
0.9994
1
0.9968
0.006
0.633
0.9988
0.9998
0.0078
0.9992
0.0194
0.9994
0.9994
0.0246
0.0108
1
0.9996
0.9958
0.9966
0.9972
0.9966
0.9986
0.995
1
0.9994
0.9974
0.2994
1
1
0.043
0.9744
0.9998
1
0.8996
1
0.999
0.9992
1
0.9998
1
1
0.995
0.4254
0.9688
0.989
1
0.9996
0.9974
1
0.9976
0.9996
1
0.9998
0.9948
0.0116
0.0478
1
1
0.9998
0.9982
0.9996
1
0.9996
0.9974
0.9994
0.9998
1
0.9998
1
0.9998
1
1
1
1
1
1
0.9992
0
0.037
1
0.9966
0.9992
0.9992
1
0.9996
0.0806
1
1
0.9648
1
1
0.9898
0.981
0.9992
1
0.9996
0.997
0.9994
1
0.994
0.998
1
0.899
0.9974
1
0.9982
1
0.9996
0.9834
0.6844
0.9982
0.9998
1
1
0.998
0.997
0.9986
0.02
0.08
0.9988
0.995
0.9968
1
0.9798
0.9974
0.026
0.9982
0.9996
0.9998
0.9988
0.9994
0.9992
0.9984
1
1
0.7008
0.9978
0.698
0.9964
0.9998
0.9996
1
0.807
0.2538
0.9996
0.9998
1
0.9788
0.997
1
0.9978
0.9968
0.0492
1
1
1
1
1
0.9866
0.1574
1
0.9998
0.9994
1
0.9828
0.664
0.9994
0.999
0.9998
0.9656
0.0194
1
0.053
1
0.9988
1
0.9696
1
0.998
0.9218
1
0.9976
1
0.9924
1
1
0.9996
0.9996
0.9992
0.9994
0.9822
0.1246
1
1
1
0.0034
1
0.0034
0.9996
0.9994
0.052
1
0.9988
1
0.0136
0.484
0.9982
0.9994
0.9998
1
1
0.2542
0.9994
1
0.9738
0.999
0.3354
0.998
0.9998
0.9998
1
0.9998
0.8256
0.978
0.023
0.9982
0.9928
1
1
0.5634
0.9992
0.6338
0.9964
1
0.999
0.9394
0.9998
0.9992
1
0.995
0.77
0.9958
1
0.9994
1
0.1848
0.9982
0.045
0.0042
0.2606
0.9992
0.9984
0.964
0.9996
0.043
0.0032
0.0138
1
0.9992
0.9994
1
0.026
1
0.993
0.007
1
0.9464
0.0284
0.9976
0.9996
0.8574
1
0.9982
0.026
0.9982
0.9982
0.9058
1
0.999
0.9992
0.9978
0.9962
1
0.996
0.9992
0.0144
0.995
0.9992
0.9464
0.9948
0.9998
0.9896
0.0358
0.997
1
1
0.9992
0.9998
0.9994
0.9756
1
0.9998
0.6822
1
0.9996
0.9558
0.9994
0.9994
0.9984
0.9954
0.9922
1
1
0.996
1
0.9998
0.9792
0.0478
0.9914
0.9224
0.981
0.775
0.7968
0.9466
0.9996
0.9988
0.9992
0.0388
0.9986
0.9922
0.9962
1
0.9986
0.9302
1
1
0.9998
1
0.998
0.9982
0.0046
0.9998
0.9794
1
0.9998
0.9988
1
0.8104
0.0252
0.9998
0.0058
0.997
0.9998
0.9912
0.0058
1
0.917
0.999
1
0.9904
0.9998
1
0.9998
0.997
0.9956
1
1
1
0.9986
0.8188
0.7618
0.9806
0.969
1
0.9978
0.9966
0.0124
0.643
1
0.9908
0.9974
0.9926
0.9998
0.9996
1
0.9992
0.9998
0.9986
0.998
0.9458
0.9984
1
0.998
0.9986
0.9996
0.9998
0.06
0.9994
0.9998
0.9996
0.9758
0.9978
0.9982
0.3194
0.9994
0.9962
0.99
0.992
0.9986
0.0044
1
0.0224
0.9886
0.9998
0.9984
0.3374
1
0.9804
0.986
0.9898
0.9998
0.9882
1
0.96
0.1154
0.9992
0.0186
0.8906
0.5846
0.9998
0.0144
0.9988
0.9754
0.9994
0.3958
0.9836
0.9892
0.0196
0.9998
0.9996
0.971
0.9686
0.067
0.0054
0.9998
0.9998
0.011
0.9986
0.9696
0.8932
1
0.9126
0.965
1
1
0.8176
0.9998
0.5826
0.9918
0.9914
0.8306
0.9648
0.9994
0.826
0.9948
0.9896
0.9886
0.9754
1
0.9794
0.1296
0.9966
0.022
0.9996
0.9894
0.9734
1
0.9996
0.9846
0.9976
0.9972
0.9972
0.0192
0.999
0.9992
0.9998
1
0.5068
0.992
0.7254
0.984
0.997
1
0.9864
0.8024
1
1
0.9938
0.9764
0.458
0.9996
0.9786
0.9992
0.9802
0.997
0.88
0.9992
0.9826
0.9942
0.013
0.8646
0.9986
0.9874
0.768
0.937
0.005
0.9204
