1
1
0.9732
0.9896
1
1
1
0.9996
0.9992
0
0.2396
0.9984
0.9982
1
0.9448
0.9788
1
0.9992
1
1
0.9928
1
0.9886
0
0
0.9856
0
2e-04
1
1
0.0516
1
0.018
4e-04
1
0.4146
0
0.9656
1
0.3412
1
1
0.9984
0.0352
0.9954
0.9996
1
1
1
0.9752
1
0
0.9968
0
0.9328
1
0.9936
0.999
0.9332
0.997
1
0.9826
0.9984
0.9736
0.9974
1
1
0.8618
1
0.9306
0.9996
0.0624
0.9998
1
1
1
1
0.6972
0.996
0.9654
0.9998
0.0466
1
0
0.9994
0.005
0.9786
1
0.2866
1
0.0476
0.999
0.9924
0.9914
0.953
0.9968
1
0.9998
6e-04
0
0.9976
0
0
0.98
1
1
1
0.9894
0.002
1
0.997
0.9738
1
0.9946
0.9994
0.9994
1
0
0
1
1
0
0.9936
0.9998
0.9918
0.9352
0.545
1
0.0876
0
0
1
1
0.994
0.9962
0.1574
0.9778
1
0.0064
1
0.9286
0
0
1
1
1
0
0.9974
0.9978
1
0.9634
0.95
1
1
1
1
1
1
0.9944
0.9906
1
1
0
1
1
0.002
0.9868
1
0.9978
0.0404
1
0.9998
0.9378
1
0.0032
1
1
0.8892
1
0.9996
0
1
4e-04
0.0042
0.8196
1
0.9242
0.999
0
0.9144
1
1
0.9296
1
0.9998
1
0.9822
1
1
1
0.0034
0.0016
0
1
1
1
1
1
0.9914
0
0.9872
1
0
1
0.9998
1
1
0.2712
0
0.9996
1
1
1
1
6e-04
1
1
1
1
1
0.9988
1
6e-04
1
0.9972
1
1
1
1
0.9916
1
1
0.9996
0.9996
1
0.8288
1
0.9998
1
1
1
0.9214
1
1
1
1
1
1
1
1
1
1
1
1
0.9926
0
0.9896
2e-04
1
1
0
0.9944
1
1
0.239
1
1
1
1
1
2e-04
0.9994
1
1
1
0.1226
1
0.9998
1
1
1
1
1
0.0196
1
1
0.7356
1
1
1
0.9998
1
1
0.992
0.9938
1
1
0
1
1
1
0
1
4e-04
1
0.9966
1
0.9986
0.6776
0.9996
1
0.452
1
0.975
0
1
1
1
1
0.903
1
0.972
1
0.0382
1
0.9928
1
1
1
1
0.999
0.9998
0
0
1
0.9996
1
1
0.0178
1
1
1
1
0.7056
0
1
0
0.9896
1
1
1
1
1
1
1
1
1
1
0.9956
0.0178
1
1
1
1
0
1
0
1
0.0056
1
1
2e-04
1
0
0
1
1
0
1
1
0.9998
0.9988
1
1
1
1
1
2e-04
1
0
1
1
1
0.993
1
0.9994
1
0
1
1
1
1
1
1
1
1
1
4e-04
1
1
1
1
1
0.9996
1
1
1
1
0.0218
1
1
0
1
1
1
0.0828
0.9996
1
1
0.9948
1
1
0
0.0194
0
1
0.9984
0.9904
1
0.9644
1
1
1
1
0.664
1
1
0.9996
1
1
0.9998
0.9674
1
1
1
0.9984
1
0.9808
0.9634
1
0.0022
1
0.9996
0
1
1
0.9996
1
0.6452
0.2212
1
0.9998
1
1
1
1
1
0
0.9994
0.996
1
1
0.994
1
0.9992
2e-04
1
1
0
1
0.9808
0.9968
0.002
2e-04
1
0
1
1
0.008
1
1
0.9982
0.999
1
1
0
0.0026
0
0
1
0.9862
1
0.996
1
0.9894
1
1
1
1
1
0.422
1
0
1
0.897
1
0
1
0
0.0516
1
1
1
1
0.8806
1
1
1
1
0.0026
0.0082
1
1
0.9948
1
0.9946
1
1
0.9972
0
1
0
0.9998
1
1
0.9998
1
0.9762
1
1
0
1
1
1
0.9996
0.9908
0.9892
1
1
0.9982
1
1
1
0.992
1
1
1
0
0
0.0046
1
1
0
1
0.9466
1
0
0.9994
1
1
1
0.9998
0.9942
0.941
1
0.9852
1
0.9998
1
1
1
0.0042
0
0.995
0.8892
0
1
0.9966
1
1
1
0
1
0.0078
0.0432
1
1
0
0
0.211
1
1
0.001
1
1
1
0
1
0.9948
1
0.999
1
1
1
1
0
0.6952
0.2512
1
1
1
0.4154
1
1
1
1
1
1
1
1
1
1
1
0.0066
1
1
1
0
1
4e-04
1
1
1
1
1
0.9992
1
0
0
1
0
1
0.9946
0.0106
1
1
1
1
1
0.9864
1
0.9998
1
1
1
1
0.0212
1
0
1
4e-04
1
1
1
1
0.935
1
0.9972
1
1
1
0
0
1
0
0
1
0.0062
1
0
0.9998
0
1
2e-04
1
0.9712
0
0
1
1
1
0.9968
1
1
1
0.9998
0.9982
0
0.9526
1
1
1
0.9896
0.939
1
1
1
1
1
0.6408
1
0.998
0
4e-04
0
1
0.9916
1
0
1
1
1
0.9932
0.9922
1
1
1
0.9982
1
1
0.9954
1
1
0
0
1
1
1
0.0438
1
1
0.7158
0.9958
1
1
1
1
1
0.9888
0
0.0654
0.9998
0.9978
1
0.0186
8e-04
1
1
0
1
0
0.9924
1
1
1
0.0012
1
1
1
1
0
1
1
1
0
1
1
1
1
0
1
0
1
0
1
0
0
0
0.9998
0
1
1
1
0
1
1
1
0
0.9786
0
1
1
0
0.9784
1
1
2e-04
0.8736
1
1
1
0
8e-04
1
1
0
0.998
0.9998
1
1
0.9998
1
0
1
1
0.763
0.9994
0
1
0
0
0.0058
1
0.0126
1
0
0
1
0.9994
1
0.9996
1
0.8832
0
1
1
0.9784
0.0016
1
1
1
0
0
0.9998
1
1
2e-04
1
0.0042
1
0.999
1
1
0.9986
0.9674
0.9386
0
1
1
0.999
1
1
0.9996
0.9974
1
0.9828
1
0.8354
1
0.8198
0.9996
1
1
0
1
1
0.6848
1
0.997
1
8e-04
1
1
1
1
0
1
1
0
0.519
0.999
1
1
1
0
1
0
0.0038
1
0
0.9974
1
1
1
1
1
1
1
0.9982
1
0
1
0
1
1
1
1
1
1
1
1
0.5302
1
1
1
1
1
0
0
1
1
1
0.993
1
1
0
1
1
1
1
0.9968
0
0.9988
1
1
1
0
1
1
1
1
1
1
0.94
0
1
1
0
0.9998
1
1
1
1
0.1274
0.0492
1
0
1
0
0
1
1
1
1
1
1
1
1
0.9998
0.9684
1
1
0.9896
0
1
0.9964
1
1
1
1
1
1
1
1
0.0018
1
0.0034
0.0288
0.0384
1
1
1
1
0
0
1
1
0.9902
1
0
1
4e-04
1
1
0.0012
0.9994
1
0
0.9982
1
1
1
0.9996
1
0.9976
1
1
1
0
1
1
1
0
1
0
0
6e-04
0
0.0012
1
1
0.9916
0.3686
1
1
0.5588
0.0056
0
1
0
1
0.8644
1
1
1
1
1
1
1
1
1
1
1
0
0
1
1
0.987
0.0082
0
1
0.987
1
1
1
0
0
2e-04
1
1
1
2e-04
0
1
0.998
1
0.999
1
1
1
1
0.955
1
1
0.9986
1
1
0.9894
1
1
1
1
1
0.951
1
0
1
0
1
1
1
1
1
1
1
1
1
1
1
0
0
0
1
1
1
1
0.9574
1
0.9998
1
1
0.9998
2e-04
1
0
0.9996
0.9992
0.002
1
1
0.0132
1
0
1
0.9966
1
0.8538
0.9972
0.0014
0.9968
1
1
0.9972
1
1
4e-04
0.9988
1
0.0056
0.9998
1
0
1
1
1
1
1
1
1
1
1
1
1
1
1
0.5328
1
1
1
1
0.087
1
1
0.9658
1
1
1
1
0.9588
1
0
0
0
1
0.9578
0
0.9964
1
1
1
1
1
0.9076
1
1
1
0.0012
1
0.9974
1
1
1
1
0.9954
0.0234
0
0.9998
0.9302
0
1
0
1
0
1
0
1
0.7842
1
1
1
1
1
1
0
0.005
1
0.0012
0.9726
0.9998
0.991
1
1
0
1
0.0158
1
0.8226
1
0.9676
0.9312
0.9986
1
1
0
1
1
0.7584
1
1
1
1
1
1
0.5046
0
1
1
1
1
1
1
1
1
4e-04
1
1
1
1
0.0174
1
0.0212
8e-04
0
1
0.9996
1
1
1
1
1
1
0
1
1
2e-04
0.9722
1
1
1
0.9956
1
0.929
0
1
1
1
0.8918
1
1
0
1
1
1
0.885
1
0
4e-04
1
1
0
1
0
1
1
0
0
1
1
6e-04
1
1
1
1
1
0.9988
1
1
0
0.8406
0.9716
0
1
1
1
1
0.1068
1
1
0.7842
0.9998
1
0.9728
1
0
0
1
1
1
1
1
1
1
0.9112
0.006
1
0
0
1
0.9262
0.0232
1
1
1
1
1
1
1
1
1
1
1
1
0.99
1
1
0.9974
1
1
0
0
1
1
1
0.9998
1
1
1
1
0.9992
1
0.9984
1
1
4e-04
1
0.9996
1
1
1
0.9982
4e-04
1
0.0472
0
1
1
1
1
1
0.1718
0.9996
1
1
1
0.9494
1
1
1
0
0
1
1
1
1
1
1
0
1
1
1
1
1
1
1
0.9992
1
4e-04
1
0
0.0348
0.952
1
1
4e-04
0
1
1
0.9998
1
1
0.9998
1
1
0
0.9998
1
0.988
1
0.9994
1
0
1
1
1
0.9868
0.0618
1
0.4042
1
1
0.0634
0
0.9854
0
1
1
1
1
0.9654
1
1
1
1
1
1
1
0.957
1
0.9968
1
1
0
0.001
1
0.9986
1
0
1
0
1
1
0
0.9786
1
0.9988
0
0.0028
1
1
0.9998
0.013
1
0
1
0.9918
1
1
0
1
1
1
1
0.9996
0
1
0
1
0.0186
0.4674
1
0
1
0
1
1
1
0.2738
0.9996
0.9998
1
1
2e-04
1
1
1
1
0
1
0
0
0
1
1
2e-04
1
0
0
0
0.998
1
1
1
0
1
1
0
0.9884
1
0
1
1
0.0068
0.9888
1
0
1
0.9958
0.0034
0.9936
1
1
1
1
0.9992
1
1
0
1
1
0.411
1
0.986
1
0
6e-04
0.9994
1
1
0.0078
1
1
0.9998
1
0
0.9878
1
0.9998
1
0.6164
1
1
1
1
0.994
2e-04
1
0.9984
6e-04
0
1
1
1
0.9998
0.0546
1
0.0068
1
0.0016
0
1
1
1
1
1
1
1
0.9816
1
0.9986
1
1
0
1
1
0.986
1
1
0.9946
0.0122
0
1
0
1
0.9966
1
0
1
1
1
0.966
1
0.9972
0.7272
0.9946
0.1058
1
1
0.9952
1
1
4e-04
0.0088
0.986
0.045
1
1
1
0
6e-04
1
1
0.9982
1
1
1
0.9558
1
1
1
1
0
1
1
1
1
0.9682
1
0
1
0.9994
1
1
1
1
0
1
1
1
1
1
0
1
0
0.0022
1
1
0
1
1
1
1
1
1
0.9924
0.0128
0
1
0
1
0
1
0
1
1
1
0
1
0.0014
0
1
1
0.0016
1
0
0
1
0.9876
0
1
1
0
1
0.0012
4e-04
1
1
0
1
0
0.1016
1
1
1
1
1
1
1
1
1
1
1
0
1
0
1
1
1
1
1
1
1
1
1
0
1
0.9998
0.9998
1
0
1
0
0
1
1
1
1
1
0.2964
1
1
0
0.9922
1
1
1
1
1
0.998
1
1
0
1
1
1
1
1
0
1
