0
0
0
0
2e-04
0
0.0086
0
0
0
0
6e-04
0
0.0198
0
0
0
2e-04
0
0.0306
0
0.0404
0
0
0
0
0
0.0246
0
0
0
0
0.0082
0
0
0
0
0
0
0
0
0
0
0
2e-04
0
0
0
0.0548
2e-04
0
0
0
2e-04
0
0
0
0
2e-04
2e-04
0
0
2e-04
0
0
0
0
0
0.0052
0
0
0
0
0.0926
0
0
0
0
0
0
0
0
4e-04
0
0
0
0
0
0
0
0
8e-04
4e-04
0
0
0
0
0
0
0
2e-04
2e-04
0
0.1158
2e-04
0
0
0
0
0
0
0
0
0
0
0
0
8e-04
0
0
0
0.0012
0.3458
0
0
0
0
0
0
0
0.0108
0
0
0
0
0
0
0
0.007
0
0
0
0
0.1832
0
0
0
0
0
0
0.075
0
0
0
2e-04
0.2552
0
0
0
0
8e-04
2e-04
0
0
0
0
0
0.0014
0
4e-04
0
0
0
0
0
0.0016
0
0
0
2e-04
0
0
0
0
0.0022
0
0
0
0
2e-04
0
0.003
6e-04
0.0024
0
0.3936
0
0
0
0
0
0.0136
0
0
0
0
0
0
0
0.0288
0
0
0
0.0022
0.7066
2e-04
4e-04
0
0
0
8e-04
0
0
0
6e-04
0
2e-04
0
0
0
0
6e-04
