0.013
0.997
0.0048
0.764
0.9998
0
4e-04
0.9002
0.9978
0.2832
0
0.5246
0
2e-04
2e-04
0
0.599
0
2e-04
0.7712
0
2e-04
0
0.24
0.001
0.0556
0
0
0.1386
0.0066
0.471
0.0046
0
0
8e-04
0
0
0.0046
0
0.1642
0
0
0
2e-04
0
0
0.9934
0
0
0
4e-04
0
0.0142
0
0
0.7226
0
0
2e-04
0
0
0.0116
0
6e-04
0.0116
0.796
0
2e-04
0.0708
2e-04
0
0
0
0.0074
0
0.0378
2e-04
0.0132
8e-04
4e-04
0
0
0
0
0
0
0
0
0.6794
0
0
0
0.0088
0
0
0
0
0.371
0
0.0086
0
0.4582
0.492
0
0
0
0
0
0.015
0
0.7736
0
0.0422
0
0
0.497
2e-04
0.0068
2e-04
0.0024
0
0.4438
4e-04
0.8894
0
0
0
0.8576
0
0
0.0126
2e-04
0.4294
0.917
0
0.0192
0
0
0
0.0128
0
0
0
0
2e-04
0.1792
0
0.1288
0.0462
0.8976
0
0
0.999
0.5382
0.0914
0.2338
0.2174
0
0.0734
0
2e-04
0
4e-04
0.0638
0.4948
0
0
0
0
0.0056
0.049
0.9716
4e-04
0.3552
0.9928
0
2e-04
0
0.0018
0
0.4274
8e-04
0
0.2192
0.1752
2e-04
0.001
0
0.0834
0
0
0
0
0.3974
0
0
2e-04
0.0086
0
0
0
6e-04
0.003
0
0
0.0412
0.0404
0
0
0
0.0048
0
0
0.0048
0
0.0128
0.0646
0
0
0
0.053
0
0.2462
0.4964
0
0
0
0
0
0
0.0042
0
0.3622
0
0.0032
4e-04
0
0
6e-04
2e-04
8e-04
0
0
2e-04
0.0442
0.007
0
0
0
0
0
0
0.0014
0
0.001
0.6066
2e-04
0
0
0
0
0
0
0.0024
0.078
2e-04
0
0
0
0
0
0
0.0022
0
0
8e-04
0
0.0044
0
0.2396
0
0
0.993
0
0
0.0736
0
4e-04
0
0.002
0
0
0
0
0
0
0
0
0.207
0.0156
0
0
6e-04
0
0.037
0.048
0
0
0.107
0.7516
0
0
0.6016
0.1498
0
0
0
0
0
0.027
0
0
0.9962
0
0.0044
0
0.2992
0
0
0.0124
0.0038
0
0.9068
2e-04
0
0.0054
0
0
0
0
0
0.3404
0.1462
0
0
0
0
0.0372
0.0022
0.016
0
0
0.0152
0.005
0.0118
0.0858
0.0898
0
0.1168
8e-04
0.0166
0
0
2e-04
0
0
0
2e-04
0
0
0
0
0.0012
0
0.001
0
0
0
0.0018
0
0
0
0.0408
0.011
6e-04
0.0106
0
0
0
0
0
0
0
0.1438
0
0
0
0
2e-04
0.0332
0
0
0
0
0
0.0024
0
0
0
0
0
2e-04
0.0448
0
0
0
0
0.9666
0.0076
0.033
0
0
0
4e-04
0
0
0.0106
0.0166
0
0
0
0.0844
0
0
0.1138
0
0
0
0
0
0
4e-04
0
0
0.0746
0.1172
0
0
0
2e-04
0.0642
0.9216
0
0
0
2e-04
0.0038
0
6e-04
6e-04
0.8084
0
2e-04
0.8654
0.0732
0
0
2e-04
0
4e-04
0.4148
0
0
0
0
0
0
0.5292
0
0
0.8088
0
0
0
0
0.0098
0
0
0
0
0
0
0
0.002
0
0
0.001
0
2e-04
0
0
0.125
0.0028
0
0
0
0
2e-04
0
4e-04
0
0.0016
0
0
0.045
0
0.5986
0
0
0
0.0022
0
0
0
0.0022
0
0
0
0.0174
0
0.0204
2e-04
0.777
0.0096
0
0
0.0064
0
0
0
0.0046
0
0
0.1534
0
0.0556
0
0
0
0
0.0512
0
2e-04
0
0
0
0
0.0112
0
0
0
0
0.0026
0
0
0
0.009
0
4e-04
2e-04
0
0
0
0
0
0.0016
0
0.1752
4e-04
0
0
0.0022
0
0
0
0.8104
0
0.03
0
0.1318
0
0
0
0
0
0
0
0.009
0
0
0.9438
0
