4e-04
1
0.0088
0.0108
0.9952
1
0.0026
4e-04
6e-04
0.0026
0.7376
2e-04
8e-04
0
2e-04
1
0
1
2e-04
0.0176
0
0.0028
0.0032
0.9446
2e-04
4e-04
4e-04
0.001
0.97
1
0.9512
0
0.0016
1
0.001
0.017
4e-04
0
0.0012
0.0088
6e-04
0.1186
4e-04
2e-04
0
2e-04
0.9988
2e-04
1
1
0
2e-04
1
2e-04
2e-04
2e-04
8e-04
0.023
0.8204
0
0
0
6e-04
0
0.0014
4e-04
4e-04
0.9998
0.0014
0
0.099
0.0036
2e-04
0.9558
0.0436
0
6e-04
0.001
8e-04
0.0012
2e-04
0.9686
4e-04
6e-04
2e-04
6e-04
6e-04
2e-04
0.0014
0.002
0
0.9986
2e-04
0.0026
4e-04
2e-04
0.9928
0.0444
0
0
0.0052
0.7608
0.001
0.001
2e-04
1
4e-04
0.0026
0.0012
0.9294
0.9992
0.9996
2e-04
1
0.0014
0
0.0022
2e-04
0
1
0.3032
0.0014
0.0106
4e-04
0.0448
8e-04
0
2e-04
0
0
0.2778
0.0114
4e-04
0
0.0014
0.9108
1
0.597
2e-04
0.8816
0
0.0022
6e-04
1
2e-04
0
4e-04
0.0014
6e-04
0.0208
0.0012
0.7414
0.533
0.4748
0
0.0636
2e-04
0.051
0.0024
2e-04
1
0.933
2e-04
0.9968
0
8e-04
0
0.9986
0.0782
4e-04
0
2e-04
2e-04
0.0028
0.0144
0.9996
1
0.0044
0.4004
0.001
0
2e-04
4e-04
8e-04
0.9176
0.0018
0.001
2e-04
0
0.0038
0.0052
8e-04
8e-04
0.975
0.0114
0
4e-04
0.0018
0.0112
4e-04
2e-04
0.98
2e-04
0
0.0034
4e-04
4e-04
0.9998
0.003
0.0032
0.0022
4e-04
0.018
2e-04
0
8e-04
0
4e-04
4e-04
2e-04
0.0016
0.1648
0.9902
0
0.0174
4e-04
0
0.9998
1
2e-04
0
0
0.0392
0.998
0.0422
4e-04
0
0
0.8084
0.9786
2e-04
8e-04
0
0.0136
0
0.0038
2e-04
4e-04
0.0018
0.0014
2e-04
2e-04
4e-04
2e-04
0
6e-04
0
8e-04
0.1096
0.0022
0.0042
0
0.0014
4e-04
0
2e-04
0
4e-04
0.0018
0
0.001
4e-04
6e-04
1
0
0.0112
6e-04
0.0012
0.0054
0.0028
0
4e-04
0
0.0042
8e-04
0
0.9596
0.848
0.955
4e-04
0
0
2e-04
0
4e-04
6e-04
0
2e-04
0.1036
0.0016
0
0.1162
2e-04
8e-04
0.3724
0
0
0.8178
0
0.6286
2e-04
0
2e-04
0.005
6e-04
4e-04
0.002
2e-04
0
0
4e-04
0.0036
4e-04
0
0
4e-04
0
0
2e-04
0.9866
0.004
4e-04
8e-04
0
2e-04
0
6e-04
0
0.805
2e-04
0
2e-04
0.0012
4e-04
0
0.0012
4e-04
2e-04
2e-04
0
6e-04
2e-04
4e-04
0
2e-04
0
0
0
0.6232
0.0066
2e-04
0.001
0.0456
0.001
2e-04
0.163
0
0.9952
0.8508
8e-04
4e-04
2e-04
4e-04
2e-04
8e-04
6e-04
0.9998
0.9612
0
0.0042
8e-04
6e-04
6e-04
0
0
0.3458
2e-04
8e-04
0
0.0042
0
2e-04
4e-04
0
4e-04
0
0
2e-04
0.001
2e-04
0
0.0498
0
8e-04
2e-04
0.0036
6e-04
0.0022
0
0.0016
0
0.5258
2e-04
0
0
2e-04
0.0012
6e-04
0
8e-04
4e-04
0.0488
0.9962
0
0
0
8e-04
2e-04
0
0
0
4e-04
0.9984
0
2e-04
0.0056
0
6e-04
0.0016
0
4e-04
0.0042
0
0.6188
8e-04
4e-04
0
2e-04
0
0
2e-04
0.0116
0.0014
0
2e-04
2e-04
8e-04
2e-04
6e-04
6e-04
2e-04
0
0
0
0.0068
0.003
4e-04
0.0012
0.9772
4e-04
0
0
0
2e-04
8e-04
0.0118
2e-04
0
8e-04
0
2e-04
0.4974
2e-04
0.001
4e-04
4e-04
0.993
0.8642
0
0.0454
0.0266
2e-04
0.0026
4e-04
0
0
2e-04
0.0036
2e-04
0.977
0
0
4e-04
0.0024
0.096
6e-04
2e-04
1
2e-04
2e-04
0.0016
4e-04
0.801
0
0
2e-04
0.0236
6e-04
2e-04
8e-04
2e-04
4e-04
2e-04
0
0.066
2e-04
2e-04
6e-04
2e-04
0.001
4e-04
4e-04
4e-04
0.0012
0.4948
0
0.9812
0
0
0.001
0.002
0.5884
0
0
0
2e-04
0
0
0
2e-04
0.001
2e-04
0
0.0032
0.002
4e-04
2e-04
0
0.969
0
0.1978
0
0
0.0112
0.0064
0.0128
4e-04
0
0.0012
0.9966
2e-04
4e-04
6e-04
0
2e-04
2e-04
0
0
2e-04
0
2e-04
6e-04
0
2e-04
6e-04
6e-04
0
0.0048
0
0
0.0016
0.001
0
0.0282
0
0
0
0
4e-04
0.0016
2e-04
4e-04
2e-04
0
0
0
0
4e-04
0
0
2e-04
2e-04
0
6e-04
2e-04
4e-04
4e-04
2e-04
0
0
0
0
2e-04
0
0
2e-04
0
0
