0.277310924369748
0.00420168067226891
0.0228091236494598
0.0258103241296519
0.0162064825930372
0.0468187274909964
1
0.296518607442977
0.220288115246098
0.0528211284513806
0.0804321728691477
0.998799519807923
0.409963985594238
1
0.0168067226890756
0.0288115246098439
0.00240096038415366
0.00240096038415366
0.0324129651860744
0.999399759903962
0.00240096038415366
0.998799519807923
0.000600240096038415
0.0126050420168067
0.021608643457383
0.00300120048019208
0.00120048019207683
1
0.0108043217286915
0.0306122448979592
0.000600240096038415
0.418367346938776
1
0.216686674669868
0.00900360144057623
0.00360144057623049
0.0114045618247299
0.00840336134453781
0.335534213685474
0.0210084033613445
0.00660264105642257
0.00480192076830732
0.0078031212484994
0.105042016806723
0.96578631452581
0.0630252100840336
0.00960384153661465
0.00900360144057623
1
0.00840336134453781
0.00480192076830732
0.0102040816326531
0.00180072028811525
0.0222088835534214
0.0372148859543818
0.00600240096038415
0.0120048019207683
0.00480192076830732
0.024609843937575
0.00480192076830732
0.00420168067226891
0.0264105642256903
0.0150060024009604
0.0270108043217287
0.0078031212484994
0.0228091236494598
0.0678271308523409
0.214285714285714
1
0.0108043217286915
0.00660264105642257
0.0270108043217287
0.00420168067226891
1
0.0120048019207683
0.0132052821128451
0.0138055222088836
0.00180072028811525
0.0210084033613445
0.0168067226890756
0.0720288115246098
0.0102040816326531
0.90516206482593
0.00360144057623049
0.095438175270108
0.0150060024009604
0.0468187274909964
0.00420168067226891
0.0126050420168067
0.00960384153661465
0.0672268907563025
0.953781512605042
0.00720288115246098
0.00900360144057623
0.0540216086434574
0.0630252100840336
0.0198079231692677
0.0672268907563025
0.014405762304922
0.0360144057623049
0.0444177671068427
0.684873949579832
0.00360144057623049
1
0.865546218487395
0.00840336134453781
0.00720288115246098
0.00540216086434574
0.0132052821128451
0.0120048019207683
0.84093637454982
0.102641056422569
0.00360144057623049
0.0492196878751501
0.00660264105642257
0.00360144057623049
0.0234093637454982
0.833733493397359
0.021608643457383
0.0576230492196879
0.211884753901561
0.993997599039616
1
0.00540216086434574
0.00480192076830732
0.024609843937575
0.0198079231692677
0.00660264105642257
0.105642256902761
0.0180072028811525
1
0.776710684273709
0.0102040816326531
0.00480192076830732
0.00840336134453781
0.0354141656662665
0.00660264105642257
0.00900360144057623
0.998199279711885
0.0198079231692677
0.0294117647058824
0.0132052821128451
0.0138055222088836
1
0.0666266506602641
0.017406962785114
0.0132052821128451
0.0102040816326531
0.00720288115246098
0.109243697478992
1
0.0432172869147659
0.0204081632653061
0.0132052821128451
0.876350540216086
1
0.070828331332533
0.0744297719087635
0.00180072028811525
0.085234093637455
0.983793517406963
0.0126050420168067
0.113445378151261
0.00540216086434574
0.0180072028811525
0.00420168067226891
0.0138055222088836
0.996998799519808
0.130252100840336
0.972388955582233
0.0630252100840336
0.0402160864345738
0.112845138055222
0.0558223289315726
0.0732292917166867
0.983193277310924
0.0978391356542617
0.93577430972389
0.308523409363746
0.0930372148859544
0.0882352941176471
0.21608643457383
0.00900360144057623
0.0552220888355342
0.999399759903962
0.0078031212484994
0.0354141656662665
0.264105642256903
0.13625450180072
0.372148859543818
0.0114045618247299
0.999399759903962
0.0858343337334934
1
0.0426170468187275
1
0.0984393757503001
0.0078031212484994
0.0114045618247299
0.0948379351740696
0.0222088835534214
1
0.031812725090036
0.0234093637454982
0.0264105642256903
0.0846338535414166
0.932172869147659
0.0906362545018007
0.0864345738295318
1
0.0162064825930372
0.393157262905162
0.017406962785114
0.0546218487394958
1
0.0276110444177671
0.981992797118848
0.0612244897959184
0.0276110444177671
0.024609843937575
0.995198079231693
0.282112845138055
0.484393757503001
0.175870348139256
0.998199279711885
0.241296518607443
0.935174069627851
0.0420168067226891
0.0306122448979592
0.0408163265306122
0.639255702280912
0.825330132052821
