0.78031212484994
0.0102040816326531
0.17046818727491
0.0204081632653061
1
0.112244897959184
0.0588235294117647
0.578631452581032
0.0972388955582233
0.240096038415366
0.0876350540216086
0.0360144057623049
0.746698679471789
0.00120048019207683
0.00180072028811525
0.00300120048019208
0.0600240096038415
0.999399759903962
0.00180072028811525
0.0108043217286915
0.0450180072028812
0.00300120048019208
0.0078031212484994
0.996998799519808
0.00480192076830732
1
0.75750300120048
0.000600240096038415
0.00600240096038415
0.0426170468187275
0.014405762304922
0.130252100840336
0.0156062424969988
0.332533013205282
0.0324129651860744
0.0204081632653061
0.00120048019207683
0.86734693877551
0.0126050420168067
0.717286914765906
1
0.980792316926771
0.00360144057623049
0.267106842737095
0.754501800720288
0.0120048019207683
0.951980792316927
1
0.0162064825930372
0.0576230492196879
0.00540216086434574
0.053421368547419
0.00600240096038415
0
0.113445378151261
0.00120048019207683
1
0.00120048019207683
0.0768307322929172
0.00120048019207683
0.443577430972389
0.192076830732293
0.0960384153661465
0.00600240096038415
0.00300120048019208
0.00120048019207683
0.00420168067226891
0.0450180072028812
0.00120048019207683
0.261104441776711
0.156062424969988
1
0.981992797118848
1
0.0480192076830732
0.014405762304922
0.0960384153661465
0.00660264105642257
0.0228091236494598
0.0432172869147659
0.00420168067226891
0.0126050420168067
0.00180072028811525
0.0696278511404562
0.0498199279711885
0.078031212484994
0.0324129651860744
0.957983193277311
0.630252100840336
0.00960384153661465
0.00420168067226891
0.163265306122449
0.0078031212484994
0.0510204081632653
0.984393757503001
0.00480192076830732
0.122448979591837
0.00720288115246098
0.909963985594238
0.039015606242497
0.0102040816326531
0.247298919567827
0.00180072028811525
0.2046818727491
0.0756302521008403
0.352941176470588
0.0354141656662665
0.981392557022809
0.0120048019207683
0.212484993997599
1
0.00420168067226891
0.00300120048019208
0.112845138055222
0.00480192076830732
0.0960384153661465
0.178871548619448
0.00600240096038415
0.00300120048019208
0.00180072028811525
0.552220888355342
1
1
0.411764705882353
0.301320528211285
1
0.701080432172869
0.883553421368547
0.15546218487395
0.000600240096038415
1
0.00300120048019208
0.0078031212484994
0.604441776710684
0.0840336134453782
0.337935174069628
1
0.0162064825930372
0.00840336134453781
0.588235294117647
0.0102040816326531
0.0120048019207683
0.0324129651860744
0.00180072028811525
0.765906362545018
0.0102040816326531
0.0792316926770708
0.980792316926771
0.00840336134453781
0.024609843937575
0.014405762304922
0.885954381752701
0.248499399759904
0.486794717887155
0.91296518607443
0.91296518607443
0.0114045618247299
0.0168067226890756
0.00360144057623049
1
0.0078031212484994
0.00660264105642257
0.00480192076830732
0.0078031212484994
0.968187274909964
0.00720288115246098
0.00600240096038415
0.0294117647058824
0.0966386554621849
0.00660264105642257
0.0600240096038415
0.819327731092437
0.00900360144057623
0.00240096038415366
0.0900360144057623
0.480792316926771
0.0114045618247299
0.0762304921968787
0.0114045618247299
0.78031212484994
0.646458583433373
0.063625450180072
0.859543817527011
0.911764705882353
0.00420168067226891
0.00120048019207683
0.798319327731092
0.00360144057623049
0.0192076830732293
0.00900360144057623
0.0114045618247299
0.00360144057623049
0.145858343337335
0.00480192076830732
1
0.0180072028811525
0.981992797118848
0.0162064825930372
0.811524609843938
0.0204081632653061
0.0288115246098439
0.0120048019207683
0.178271308523409
0.128451380552221
0.627851140456183
0.939975990396158
1
0.046218487394958
0.0384153661464586
0.0138055222088836
1
0.0120048019207683
0.999399759903962
0.0768307322929172
0.0252100840336134
0.0222088835534214
0.965186074429772
0.0666266506602641
0.0432172869147659
0.389555822328932
0.222088835534214
0.0360144057623049
0.0684273709483793
0.972989195678271
0.00960384153661465
0.15546218487395
1
0.00900360144057623
0.999399759903962
0.0312124849939976
0.0348139255702281
0.00180072028811525
1
0.102040816326531
0.00540216086434574
0.00300120048019208
0.0558223289315726
0.999399759903962
0.00840336134453781
0.0510204081632653
0.0528211284513806
0.213685474189676
0.894357743097239
0.0972388955582233
0.226290516206483
0.161464585834334
0.0984393757503001
0.0126050420168067
0.13265306122449
0.00540216086434574
0.0720288115246098
0.95438175270108
0.99639855942377
0.000600240096038415
0.770108043217287
0.616446578631453
0.000600240096038415
0.0432172869147659
0.313925570228091
0.616446578631453
0.493997599039616
0.0660264105642257
0.0276110444177671
1
0.298319327731092
0.464585834333734
0.402761104441777
1
0.0846338535414166
0.0384153661464586
0.0402160864345738
0.00420168067226891
1
0.0150060024009604
0.017406962785114
0.00120048019207683
0.000600240096038415
0.310324129651861
0.0108043217286915
1
0.0240096038415366
0.135654261704682
1
0.103241296518607
0.945978391356543
0.0420168067226891
0.969387755102041
0.998799519807923
0.111644657863145
0.00600240096038415
0.103241296518607
0.743697478991597
0.104441776710684
0.0330132052821128
0.0894357743097239
0.105642256902761
0.00420168067226891
0.00720288115246098
0.189075630252101
0.0150060024009604
0.652460984393758
1
0.0198079231692677
0.024609843937575
0.177070828331333
0.962785114045618
0.695678271308523
0.993397358943577
0.999399759903962
0.021608643457383
0.264705882352941
0.0210084033613445
0.0486194477791116
0.0276110444177671
0.0324129651860744
0.00180072028811525
0.0114045618247299
0.974789915966387
0.256302521008403
0.980192076830732
0.00300120048019208
0.223289315726291
0.963985594237695
0.0426170468187275
0.00240096038415366
0.177671068427371
0.00120048019207683
0.00240096038415366
0.00300120048019208
0.0456182472989196
0.797118847539016
0.00540216086434574
0.0162064825930372
0.0576230492196879
0.017406962785114
0.000600240096038415
0
