0.0098
0.0134
0.8362
0.023
1
0.0744
1
0.0038
0.0034
0.02
0.01
0.0058
0.0048
1
1
0.0056
0.8068
0.0042
1
0.0032
0.0058
1
0.0106
0.023
0.004
0.0044
1
0.007
1
0.0074
1
0.0062
0.0046
0.0066
0.0048
0.0044
0.007
0.0084
0.016
1
0.0052
0.0088
0.07
0.0082
0.008
0.0164
0.0048
0.01
0.0072
0.0098
0.0056
0.0058
0.0234
1
0.9836
0.639
0.0044
0.0066
0.1044
0.0088
0.0048
0.0088
0.002
0.0046
0.009
0.005
1
0.0068
0.0042
0.0054
0.0362
0.0278
0.0086
0.0114
0.0046
0.0128
0.9972
0.003
0.0044
0.006
0.0038
0.0064
0.007
0.0102
0.0062
0.008
0.0038
1
0.0196
0.0132
1
0.0066
0.041
0.0098
0.0094
0.0154
1
0.0064
0.0114
0.0058
1
0.0058
1
0.0062
0.0032
1
1
1
0.0102
0.007
0.0096
0.016
0.0064
0.0066
0.0054
0.004
1
0.0064
0.007
0.0086
1
0.006
0.0092
0.9992
0.0184
1
1
1
0.0074
0.0064
0.0076
0.0222
0.0114
1
0.0052
0.0116
0.0366
1
0.0194
0.0116
0.006
0.0096
0.0048
0.0052
0.0096
0.0064
1
0.0076
1
0.013
0.0068
0.0082
0.0164
0.0066
0.0066
0.0106
1
0.2042
0.0084
0.0064
0.0072
0.011
0.011
0.0054
0.006
0.3204
0.0552
0.0052
0.0062
0.0108
0.005
0.008
0.0104
0.0092
0.681
1
0.006
0.0108
0.0052
0.0056
0.0062
0.0062
0.0078
0.0074
0.0046
1
0.0084
0.0146
0.02
0.005
0.0062
0.0088
0.0058
0.0094
0.014
0.0034
0.0048
0.0062
0.008
0.004
0.0068
0.9972
0.0186
0.007
1
1
0.005
1
0.0044
0.0226
0.0062
1
0.01
0.0046
1
1
0.0056
0.0078
0.0054
0.0128
0.0034
0.0056
0.0188
0.004
0.0036
0.0068
0.01
0.009
1
0.0054
0.0066
0.0026
0.014
0.0304
0.0104
0.9964
0.0032
0.0056
1
0.0048
0.0122
0.021
1
0.0238
0.0042
0.0286
0.0102
0.0102
1
0.933
0.0052
0.0066
0.0082
0.0054
1
1
0.005
0.0142
0.0266
0.0054
0.011
0.005
1
0.0068
0.005
0.0038
1
0.0068
0.0144
0.0052
1
0.005
0.0062
0.0122
0.011
0.0142
0.0074
1
0.0054
0.9768
0.0084
1
0.0042
0.986
0.4412
0.0082
0.0132
0.0054
0.0052
0.0042
0.619
1
1
0.0094
0.0068
0.0024
0.0046
0.0082
0.004
0.0056
0.0144
0.0124
1
0.0068
1
0.0044
1
0.046
1
0.0046
1
0.0046
0.0038
1
0.0066
0.0052
1
0.0056
0.0042
0.007
0.0048
1
0.006
0.023
0.0032
0.013
0.0156
0.0278
0.0088
0.0076
0.0046
0.0046
0.0086
0.0046
0.0112
0.015
0.0084
0.0046
0.0064
0.0052
0.005
1
0.0086
0.0048
1
0.0092
0.0068
0.0032
1
0.0518
0.0054
0.0152
1
0.0044
0.005
0.0046
0.008
0.0042
0.0314
0.0082
1
0.0076
1
0.0102
0.0108
0.0558
0.0328
0.0126
1
0.02
0.0058
0.0272
0.0096
1
0.0046
0.0052
0.0094
0.0048
0.0036
0.008
0.1178
0.0064
0.0334
0.0052
0.8022
1
0.006
0.0084
0.006
0.0072
0.0048
0.094
0.0064
1
0.226
1
1
0.0038
0.0048
0.0056
1
0.006
0.0064
0.0044
0.006
0.4806
0.004
0.0036
0.008
0.0058
0.004
1
0.0106
0.0084
0.0092
0.0062
1
0.0076
0.0252
1
1
0.0052
0.0224
0.0076
0.0092
0.0054
0.0064
0.004
0.1048
1
0.0052
1
0.0064
1
0.0032
0.0062
0.0034
0.0068
0.0062
0.0334
0.0076
1
1
0.0068
1
0.0126
0.005
0.0038
1
0.0046
0.0062
0.0052
0.0052
0.007
0.0058
1
1
0.0218
1
0.0054
0.0126
0.006
0.0288
1
0.0086
0.0062
0.013
0.0206
0.0052
0.013
0.0104
0.0046
0.0042
1
0.0042
0.0216
0.117
0.0718
0.0104
0.007
0.0084
0.004
0.0046
0.0066
0.094
0.0178
0.0094
1
1
1
0.0044
0.0072
1
0.0106
1
1
0.006
0.0086
0.0102
0.0116
1
0.0046
0.0076
1
1
0.0086
0.0042
1
0.0064
0.009
0.0062
0.005
0.0098
0.9682
0.0108
0.0098
0.0068
0.0052
0.0162
0.0072
0.4214
0.0076
0.0034
0.0118
0.0042
0.0034
0.0078
0.0164
0.1022
0.0078
