0.0222
0.0074
1
0.0056
1
0.0042
0.0028
0.0052
0.0022
0.004
0.0102
0.0018
0.0316
0.0128
0.0032
0.0054
0.0034
0.0046
0.0018
0.001
0.0028
1
0.005
0.0094
0.0036
0.0016
0.0158
8e-04
0.0128
0.0024
0.9768
0.001
0.0026
0.0034
0.0036
0.0138
0.0032
0.0022
4e-04
0.0012
0.002
0.0258
0.0012
0.0082
0.0184
1
0.013
0.0076
0.0188
0.0024
0.021
0.0034
6e-04
0.004
0.0052
0.009
0.0102
0.9928
0.0136
0.0264
0.0054
0.0018
0.018
0.03
0.0026
0.0252
0.0126
1
0.0028
0.9994
0.0108
0.001
0.0164
0.0022
0.0776
0.0136
0.2042
0.0106
0.006
0.0258
0.0242
0.005
0.0114
0.0014
0.0092
0.0172
6e-04
1
0.0084
0.298
0.0018
0.007
1
0.0012
1
1
0.002
0.0116
0.484
0.011
0.0152
6e-04
0.0096
0.001
0.004
0.0396
0.0122
0.0032
0.0076
0.0046
0.0016
0.004
8e-04
1
0.0092
0.0036
0.0028
0.0088
0.0084
0.065
0.0028
1
0.005
0.0254
0.001
0.0086
0.004
0.0022
0.0132
0.0012
0.0014
0.0026
0.0142
0.014
0.0016
0.0106
1
0.0192
0.0296
0.0046
1
0.001
8e-04
0.0064
0
0.001
4e-04
0.0016
0.0056
0.032
0.003
0.001
0.0012
0.0016
0.0168
0.001
0.0014
8e-04
0.034
0.0274
0.0034
0.0016
0.0016
0.0012
0.0012
0.0074
0.0016
0.001
0.001
0.0022
0.0028
0.0016
8e-04
0.001
0.0126
0.0128
0.0166
0.9998
0.0164
0.0086
0.0012
1
0.0026
0.0034
0.0046
1
0.0022
1
0.0014
0.002
6e-04
0.0064
0.001
0.0934
0.999
0.0044
1
0.0154
0.025
0.0242
0.2608
0.0062
0.0294
0.001
0.0296
0.002
0.028
0.0168
0.0024
0.0012
6e-04
1
0.0032
8e-04
0.0016
1
0.0144
0.0108
0.0202
4e-04
2e-04
8e-04
0.023
1
0.0016
6e-04
0.0272
0.0014
0.0102
0.0018
8e-04
0.0292
0.0022
0.0088
8e-04
8e-04
0.0022
0.0038
0.0176
0.0146
0.0016
0.008
0.0102
0.0016
0.0152
2e-04
2e-04
0.004
0.0012
1
0.001
0.02
0.0024
0.0396
0.0014
0.0012
0.0026
0.002
0.0158
0.002
1
2e-04
1
0.0012
0.0088
1
0.0016
1
0.001
0.0022
8e-04
1
0.001
0.0014
0.0016
8e-04
8e-04
0.001
0.0082
0.0016
0.0026
0.0048
0.0014
1
0.0012
0.0014
0.02
1
1
1
0.0058
1
0.0024
8e-04
6e-04
0.0022
0.0038
0.001
0.003
0.0024
2e-04
0.0022
0.007
1
1
0.003
0.0062
0.003
0.015
0.0014
0.004
1
4e-04
0.001
0.0014
0.0024
0.0016
0.0014
8e-04
0.0014
0.0014
0.0034
0.0028
0.001
0.0086
0.002
0.083
0.1382
1
0.0026
0.0044
4e-04
0.0088
8e-04
0.0184
0.0132
1
1
0.1492
1
0.0018
0.0162
0.0184
0.042
0.0178
0
1
6e-04
0.0018
0.0028
1
0.0104
0.0182
0.0148
0.0016
0.001
0.0038
0.0032
0.0082
0.0028
0.0036
0.5334
0.0192
0.0146
0.0142
1
0.021
0.0096
1
0.0018
0.0122
1
0.01
0.9376
0.0012
0.001
0.0116
6e-04
0.0144
0.9126
0.0072
0.0104
1
6e-04
0.0046
1
0.2572
0.0054
0.0024
0.0136
0.0104
0.002
6e-04
0
0.0148
4e-04
0.001
0.014
0.0076
0.0042
0.0136
0.0088
0.0112
4e-04
0.001
4e-04
0.011
8e-04
4e-04
0.002
0.0188
0.014
0.013
6e-04
0.0086
0.0012
0.0204
1
0.0018
4e-04
0.0128
0.0236
0.002
0.0148
1
1
0.003
0.0058
1
8e-04
0.005
6e-04
1
0.0128
8e-04
0.0016
0.012
1
0.6236
0.0022
0.0016
1
0.0258
0.0022
0.0012
0.0016
0.0014
1
4e-04
0.001
1
6e-04
8e-04
1
0.0258
1
0.0012
0.0022
4e-04
0.0018
0.0014
1
0.0016
0.0078
0.0132
0.0092
0.0012
1
0.001
0.4892
0.999
0.0194
1
6e-04
0.009
0.0154
0.012
0.0014
4e-04
0.0376
4e-04
0.0068
8e-04
0.0326
0.0022
0
1
2e-04
0.001
8e-04
0.0064
1
0.0036
0.0096
0.001
0.0156
0.9978
0.046
0.0022
0.0064
0.9998
0.0028
1
0.0026
0.0104
0.001
0.9526
0.0018
0.9052
0.0016
0.0014
0.0012
0.0074
0.0012
0.261
0.0026
8e-04
0.0026
0.002
0.0018
0.0026
0.0032
0.1426
0.012
0.0202
0.002
0.0176
0.0174
0.3156
2e-04
4e-04
2e-04
0.003
0.0118
0.0204
0.0272
0.0284
0.0012
6e-04
0.0026
0.0044
0.0164
0.0022
0.0132
1
4e-04
1
8e-04
0.0166
0.011
1
0.0242
0.0068
0.9872
6e-04
6e-04
0.0012
0.0082
0.0078
0.0014
1
0.001
0.005
6e-04
0.001
0.0128
0.0226
0.012
0.0048
0.002
0.002
0.0014
0.0138
0.003
0.001
0.0108
1
0.0108
0.0154
6e-04
0.0118
0.0026
0.0814
4e-04
0.0022
6e-04
0.2388
0.0012
4e-04
0.002
1
1
0.009
0.0012
0.5446
0.0022
1
6e-04
1
0.0012
0.944
0.0808
0.0018
0.0016
0.0018
0.0018
0.0166
0.0114
0.0072
0.0184
0.0476
1
0.0016
4e-04
0.0162
0.0494
4e-04
0.0016
0.001
8e-04
6e-04
4e-04
0.3
6e-04
0.0024
2e-04
0.0414
6e-04
8e-04
0.001
0.002
0.0258
6e-04
0.0012
0.0016
0.0078
0.0112
6e-04
1
1
8e-04
0.0146
0.0118
6e-04
0.001
1
0.0066
2e-04
1
0.6692
8e-04
0.0068
1
0.005
0.007
0.002
0.0136
1
0.0216
0.0156
0.002
0.0246
2e-04
0.0014
0.9994
1
0.0036
1
0.0018
6e-04
0.0026
6e-04
0.0118
4e-04
1
6e-04
8e-04
0.013
0.0112
0.0014
4e-04
4e-04
2e-04
6e-04
4e-04
0.0014
0.0022
2e-04
0.0052
0.8778
1
0.0016
0.0108
0.019
0.0168
0.9978
2e-04
2e-04
0.0022
0.0018
0.088
1
1
1
0.023
1
0.0014
0.0138
0.0366
0.014
0.9998
0.0018
6e-04
8e-04
0.0084
0.0016
0.0096
0.0054
0.0134
0.0234
0.9916
0.0012
1
1
1
0.0222
0.0136
0.9972
0.0012
1
0.005
0.7334
1
1
1
0.0012
0.0116
0.008
0.0014
1
0
0.0166
4e-04
8e-04
6e-04
0.0042
0.8608
1
1
0.0018
1
0.001
0.1054
0.012
0.0044
0.001
8e-04
2e-04
0
6e-04
0.0014
1
0.0096
6e-04
0.0016
1
1
0.0012
0.9986
0.9986
0.9326
0.0014
2e-04
0.0026
1
0.0102
6e-04
0.0012
