1
0
1
0
0.0038
4e-04
0
1
1
1
4e-04
0
2e-04
1
6e-04
0.0038
0.9954
0.005
1
2e-04
1
0.001
4e-04
0
0.0016
2e-04
4e-04
0
0.0024
0.0012
8e-04
0.9956
1
0
8e-04
2e-04
8e-04
6e-04
1
1
0.1006
0.001
4e-04
0
0
2e-04
0.0024
4e-04
6e-04
4e-04
0.002
0.0028
4e-04
0
1
0.0106
0.003
4e-04
8e-04
1
8e-04
4e-04
0
0.0012
0.0054
4e-04
0.001
1
4e-04
8e-04
0.0052
1
0.0186
4e-04
1
0
0.0054
0
0.0284
8e-04
1
0.9642
2e-04
0.0012
0.001
2e-04
0.0016
0.0012
1
0.0016
1
0.9944
8e-04
4e-04
0
2e-04
0.0012
4e-04
0.009
0.0034
0
0.0066
0.009
0
1
8e-04
0.0016
0.004
8e-04
1
0.0028
6e-04
1
0.0022
0.0024
6e-04
8e-04
0.0064
2e-04
0.0026
0.0192
8e-04
0.0016
0.0034
0.007
0.0012
0.158
1
2e-04
0
0.0056
2e-04
4e-04
8e-04
0.0108
0.0028
1
1
0.9882
1
0.0038
0.0016
0.001
0.003
8e-04
0.004
0.0042
1
0.9998
2e-04
1
1
0.001
6e-04
8e-04
8e-04
0.0016
0.001
1
1
0
1
4e-04
6e-04
0.0012
0.0094
8e-04
1
1
4e-04
0.0042
0.0018
1
8e-04
2e-04
0
6e-04
4e-04
0.001
1
2e-04
1
0
1
0.001
6e-04
0.0026
0
0.0028
6e-04
0.002
6e-04
0.0058
0.0032
1
0.0044
2e-04
1
4e-04
0.0208
0.0018
0.0216
1
1
4e-04
2e-04
0.0078
2e-04
4e-04
0.0042
0.0034
8e-04
8e-04
2e-04
1
0.0018
1
0.0028
0.4068
0.9942
2e-04
0.001
4e-04
0.0012
1
0.002
8e-04
0.0012
0.0016
1
6e-04
1
1
1
4e-04
4e-04
0
1
0.0312
0.001
4e-04
0.018
0
2e-04
8e-04
2e-04
0.0022
6e-04
2e-04
0.0038
2e-04
4e-04
2e-04
4e-04
1
1
1
6e-04
6e-04
1
0.0064
2e-04
0
6e-04
0.03
1
0.0022
2e-04
0
0.003
4e-04
0.0122
0.0034
1
0.0012
2e-04
8e-04
1
1
4e-04
8e-04
2e-04
0
4e-04
6e-04
0.0022
6e-04
0.0016
2e-04
1
4e-04
0.0194
0
0.0086
0.0032
8e-04
6e-04
2e-04
0
0.999
4e-04
0.0056
0.002
1
2e-04
2e-04
4e-04
4e-04
0
0.0014
1
6e-04
0.906
0.0148
1
0
1
2e-04
0
1
2e-04
6e-04
1
0.0018
2e-04
0
0.0046
2e-04
1
1
0.0024
0.0054
1
0.0102
0.0014
0.008
4e-04
0.0018
2e-04
1
0.016
0.4974
0.0032
0.0016
2e-04
2e-04
2e-04
4e-04
0
0
0.011
0.001
1
1
0.0012
0.0854
0.0114
2e-04
0
2e-04
1
0.0066
1
0.0026
2e-04
2e-04
1
2e-04
2e-04
0.0042
2e-04
0
1
0.0014
6e-04
0.001
1
1
0.0026
0
1
0.0022
1
0.0012
0.0076
1
0.0012
0.0012
0.0082
6e-04
6e-04
4e-04
0.0018
1
2e-04
0.0014
2e-04
0.001
2e-04
0.0022
1
0.0012
4e-04
0
6e-04
2e-04
0.0424
0.001
2e-04
0.0012
0
4e-04
2e-04
0
2e-04
6e-04
0.0018
0
0.001
4e-04
0.0024
0
2e-04
4e-04
0
1
1
1
4e-04
0.0406
1
1
2e-04
6e-04
0.001
1
1
4e-04
0
0
0
6e-04
0.0028
1
6e-04
1
0.0012
1
2e-04
0
0.002
0
2e-04
1
0.9702
1
2e-04
0.002
8e-04
0.0086
0.0442
0.4118
0
0.27
0.0014
0
0.0034
0.0026
0
1
2e-04
1
4e-04
2e-04
0
2e-04
8e-04
0
0.0012
0.0018
0.0012
0
0.0074
0.0014
2e-04
0.0018
1
0.0012
8e-04
0.0018
0.0374
0.0044
1
0
2e-04
2e-04
0.0052
0.6796
2e-04
0
2e-04
6e-04
0.001
0.0106
0.0052
0.0076
0.002
6e-04
1
0.0074
0.0048
4e-04
0.9924
0.0018
0
2e-04
1
0.0012
0.0044
2e-04
8e-04
0.0014
8e-04
0
6e-04
2e-04
1
2e-04
0
2e-04
0
2e-04
0
0.0114
0.002
0.0962
0.0016
6e-04
2e-04
1
0.0108
0.0018
2e-04
0.0062
0.001
0.0026
4e-04
2e-04
2e-04
2e-04
2e-04
0.0054
0.231
1
0
1
0
0
1
1
4e-04
0
8e-04
1
0.0026
8e-04
2e-04
0
0.0024
6e-04
1
4e-04
0
0
4e-04
2e-04
1
1
2e-04
1
1
0.0034
6e-04
0
8e-04
8e-04
8e-04
2e-04
1
0.0018
1
0
1
4e-04
1
0
0.9918
2e-04
1
1
4e-04
8e-04
0.003
6e-04
6e-04
4e-04
1
4e-04
2e-04
2e-04
4e-04
0
1
0
1
1
1
2e-04
2e-04
0.0056
4e-04
1
4e-04
1
1
1
4e-04
6e-04
2e-04
0.004
0.9478
2e-04
1
0.001
6e-04
1
1
1
8e-04
1
1
0.0162
0
0.0124
2e-04
0.0012
0.0018
0.0026
1
4e-04
0.0026
1
0.001
6e-04
0.002
0
2e-04
4e-04
1
2e-04
0.0312
8e-04
1
0.001
0.026
0.9484
0
0
0.0052
0
2e-04
0.0012
0.9998
0.0144
0.0028
4e-04
2e-04
4e-04
2e-04
8e-04
1
0
0.0016
1
8e-04
0.0012
8e-04
0.0014
6e-04
0
1
1
6e-04
0.0036
0.0078
1
0.001
4e-04
1
1
6e-04
0
2e-04
4e-04
2e-04
0
0
1
2e-04
1
4e-04
0
2e-04
0
0.886
2e-04
1
0.0018
0.0018
2e-04
1
1
1
4e-04
0.001
1
1
1
0
2e-04
8e-04
1
0
2e-04
6e-04
0
0.2514
4e-04
2e-04
1
