1
0.0012
0.0026
0
0.8982
6e-04
0.9906
1
8e-04
0
2e-04
1
1
0.006
0.0016
0.0034
0.0012
0.2354
4e-04
0
2e-04
0.0022
0.0044
8e-04
0.9362
0.6036
0
8e-04
0.997
4e-04
0.001
4e-04
1
0.0024
6e-04
0.0042
0.0026
0
4e-04
0
1
2e-04
1
1
0.0022
1
0.0072
0.0434
0.0012
8e-04
1
2e-04
0
4e-04
1
0.0048
0.001
2e-04
0.001
1
0.0022
0.0026
4e-04
4e-04
2e-04
0
0
1
1
0.005
1
2e-04
0.8768
8e-04
0.0022
1
1
0.0028
6e-04
0.1736
0.0048
0.1454
6e-04
2e-04
0.001
2e-04
0.001
0.0016
2e-04
0.0012
8e-04
1
1
0.002
6e-04
0.0022
0.0016
0.0018
0
1
0.0196
0.2402
0.0074
8e-04
2e-04
0
6e-04
6e-04
0.0072
0.0016
0.0014
0.007
0.0022
0.0022
0.0014
0.4808
4e-04
0.002
1
0.0038
0.047
0.0018
0
0.521
0.0024
0.9924
2e-04
0.001
0.001
4e-04
0.0012
0.0024
0
0.001
0.0018
8e-04
0.001
2e-04
0.0148
0.0104
1
0.002
0.9998
0.0044
0.0014
0.0038
4e-04
0.006
0.0022
0.0026
8e-04
0.002
1
0.0016
0
1
0.0084
0.0202
6e-04
0.001
0.0046
0.0144
0.0036
0.004
0.0042
0.0038
0.0094
0.1
2e-04
1
0.0098
1
2e-04
2e-04
0.0134
0.001
1
0
1
4e-04
4e-04
1
0.0254
1
6e-04
0.001
4e-04
6e-04
0.0278
8e-04
0.0016
0.007
8e-04
6e-04
1
6e-04
1
1
2e-04
0.0328
1
1
1
1
6e-04
8e-04
4e-04
1
6e-04
1
0.0044
0.4668
0.1884
6e-04
0.0028
0.0018
6e-04
0.0042
0.0014
0.0016
4e-04
4e-04
0.0024
0.0018
0.2786
0.0016
0.0042
0
1
0.0058
1
0.0024
0.0828
0.0028
0.003
1
0.001
0.0028
1
0.0862
0.0016
0
6e-04
0.0014
2e-04
8e-04
0.809
1
1
4e-04
4e-04
0.0064
0.001
2e-04
0
0.018
1
0.1764
0.0076
0
1
4e-04
0.002
0.0068
0.001
6e-04
0
8e-04
4e-04
1
0.004
1
1
0.0202
2e-04
1
6e-04
0.0014
1
8e-04
8e-04
0.01
0.0022
0.0182
1
2e-04
1
0.0296
0.0086
0.0044
0.0026
6e-04
0.0046
2e-04
0.0012
1
1
1
1
8e-04
6e-04
4e-04
0.0038
6e-04
8e-04
4e-04
0.0024
0.001
0.001
0.1548
4e-04
0.011
1
0
6e-04
2e-04
1
0.0128
0.0012
6e-04
4e-04
0.0032
2e-04
0
0.005
6e-04
0.0034
1
0.0028
4e-04
1
0.0028
0.0486
4e-04
1
0.0476
6e-04
0.0122
1
0.9868
1
2e-04
0.0072
0.027
0.0012
1
1
0.0124
0.0012
1
0.0074
6e-04
0.022
0.0542
0.0018
2e-04
0.0056
1
6e-04
0.0434
1
0.0014
1
8e-04
0.0038
0.0024
2e-04
0.0032
0.0114
0.006
2e-04
0.0076
0.001
1
0.0012
0.0016
8e-04
4e-04
0.0014
1
1
0.0056
1
6e-04
0.002
0.0022
8e-04
0.0032
0.0096
8e-04
1
1
0.0024
0.0056
0
0.001
0.0016
0.0372
6e-04
0.0056
0.0026
0.0082
1
1
1
0.9998
0.0022
8e-04
1
0
0.09
0.0014
1
0.0062
0.0058
0.0256
0.0026
0.035
0.0046
1
0
1
0.0012
1
0.0122
0.0328
1
1
0.0156
0.0038
0.0048
0.4398
2e-04
0.0044
0.0012
0.4614
1
8e-04
0.0068
4e-04
0.003
0.999
0.0062
1
1
0.9998
0.0322
0
0.0014
1
0.0112
0
1
0.0174
0.0032
0.0014
0.003
0.0398
0.0018
2e-04
0.034
1
0.0204
0.0046
0.0302
2e-04
0.0046
4e-04
0.002
2e-04
2e-04
0.99
0.0074
0.0422
1
1
0.1214
1
0.0284
0.0056
1
4e-04
0.0028
0.0714
0.0026
0.0066
1
1
0.002
0.006
0.0032
1
1
0.0016
1
0.0028
2e-04
0.9754
0.0038
0.0016
0.0034
0.0028
0
0.016
6e-04
4e-04
0.0022
6e-04
0.0078
0.0014
0.252
0.0164
0.0014
0.0066
0.001
1
0.0038
1
1
0.0404
0.0042
1
0.002
0.003
1
0.0022
0.0076
0.004
0.0058
0.9982
1
1
0.002
1
0.0014
0.9892
8e-04
6e-04
4e-04
0.0046
4e-04
2e-04
0
0.005
0.0022
2e-04
0.0012
0.0038
0.0024
0.0028
1
2e-04
0.0052
0.0036
0.001
0.0024
0.0122
1
1
0.0044
0.642
0.0052
0.0032
0.0026
0.0016
0.02
0.1168
0.0014
0.1108
0.0026
0.044
0.0016
0.002
0.0062
0.0032
0.001
0.0018
1
0.0012
4e-04
1
0.0046
0.0038
0.001
1
0.0022
0.0214
0
0.0042
6e-04
1
0.0146
6e-04
1
1
0.0038
0.0012
0.007
0.0016
2e-04
1
0.0124
2e-04
0.0034
0.006
0
0.002
0.013
2e-04
8e-04
0.0028
6e-04
1
0.0066
0.001
1
0.0064
0.0086
0.435
0.8992
1
0.0268
0.3366
2e-04
0.0038
1
0.0038
0.0052
1
0.0026
1
2e-04
0.0014
0.0012
1
1
0.007
0.0014
0.0092
0.0022
0.0062
8e-04
2e-04
0.0064
0.5616
0.0056
0.0032
0.0014
0.0044
6e-04
0.0014
0.9978
0.0348
0.0022
1
0.001
0.0026
4e-04
1
4e-04
0.005
0.0012
0.002
0.0064
0.0014
0.0012
0.2212
0.0096
2e-04
1
1
1
6e-04
1
2e-04
2e-04
0.0076
0.0012
0.0148
0.988
1
1
1
6e-04
8e-04
6e-04
0.0024
0.0046
1
0.0026
0.01
0.0014
0.0024
8e-04
0.0014
1
6e-04
0.001
1
0.0074
1
0.0032
0.001
1
1
1
0.0012
8e-04
8e-04
1
0.8624
1
4e-04
2e-04
0.002
1
1
2e-04
0.022
0.0014
0.0144
1
0.0222
0.003
2e-04
0.0028
0
0.002
0.0048
0.0022
0.0016
0.0012
2e-04
0.0022
1
4e-04
0.0012
2e-04
0.0052
1
0.0026
0.9996
4e-04
0.0036
1
4e-04
2e-04
0.0018
2e-04
0.4954
8e-04
6e-04
0.0012
0.3484
0.001
0.0022
1
8e-04
1
0.0016
0.005
0.0032
6e-04
0.7472
0.0028
8e-04
1
0.0024
0.0014
1
6e-04
1
0.0034
4e-04
1
0.0032
8e-04
0.0044
0.0048
2e-04
4e-04
1
0
0.0016
0.9534
0.0028
1
4e-04
0.0056
2e-04
1
1
0.0018
0.0046
0.0042
1
0.0024
1
0.005
1
0.9996
1
1
1
0
8e-04
6e-04
1
2e-04
8e-04
0.0056
1
4e-04
1
0.0126
0.0022
8e-04
1
0.0056
0.0152
0.0036
4e-04
0.0226
0.002
0.0096
0.0104
1
0.01
1
8e-04
0.0124
2e-04
0.903
2e-04
0.0046
0.0016
0.0098
1
1
1
0.4662
2e-04
1
8e-04
1
0.0014
1
0
1
0.0022
0.001
0.0014
1
0.0026
1
0.7502
0.2688
6e-04
0.0012
1
0.0114
1
0.004
8e-04
0.0926
6e-04
0.0164
0.0012
0.0024
0.0066
1
1
1
6e-04
0.0234
0.0014
1
8e-04
0.003
0.0042
0.0034
2e-04
0.0026
0.0604
0.0012
1
1
0.0096
0.0036
1
0.0046
0.002
0.0058
8e-04
0.0042
0.009
0.0016
4e-04
0.0016
0.0212
0.0068
0.0076
0.0072
0.0096
8e-04
0.0016
0.1026
4e-04
0.0014
0.0104
1
0.0044
1
1
6e-04
0.0428
0.003
0.004
0.9994
0.002
0.0048
0.0076
0.003
0.0024
0.1054
2e-04
0.0076
1
0.1842
1
2e-04
0.3038
0.0014
0.001
0.0036
1
0.0012
0.0084
0.0046
0.8886
4e-04
0.1072
4e-04
0.1182
0.001
0.0012
2e-04
0.008
0.0016
1
4e-04
4e-04
1
1
1
0.9914
0.0034
4e-04
2e-04
0.0024
1
0.0026
0.002
4e-04
0.0112
0.9904
1
0.0036
0.0018
1
1
0.0122
0.1116
0.0092
2e-04
2e-04
1
2e-04
0.9986
8e-04
2e-04
1
2e-04
0.001
1
1
2e-04
0.0368
8e-04
0.0124
1
0.004
0.0018
6e-04
0.0046
1
0.0012
0.0048
0.0036
0.0086
1
0.002
2e-04
1
0.0042
1
0.001
1
0.283
1
0.0124
0.0068
1
0.0324
0.0012
0.0022
0.9272
1
1
1
2e-04
0.0102
2e-04
0.0022
6e-04
8e-04
0.0206
0.1566
0.0014
0.009
6e-04
1
0.0018
1
0.0028
0.0036
0.0048
1
1
0.0072
0.0024
0.0014
0.579
0.0014
0.0498
1
1
0.001
0.0016
0.004
1
0.032
6e-04
1
4e-04
0.9718
0.0338
0.0038
6e-04
8e-04
1
0.0112
8e-04
0.0044
1
0.0014
0.1306
2e-04
1
0.0076
0.0022
2e-04
0.0158
0.0022
0.0012
1
1
0.0044
0.0198
0.0018
0.0012
0.9544
8e-04
0.0306
1
2e-04
0.0184
0.0036
1
0.0098
0.0012
0.001
0.0194
1
1
0.0016
1
6e-04
0.0254
1
0.002
0.0024
2e-04
0
0.0046
6e-04
1
0.0416
8e-04
0.0024
0.003
0.0024
1
2e-04
0.0338
1
0.0016
0.0138
0.0062
0.001
0.0016
0
2e-04
0.003
0.0014
0.0136
0.0034
0.0018
0.004
0
0.0022
1
1
0
0.0014
1
0.0028
0.0046
0.0036
8e-04
1
0.0026
0.2582
0.004
0.0028
0
0.004
0.0042
0.999
0.0016
0.0034
4e-04
4e-04
1
0.006
0.003
0.0016
0.0272
0.003
1
0.0014
0.1054
0.0032
4e-04
0.018
1
1
0.001
2e-04
1
0.004
0.0046
0.001
1
0.0022
0.0016
1
6e-04
0.0102
0.0018
0.0024
0.5636
0.0016
1
0.009
0.0274
0.0024
0.0232
0.0034
0.0034
0.0024
0.0126
2e-04
0.002
1
0.0184
0.152
0.6532
0.002
1
0.0014
1
1
0.2778
0.3816
6e-04
8e-04
1
6e-04
1
0.0024
0.019
8e-04
0.0036
1
8e-04
0.0068
0.0014
1
0
0.0028
0.001
0.0038
0.0022
0.0012
0.025
2e-04
0.0018
6e-04
0.003
0.008
8e-04
0.0034
0.0126
0.0126
0.0018
0.0016
0.0024
0.0064
2e-04
0.0048
0.004
0.9996
0.0024
1
0.9084
0.0118
4e-04
0.0014
0.0058
1
8e-04
0.0046
1
0.9738
0
0.0044
0.0072
2e-04
6e-04
1
1
6e-04
0.0018
0.0126
0.0028
0.018
0.0078
2e-04
0.0022
1
0.0026
1
0.0014
0.0174
0.0016
0.008
1
0.066
0.0016
0.0034
0.0166
0.0022
4e-04
0.013
0.0012
1
0.0038
6e-04
0.0266
1
1
0.0024
1
0.0078
1
0.001
0.0152
1
1
1
1
0.016
0.0024
1
0.0028
1
1
0
0.0164
0.006
0.0076
0.0038
1
0.0032
2e-04
0.0084
0.0038
0.004
0.9988
0.0326
0.0084
1
0.0016
1
6e-04
0.007
0.003
0.0022
0.0036
2e-04
2e-04
0.0044
0.0038
8e-04
0.001
0.0018
0.001
6e-04
0.0168
2e-04
0.0024
0.062
0.0016
0.0392
0.0012
1
0.0042
0.0034
1
0.007
1
1
0.0032
0.0048
1
1
0.0062
2e-04
1
8e-04
6e-04
0.0064
0.0068
0.015
0.0044
0.003
0.0014
1
0.001
0.0018
0.0024
1
0.002
0.003
6e-04
1
0.0054
0.0088
0.001
0.0022
0.0048
0.9994
0.0054
0.0552
0.0036
0.0038
1
1
0.9866
1
0.0012
0.0026
0.002
0.0012
0.0808
0.001
0.0018
0.0054
4e-04
0.0026
2e-04
0.0012
0.0032
0.0012
0.021
0.0014
1
1
1
0.0022
0.0044
1
0.0016
1
0.0014
1
4e-04
1
0.0038
8e-04
1
6e-04
0.0118
0.007
4e-04
0.0132
0.0028
0.0072
6e-04
2e-04
0.0192
0.004
0.0026
0.004
1
0.9968
0.0118
0.0026
0.0054
0.0136
0.0054
0.0012
0.0022
0.0182
0.0024
0.001
1
8e-04
1
1
2e-04
1
1
0
0.0014
4e-04
2e-04
0
0.0132
0.0014
0.0024
0.0148
1
1
0.0196
0.0096
0.0038
0.006
1
1
0.0096
0.0018
0.0076
0.0038
1
0.002
6e-04
6e-04
1
0.0188
0.0014
1
4e-04
1
0.0028
4e-04
8e-04
0.0098
1
0.005
0.0012
1
0.006
6e-04
0.0072
0.0148
0.2188
0.003
0
0.0018
0.8982
0
0.0052
0.0024
0.0028
0.0036
1
0.1594
0.0054
0.0048
1
6e-04
0.008
0.001
0.0022
0.0066
0.0032
1
1
0.0918
4e-04
0.049
0.0038
0.001
1
0.006
0.0036
0.0028
1
1
1
1
0.0074
1
0.0028
0.0694
0.9962
0
2e-04
1
0.0124
8e-04
1
2e-04
0.001
1
1
0.003
1
0.009
0.008
1
0.0218
8e-04
0.005
0.0368
2e-04
0.9492
0.0088
0.0012
0.0044
1
0.0498
0.0154
0.0138
0.0036
0.002
0.0014
0.001
8e-04
0.0084
0.0074
0.0014
1
8e-04
1
0.0038
0.0032
1
0.0208
0.0026
0.0034
1
0.0094
0.0016
6e-04
1
6e-04
4e-04
8e-04
4e-04
0.008
0.0036
0.002
0.0026
0.0078
6e-04
0.0074
0.002
1
0.7734
1
0.0036
0.0024
0.0018
0.001
0.0088
0.0014
0.0046
0.0014
0.0312
0.095
4e-04
2e-04
0.0154
0.0018
0.002
0.0594
1
0.0092
2e-04
1
1
2e-04
0
0.006
0.0022
1
0.0094
1
0.755
4e-04
1
2e-04
0.0026
0.001
6e-04
6e-04
0.002
0.0044
0.001
1
8e-04
1
4e-04
0.0038
0.001
0.0048
1
0.0072
0.003
1
0.0046
6e-04
0.0028
0.0012
1
0
0.0018
0.001
0.0016
1
0.0074
0.0358
0.006
0.004
6e-04
0.003
0.7174
0.0018
0.0026
1
1
6e-04
1
0.0038
4e-04
0.0028
0
0.0088
0.0098
0
0.0014
0.002
6e-04
1
0.0012
0.001
2e-04
1
0.0018
1
0.0114
0.003
0.0034
0.0098
0.014
1
0.0024
0.002
6e-04
8e-04
4e-04
1
0
0.0026
0.0016
0.0014
1
1
0.8972
0.0116
4e-04
8e-04
0.0102
0.999
1
0.004
0.0014
1
8e-04
0.0016
0.0042
0.006
1
1
4e-04
0.0012
1
6e-04
0.0058
0.0012
8e-04
0.0012
1
0.0012
0.011
0.0066
0.924
8e-04
0
0.003
1
0.0078
4e-04
6e-04
0.01
2e-04
0.0056
0.013
0.0022
0
0.0332
0.0058
0.0056
1
0.001
0.013
0.0012
4e-04
0.0026
0.0168
4e-04
6e-04
0.002
1
0.0028
1
6e-04
0.0016
2e-04
8e-04
0.0252
1
1
0.8178
0.0022
6e-04
1
0.0044
0
0.0056
0.0022
1
0.0028
0.0026
4e-04
8e-04
0.0616
0.0046
4e-04
0.0014
0.004
0.008
0.0032
0.2684
0.0234
6e-04
0.0048
1
0.0026
8e-04
0.0028
1
0.002
6e-04
0.0048
8e-04
0.0052
0.0968
4e-04
4e-04
0.2822
0.12
0.0012
0
1
0
6e-04
0.0026
1
2e-04
2e-04
0.0016
0.0508
0.0034
0.5568
4e-04
0.004
6e-04
6e-04
4e-04
6e-04
1
0.0012
8e-04
0.0032
4e-04
0.903
0.9996
0.001
0.019
0
1
0.0064
0.001
1
0.0024
0.3374
8e-04
0.9868
1
0.0012
0.0032
1
0.0064
0.1208
6e-04
1
0.0042
0.001
0.0336
1
0.001
0.0018
0.006
0.0546
0.001
0.002
2e-04
4e-04
2e-04
6e-04
6e-04
0.1834
0.0076
2e-04
0.7018
0.002
0.0016
1
1
0.0026
0.0086
0.007
0.0076
1
0.0172
0.0014
0.0092
0.1008
0.0246
1
0.0414
0.134
0.9784
0.0012
0.0022
0.0014
1
1
4e-04
0.0026
0.0054
0.0026
0.0054
0.0844
0.0332
1
0.0028
0.01
0.0044
0.2314
0.0326
0.0012
0.0058
1
0
1
0.0022
0.0214
6e-04
0.0016
0.0018
0.0032
0.0012
0.0034
0.0374
6e-04
0
6e-04
0.9996
0.0026
0.0286
0.124
1
4e-04
0.0026
1
0.0014
1
0.008
0.001
0.018
1
1
0.0102
0.002
1
0
0.8786
0.2726
8e-04
4e-04
0.9994
1
0.0186
0.0012
0.0014
4e-04
1
0.007
2e-04
0.0048
0.0012
0.002
0.0036
0.0138
0.0024
0.0034
0.0012
4e-04
6e-04
0
4e-04
6e-04
0.0582
0.001
0.0116
1
8e-04
0.0102
0.0012
1
1
0.002
0.004
0.0058
2e-04
4e-04
4e-04
0.9982
0.0404
0.0014
0.0076
1
0
2e-04
0
0.0016
6e-04
0
0.0044
0.0062
8e-04
0.0074
0.1848
0.0202
0.0016
0
0
0.0014
1
8e-04
0.0014
0.001
8e-04
0.0012
0.0024
1
0.0024
0.0038
1
8e-04
0
0.0054
0
0.001
0.0018
4e-04
1
0.002
6e-04
0.0014
1
1
1
0.0044
1
0.0048
1
0.9994
1
1
1
1
1
1
0.0012
1
6e-04
4e-04
0.0016
1
1
0.0046
1
1
0.0038
0.0016
1
1
0.0252
8e-04
0.0012
0.0012
1
0
0.005
2e-04
1
6e-04
1
0.005
1
0.0188
0.0022
0.0028
0.9986
0.0464
0.0886
4e-04
4e-04
0.0042
0.0246
0.448
0.001
8e-04
1
2e-04
0.0014
1
0.0012
0.0016
0.003
1
1
1
1
1
1
0.0074
0.004
0.0016
0.0172
4e-04
2e-04
0.001
0.9786
2e-04
0.0018
1
0
0.0526
0.0018
1
0.0014
0
1
1
0.0212
0
0.0012
0.001
0.0022
0.003
0.0066
1
0.005
1
0.0026
0.0048
6e-04
0.0018
0.0028
1
1
0.0026
0.0026
1
1
6e-04
0.0046
1
0.5394
0.001
8e-04
2e-04
8e-04
1
8e-04
1
4e-04
1
2e-04
1
0
0.001
4e-04
0.001
0.0054
2e-04
8e-04
0.0016
0.9938
0.778
0.001
0.0044
0.0444
2e-04
2e-04
0
1
1
0.005
1
0.042
0
1
0.0136
0
2e-04
8e-04
0.004
1
0.008
0.0252
1
0.005
1
1
0.0014
0
0.0014
0.003
0.0066
0.0022
4e-04
0.0026
8e-04
6e-04
0.0028
0.0014
0.0596
0.002
0.0036
0.0012
6e-04
1
0.0032
0.0026
0.0076
0.0582
0.0042
0.0026
0.9998
0.0028
1
1
6e-04
0.004
0.0086
0.1148
1
1
0.0014
1
1
8e-04
2e-04
0
0.1246
1
0.0014
0.0036
1
0.002
1
0.0034
0.2808
0.385
0.0022
1
6e-04
1
0
1
0.0018
1
0.012
0.0062
0
4e-04
1
1
1
6e-04
0.0116
1
1
1
0.0034
4e-04
6e-04
8e-04
0
1
0
8e-04
4e-04
0.026
0.001
0.001
1
4e-04
1
1
1
0.0026
0.0124
0.0106
6e-04
6e-04
2e-04
1
8e-04
0.0012
0.0014
0.0194
6e-04
0
0.0442
1
0.0012
2e-04
4e-04
0.0086
0.003
2e-04
0.001
6e-04
4e-04
2e-04
0.0046
6e-04
1
0.0024
1
4e-04
0.0134
6e-04
2e-04
1
0.001
1
2e-04
0.0012
0.0032
1
0.1318
1
1
0.025
0.0016
1
2e-04
0.0028
0.0048
6e-04
4e-04
1
1
0.9046
0.001
0.7896
0.0026
0.0016
0.002
0.0104
0.0056
0.012
0.0022
0.0014
2e-04
0.0024
0.0036
0.006
0.0012
1
0.0108
0.0024
1
0.0014
1
6e-04
4e-04
0.0022
0.008
1
1
1
1
1
6e-04
0.0124
0.0032
0.0188
1
1
6e-04
1
1
0.0218
0.021
6e-04
8e-04
0.0042
0.0416
0.0028
0.0014
0.9954
1
0.0094
6e-04
0.0012
0.0012
4e-04
0
0.0022
0.994
0.0016
0.0346
2e-04
2e-04
1
0.0046
0.0016
1
0.0162
1
1
0.005
1
0.0014
1
1
1
4e-04
0.0028
0.0012
4e-04
0.9884
1
0.001
1
1
6e-04
0.0012
0.0294
0.9994
4e-04
0.001
0.0282
1
8e-04
1
0.0086
1
1
0.0152
0.0058
4e-04
0.0168
0.0016
0.0304
1
1
1
0.0022
0.001
8e-04
0.0012
0
0.0016
6e-04
1
1
6e-04
8e-04
0.0278
0.004
0.001
0.0014
0.0014
0.0436
1
0.001
4e-04
1
0.0152
4e-04
8e-04
6e-04
0.0018
0.0014
1
0.0694
0.0012
0.001
1
0.0068
6e-04
0
2e-04
6e-04
0.0012
6e-04
0.0494
8e-04
0.0016
1
4e-04
0.002
8e-04
2e-04
2e-04
2e-04
1
0.0016
0.0052
0.0024
0.9998
0.002
4e-04
0.9954
2e-04
0.0018
0.0014
1
1
0.0026
0.0014
8e-04
6e-04
8e-04
1
1
1
1
0.001
1
6e-04
4e-04
4e-04
0.0042
4e-04
1
0.0076
0.001
1
1
4e-04
0.001
8e-04
0
0.0014
1
1
0
4e-04
0.0024
1
1
4e-04
0
1
1
1
2e-04
2e-04
2e-04
6e-04
2e-04
0.003
1
1
0
0.001
0.001
6e-04
0.002
1
2e-04
4e-04
0.0046
0.0074
0.005
0.015
0
0.0028
0.0014
4e-04
8e-04
0
0.0478
6e-04
0.0012
1
4e-04
2e-04
4e-04
0.0022
0.0088
0.0022
4e-04
0.002
1
1
8e-04
1
0.6232
0.001
4e-04
1
0.0034
0.9954
2e-04
0.9994
6e-04
1
1
6e-04
0.0178
0.001
