1
0.0046
0.6958
0.0016
0.2714
1
0.0032
0.2556
0.0012
0.012
0.027
0.0022
0.0022
1
0.0096
0.0044
0.0016
1
0.0016
0.002
0.0082
0.018
0.0114
0.0012
0.0126
0.0014
0.0022
0.0014
1
0.0018
0.0034
0.0052
0.0022
0.004
0.0018
0.004
0.0026
0.006
0.001
0.0016
0.001
0.0082
0.0016
0.0278
0.0028
0.0152
0.0016
0.0042
0.003
0.0498
0.002
0.005
1
0.0074
0.008
0.0034
0.0036
0.014
0.0154
0.008
0.0022
0.0016
0.0104
6e-04
0.0022
0.0234
0.003
0.0032
0.0022
0.001
1
0.0044
0.012
0.0024
0.0014
0.0086
0.0024
0.0076
0.0252
0.0028
0.0014
0.0164
0.0068
0.0036
0.001
0.0038
0.0192
0.0014
0.002
0.4192
0.0052
0.5768
0.0032
0.0212
0.0126
0.0204
0.0024
0.0186
0.0032
0.0032
0.02
0.022
0.014
0.0228
0.0034
0.9998
0.0028
0.0136
0.0032
0.4372
0.019
0.0148
0.0096
0.0156
0.3782
0.0122
0.0036
0.0062
0.0152
0.0348
0.013
0.002
0.0114
0.3072
0.0026
0.0128
0.0062
0.0012
6e-04
0.011
1
0.0018
1
0.0038
0.0028
0.0092
0.0132
0.0162
0.0024
0.0038
0.0198
0.0166
0.0112
0.0154
0.0084
0.0122
0.002
0.0148
0.0052
0.0154
1
0.0066
0.012
1
1
0.0024
0.0096
0.0072
0.0026
0.0138
0.0092
0.0138
0.1398
0.0054
0.0214
0.0924
0.0298
0.0016
1
0.069
0.031
0.0166
0.0124
0.0108
0.0038
0.0504
0.04
0.005
0.0106
0.0728
1
0.8324
1
0.0034
0.101
0.0032
0.066
0.0048
0.0022
0.0268
0.004
0.0044
0.003
0.0218
0.0918
0.0062
0.0106
0.2546
0.0064
0.0054
0.0032
0.0078
0.0118
0.08
0.02
0.0702
0.0058
0.4568
0.0452
0.0048
0.0316
0.0056
0.0014
0.0048
0.0066
0.0098
0.0022
0.003
1
0.0264
0.0092
0.0018
0.0026
0.0014
0.0038
0.0362
0.0416
0.0228
0.0254
0.0138
0.0154
1
0.005
0.013
0.0148
0.0154
0.004
0.0018
0.0136
0.0042
1
1
0.0158
0.008
1
0.002
0.0196
0.0146
0.0032
1
0.003
0.0034
0.0104
0.008
0.0102
0.9242
0.0332
1
0.0018
0.0098
0.014
0.0114
0.0042
0.0044
0.0022
0.0018
0.0014
1
0.0186
0.0238
0.0034
8e-04
1
0.016
1
0.0036
0.001
0.0072
0.0084
0.003
0.007
0.0086
1
1
0.004
0.9994
0.0254
0.0016
0.0022
0.9604
1
1
0.0012
0.0016
0.0012
0.0014
0.0024
1
8e-04
0.9952
0.0016
2e-04
2e-04
0.0026
0.0012
1
1
0.001
0.0118
0.001
0.2068
0.0034
0.002
0.0016
0.0022
0.0018
0.0044
0.001
0.0012
0.0014
1
0.0028
0.0168
6e-04
0.0024
0.0012
1
0.0034
0.0164
0.003
0.0022
0.0028
0.0342
0.043
0.0024
0.0028
0.0034
6e-04
0.0014
8e-04
0.002
0.002
0.3978
1
1
0.0038
0.0018
0.0028
0.0014
0.0072
0.0684
0.2204
0.002
6e-04
0.0202
0.0122
0.9998
0.0022
0.0042
6e-04
0.0122
4e-04
1
0.0014
0.0158
0.0194
0.8576
0.0056
1
0.003
1
8e-04
0.1486
0.0032
0.0016
1
0.0014
0.0016
1
0.0026
0.0012
0.0032
1
0.004
0.0036
0.002
0.0018
1
4e-04
0.0012
1
0.0016
0.0032
4e-04
0.0034
0.0084
1
0.0146
0.0146
8e-04
0.0022
0.0182
0.0248
0.0066
0.001
0.0018
0.0016
0.0606
0.0072
1
8e-04
0.0012
0.0038
0.0022
0.1756
0.0348
0.0292
0.0024
0.0014
0.0198
0.001
1
0.037
0.0148
0.0182
1
0.9948
0.0218
0.0022
0.0116
0.0016
1
0.0188
0.0014
0.07
1
0.0078
0.0496
0.0936
0.0056
1
0.2756
0.639
0.0032
0.9828
0.0012
0.004
1
0.0012
0.0028
0.005
0.0038
0.0018
0.9974
0.0108
0.0438
1
0.0148
0.0268
0.0016
0.0042
0.0136
0.9144
1
0.0122
0.9988
6e-04
6e-04
4e-04
0.0054
0.401
0.0016
2e-04
1
0.0042
0.002
0.0072
0.0086
0.0046
0.0082
1
0.0172
0.0018
0.0028
1
0.0606
0.078
0.0044
0.0044
0.007
0.0034
0.0032
0.0022
0.9568
0.002
0.0022
0.0028
0.009
8e-04
0.001
0.996
0.002
0.0012
1
0.0026
0.0024
0.0098
0.0056
0.0154
0.0274
0.0018
1
0.0124
0.0074
0.0186
0.0042
0.0112
0.0108
0.0036
0.0272
0.0188
0.9894
0.0158
0.0078
0.002
0.0172
1
0.004
0.0096
0.002
0.0026
0.9956
0.009
1
0.9982
0.024
0.0166
0.0114
0.018
1
0.002
0.006
0.0076
0.0144
1
1
0.0034
0.0226
1
0.0102
0.002
0.0066
0.0066
1
0.0012
0.0014
6e-04
0.0012
0.0012
2e-04
0.6004
0.0098
1
1
0.001
0.0012
1
0.0016
1
1
2e-04
0.0058
1
0.9422
1
0.024
0.001
0.008
0.0134
0.001
4e-04
0.0016
0.0018
0.0036
0.0118
4e-04
0.0222
0.0024
0.0162
0.0594
0.0024
0.0148
0.0022
6e-04
0.0216
1
0.0046
0.993
1
0.0012
