0.0332
1
1
0.0016
0.003
0.0032
1
0.0058
1
0.0016
0.0016
0.0044
0.0112
0.0054
1
0.8806
1
0.0032
0.0124
0.007
1
0.0018
1
0.0028
0.8912
0.0024
0.0028
1
0.174
0.9942
0.0032
0.003
0.0016
0.0208
0.0018
0.0586
1
0.0092
0.013
0.003
0.0088
1
0.0038
0.0028
0.0052
4e-04
0.0022
0.0088
0.0018
0.0036
0.0018
4e-04
1
0.0134
0.0014
0.0038
0.0036
0.0106
0.0648
0.0034
0.0016
0.0042
1
1
1
0.1818
0.002
0.0014
0.0042
0.0026
0.0026
0.0028
0.0024
0.002
0.0152
0.2902
0.0056
1
0.0016
0.0038
0.9152
1
1
0.002
0.0076
0.0024
0.0036
1
0.0014
0.0062
0.0014
0.0022
0.0018
1
0.0044
1
0.0028
0.0032
1
0.0112
0.0042
0.005
0.0062
0.0286
0.013
0.0038
0.003
0.0532
0.002
0.0026
0.002
0.0092
1
0.0024
0.9762
0.0012
0.0056
0.0192
0.0306
0.0572
0.0028
0.004
0.0024
1
0.0016
0.0546
1
1
0.0014
1
0.0032
0.011
0.0052
0.1108
0.0018
0.003
0.9998
1
0.005
0.003
0.0028
0.0026
0.0038
0.0018
0.0016
0.0036
1
0.0102
0.006
0.0018
0.0134
1
0.3636
0.0028
0.0074
0.0018
0.0042
0.0028
0.0024
0.002
0.0032
0.001
0.002
0.002
1
0.0014
0.0024
0.0074
6e-04
0.0032
0.0046
1
0.003
0.0052
0.005
0.0022
0.0076
1
0.0038
0.002
0.0124
0.0022
0.002
0.0044
0.1858
0.0028
0.0384
1
0.0012
1
0.0014
0.0078
0.0092
0.0034
0.0138
0.0036
1
0.002
1
0.003
0.2622
0.0022
0.0166
0.0034
0.0018
0.0032
0.0024
1
1
1
0.0024
1
0.005
0.0112
0.005
0.0052
0.0022
0.012
0.001
0.0034
1
0.0028
0.0048
0.0064
0.0292
0.015
0.0028
0.0072
1
0.014
0.0162
0.0028
1
0.004
1
0.0188
0.0068
0.0028
0.0204
0.0072
0.017
0.001
0.0028
0.0012
0.1398
6e-04
0.0038
1
1
0.9002
0.056
1
0.0012
1
1
0.0042
0.0084
0.0136
1
1
0.0234
0.0318
0.0036
0.002
0.001
0.0272
0.0048
0.0028
1
0.0102
8e-04
1
0.0026
0.005
8e-04
1
8e-04
0.0048
0.0094
0.0078
0.0174
0.002
0.0024
6e-04
0.004
0.014
0.0124
0.0018
0.0032
0.0074
0.0022
0.003
1
0.003
0.0726
0.0074
0.0046
1
0.0032
0.0028
0.0026
0.0024
0.0052
0.0118
1
0.9156
1
0.0066
0.0078
1
0.0016
0.002
0.003
1
0.003
0.0164
0.0848
0.0018
0.0022
0.0094
1
0.0296
0.0086
0.0026
0.0154
0.0062
0.0068
1
0.0032
0.0074
1
0.0098
0.0024
0.0036
0.0044
0.0046
0.0024
0.0144
0.0178
1
1
0.004
1
1
0.0028
0.0026
0.0016
1
0.0038
1
0.0188
0.0022
0.0066
0.006
0.003
0.0036
0.0046
0.002
0.0052
0.006
0.0054
0.0036
0.0084
0.0106
0.0052
0.0024
0.0034
1
0.0026
0.0028
0.9996
0.0062
0.0044
0.0026
0.0026
0.998
0.0026
1
0.9788
0.0062
0.0018
0.0042
0.007
0.0076
1
0.018
0.0042
0.0094
0.002
0.0024
0.895
0.004
1
0.0142
0.017
0.0046
1
0.0086
0.0138
0.0034
0.028
0.0022
1
0.015
0.0044
1
0.0068
0.0056
0.8182
0.1374
0.542
0.0088
0.0022
0.01
0.002
1
0.0032
0.0116
1
0.0118
0.007
1
0.0024
0.5998
0.004
1
1
0.0016
0.086
0.002
0.0064
0.0038
0.0042
0.0022
1
0.0096
0.0014
1
1
0.0012
1
0.0754
0.003
0.0054
0.0044
0.0028
8e-04
0.004
0.0016
1
0.0012
0.0124
0.0024
0.0062
0.0018
0.0098
0.0102
0.0016
0.0108
0.023
0.0106
0.003
0.002
0.0038
1
0.0308
0.0074
0.0026
0.012
1
1
0.0014
0.6754
0.002
0.0026
0.0066
0.997
0.0024
1
0.0028
0.0016
0.0024
0.0022
0.0166
0.0018
0.0018
0.0024
1
0.002
1
0.0016
1
0.0046
0.002
0.0048
0.015
1
0.0046
0.0032
0.0018
0.0056
0.003
1
0.0048
0.0036
0.0026
1
0.0036
0.0014
0.0136
0.0112
0.0042
0.0014
0.002
1
0.2088
1
0.0024
1
0.4486
0.0134
0.0036
0.0026
0.002
0.0124
0.0032
0.0018
0.0074
0.0042
0.019
0.0084
0.0014
0.0108
0.007
0.0042
0.8536
1
0.0024
0.0064
0.0034
0.0074
0.01
0.0028
1
0.004
0.0048
0.027
0.0028
1
0.0046
1
0.0026
0.0116
0.007
0.8584
1
0.0066
0.002
1
0.0064
1
0.0026
0.0082
0.0044
0.007
0.0026
1
0.0016
0.0124
0.0062
1
0.0028
0.0036
0.0056
