0.096
0.8856
1
0.0014
0.9088
0.0018
0.0064
0.5784
0.0106
0.002
0.0242
1
0.0048
0.0066
0.0046
0.0246
0.0084
0.0046
0.152
0.0032
0.004
0.1374
0.0032
0.0042
1
0.0258
0.0058
0.0036
1
0.003
1
0.04
0.0036
0.1272
0.0032
0.0022
0.0052
1
0.011
0.005
0.003
0.1226
1
0.0038
0.0172
0.0046
0.0012
0.033
0.6288
0.0258
0.015
0.0088
0.0308
0.002
8e-04
0.019
0.0018
0.0084
0.9764
1
0.006
0.0014
1
0.0086
0.002
1
8e-04
0.013
1
0.9996
0.3086
0.008
8e-04
0.0014
0.0016
0.0032
0.002
0.0012
0.0104
0.012
0.0064
1
0.0196
1
0.0056
0.0218
0.0024
0.0074
0.0016
0.0304
1
0.5174
0.002
0.0138
0.0016
0.0018
0.0168
0.005
0.3072
1
0.0024
0.003
0.0028
0.025
0.0012
1
0.0014
0.0878
1
0.0196
0.0098
0.0024
0.005
0.0032
0.0026
0.0108
0.0042
1
0.0028
1
1
0.003
0.0328
0.0058
0.0012
0.0112
0.0256
0.0022
0.3642
0.0032
1
0.0214
1
0.9976
0.0756
0.0028
0.005
0.014
1
1
0.0014
0.0034
1
0.0172
0.0012
0.2966
0.0028
0.0024
0.2202
0.0034
0.0026
0.0034
0.0038
0.0052
0.0174
1
1
8e-04
0.0046
0.0022
1
0.0034
0.023
0.364
1
1
0.0094
0.0068
0.02
1
0.0082
1
0.018
0.0062
0.0034
0.0604
0.0166
8e-04
0.0078
0.0264
0.0052
0.0122
0.0276
0.0032
0.0134
0.0144
0.0024
1
1
1
0.9998
0.0094
0.0036
0.0168
0.0154
0.0484
1
0.017
0.0102
0.0742
0.9912
0.0024
1
0.057
0.0054
0.0246
0.0586
0.0062
0.8192
1
0.0306
0.0232
0.0214
0.0356
0.0082
0.0044
0.2764
0.8562
0.0082
0.0338
0.009
0.002
0.0142
0.006
1
1
0.0144
0.0052
0.006
1
0.0012
0.0036
0.0082
0.0044
0.0022
0.0022
1
0.0188
0.0066
0.0116
0.003
0.0028
0.0062
1
0.0016
0.0192
0.003
0.006
0.0134
1
0.8588
0.0394
0.0098
0.005
0.008
0.001
0.0198
0.002
0.0132
0.0036
1
0.0156
0.0176
1
1
0.0048
0.0024
1
0.0048
0.0022
1
0.0016
0.0244
0.044
0.0078
0.0096
0.0106
0.0032
0.0026
1
0.0104
0.0022
0.0278
0.0068
1
0.0094
0.0202
0.0136
1
0.003
0.0022
0.002
0.0372
1
0.1044
0.0042
1
1
0.0016
1
0.0174
0.9994
1
0.0028
0.0046
0.0308
1
0.0012
0.0556
0.0058
0.0048
0.0082
0.0024
1
0.0102
0.0044
0.0042
0.0026
0.002
0.0088
1
0.0014
0.0088
0.0028
0.0712
0.0034
0.0018
0.0136
0.0118
0.0322
0.0324
1
0.0042
0.0072
0.0148
0.0082
0.0644
0.0068
0.9838
0.006
0.0236
1
0.0064
0.0028
0.0062
0.0046
0.0032
0.007
0.0042
0.039
0.0056
0.9998
0.002
8e-04
0.0014
0.0038
0.002
0.0096
0.0062
0.0016
0.005
0.0086
0.0134
0.0046
0.0018
0.005
0.0066
0.0096
0.0036
0.0036
0.0136
0.0048
1
0.0026
0.0072
0.0172
0.0032
0.0136
0.0016
0.0028
0.0026
0.0012
0.0018
0.007
0.0054
1
0.0016
1
0.0082
0.0158
0.0316
0.0012
0.0024
0.035
1
0.0064
0.0308
0.0742
0.0254
0.0206
0.011
1
0.003
0.0022
0.002
0.009
0.002
0.7796
1
0.0026
1
0.0022
0.003
0.0022
0.003
0.5036
0.0092
1
0.0022
1
0.0264
0.0042
0.004
0.023
0.0236
1
0.025
0.0132
0.0016
0.046
1
0.026
0.0092
0.0024
1
0.0038
0.9998
