0.9814
0.9758
0
0
0
0.9916
0.9974
0
0
0
0.8966
0.0944
0.9998
0.989
0.9804
0.9994
0.929
0.9884
0.9992
0
0.9936
0.9686
0.9454
0
0.9826
0.9828
0.9938
0
0
0.9976
0.9946
0
0.9924
0.5998
0.999
0.996
0
0.9994
0.4582
0
0.9828
0
0.5176
0.996
0.999
0.8122
0.9784
0
0.996
0.999
0
0.443
0.9948
0.9998
0.9688
0.9656
0.9624
0.9976
0
0.9504
0.9918
0.9964
0.9286
0
0
0.9994
0
0.2482
0.9878
0.9472
0.9974
0
0
0.9932
0.9968
0
0.9976
0.997
0.991
0
0
0
0
0.999
0.9968
0.9806
0.9938
0.995
0.9992
0
0.999
0
0.9978
0.9962
0.9988
0.9964
0.9866
0.9938
0.9938
0.998
0.9996
0.9966
0.9958
0.9814
0.9972
0
0.9982
0.9962
0.996
0.9982
0.9968
0.9992
0.9982
0.9962
0.996
0.995
0.99
0.9984
0
0.9976
0
0.9922
0
0.9972
0.0662
0
0
0
0
0
0.0054
0.9986
0.9966
0
0.9946
0.9984
0.9976
0.998
0.9986
0.943
0
0.9982
0.9952
0.1212
0
0.9996
0.9992
0.9986
0.9926
0.9994
0.9946
0.9946
0.998
0.1188
0.9992
0.9812
0
0
0.9782
0
0.999
0
0.9968
0.9948
0.9992
0.9988
0
0
0.9994
0.996
0.941
0.9982
0
0.0644
0
0
0
0
0
0.9934
0.9974
0.9956
0.996
0.9966
0
0
0
0.999
0.999
0.997
0.9938
0.9968
0.916
0
0
0
0
0
0.998
0.9972
0.9986
0
0.997
0.733
0.9984
0.9972
0.0362
0.9992
0.9982
0.9966
0
0.75
0
0.9962
0.9986
0
0.9974
0.9948
0
0.9944
0
0.9994
0.9996
0.9992
0.9966
0.9988
0.9986
0.987
0.9972
0.9988
0.999
0.9992
0.9932
0.9946
0.9864
0
0.994
0.9978
0.998
0.9992
0.988
0.9992
0
0.9976
0
0.9852
0.998
0.995
0
0.9986
0.994
0
0.9976
0.9986
0.9988
0.999
0
0
0.996
0.9922
0.9956
0
0.9986
0.9986
0.9976
0.999
0.9972
0.9642
0.9962
0.9872
0.9906
0.9992
0.9972
0.999
0
0.9976
0.9992
0.9976
0.9988
0.9986
0.9988
0.9964
0.9804
0.9968
0.9992
0.9996
0.9944
0.996
0.9982
0
0
0.9942
0.9952
0
0
0.9984
0
0.999
0.999
0.9976
0.997
0.9936
0.992
0
0.9964
0.8712
0.9986
0.9978
0.9984
0
0
0.0994
0.9992
0.9992
0.9974
0.9978
0.9996
0.9976
0.9874
0.9994
0.9984
0
0.997
0
0.9984
0.9992
0.9982
0.9976
0
0.997
0.9992
0.999
0
0.999
0.9988
0.998
0
8e-04
0.9982
0.9978
0.995
0.9994
0.9968
0.999
0
0.978
0.9986
0.9982
0
0.9978
0.9982
0.9892
0.999
0.9948
0.9996
0.96
0.9966
0.991
0
0.9458
0
0.999
0
0.9986
0.999
0.9986
0.9992
0.9984
0.9994
0.9996
0.9984
0.9984
0.9992
0.9722
0.998
0.9978
0.997
0.9958
0.996
0.9898
0.997
0.9948
0.9956
0.9966
0.9922
0
0.9982
0.9976
0.9984
0
0.9936
0
0
0
0.9988
0
0.9928
0.9988
0.9716
0.9974
0.9974
0.9968
0.9992
0.1816
0.9722
0.9974
0.9768
0
0.9988
0.9968
0.906
0.9988
0.9936
0.987
0.9998
0.9946
0.9982
0.0056
0.9986
0
0.9988
0.9982
0.9986
0.999
0.9994
0.9982
0.9976
0
0.998
0.9968
0
0.969
0
0
0
0
0
0
0.9988
0.9982
0.9974
0.9972
0.9982
0.9992
0.9994
0.9992
0.9958
0
0.9936
0.9984
0.9988
0.9992
0
0.9992
0.9982
0.9994
0
0
0.9984
0
0.9982
0.996
0.9984
0
0
0.9998
0.9968
0
0.973
0
0
0.997
0.9992
0.3052
0.9986
0
0.9994
0
0.9846
0.9928
0.9942
0
0.9994
0.9938
0.9952
0
0
0
0.9952
0.998
0.9898
0.9982
0
0
0.998
0.9928
0.999
0.9984
0.9956
0
0.329
0.9952
0.9968
0.9562
0.9962
0.9968
0
0.997
0.2266
0.997
0.9976
0.9982
0.9978
0
0
0
0.9954
0.998
0
0.9988
0
0.9974
0.9986
0.9732
0.9996
0.9994
0.8686
0.9968
0.998
0.9952
0.9972
0
0.9996
0
0.9862
0
0
0.929
0.7768
0.995
0.9904
0.983
0.923
0.9962
0
0.9944
0.9448
0.994
0.9946
0.9624
0.9744
0.9984
0.999
0.9922
0.957
0.9948
0.9968
0.9988
0
0.995
0.9932
0.9972
0.9932
0.9888
0
0.9584
0
0.9964
0
0.999
0.9986
0
0
0.8974
0.9988
0.9996
0.999
0.1796
0.9986
0.9978
0.998
0.998
0.9976
0.984
0.9992
0
0.9992
0.9978
0.9988
0
0.9982
0.9996
0.9988
0
0.999
0.9992
0
0.9994
0.9986
0.9986
0
0
0
0.9836
0.9786
0.9904
0.9968
0.9984
0.9854
0.9992
0.9996
0.0056
0.998
0.999
0.9972
0.9988
0.999
0.9964
0.5728
0.9978
0
0.9968
0
0.996
0
0
0.9968
0
0
0.9994
0.9978
0
0.9988
0
0
0.9994
0.9976
0
0.9774
0.8298
0.9972
0
0.9994
0.9996
0
0.9794
0
0.9966
0
0.997
0
0
0.9976
0.9958
0.998
0.9974
0.7418
0
0.9986
0.9924
0.9986
0
0.9974
0.9976
0.9982
0
0
0
0.9994
0.997
0.9908
0.9984
0.991
0.9966
0.9932
0.9984
0
0.9984
0
0.9988
0
0.9956
0.9984
0.9986
0.9972
0
0.997
0.998
0.9982
0.9978
0.9956
0.9964
0.4056
0.9976
0.9952
0
0
0.999
