0.0166
0.0032
0.0478
0.0032
1
0.0038
0.3118
0.0038
0.0028
0.0064
1
0.9664
0.0648
0.014
0.9938
1
0.0016
0.0026
0.034
0.004
1
0.0016
0.0052
0.0036
0.0018
1
1
0.0086
1
0.002
0.2578
0.0072
0.0026
1
0.0218
0.9398
0.0028
0.0066
0.0066
0.0042
0.0028
0.0024
0.986
0.9986
0.004
0.0026
0.0038
0.027
0.0198
0.0034
0.9878
0.0028
0.0018
1
1
0.004
1
0.0054
0.0044
0.006
0.0034
0.0038
0.0104
1
0.0082
0.0034
0.0052
0.0022
0.004
0.0136
0.0098
0.006
1
0.0078
0.0044
0.0028
0.0034
0.01
1
0.0028
0.0038
0.0034
0.0088
0.005
0.6218
0.0032
0.006
0.0036
1
1
0.0032
0.0082
0.9998
0.0074
1
0.0106
0.0022
0.004
0.0018
1
0.0068
0.0052
0.003
1
0.0034
0.0032
0.0278
0.0318
1
0.0072
0.003
0.0028
0.0052
0.0036
0.2984
0.0058
0.0044
0.0082
0.0044
0.0026
0.0206
0.0094
1
0.6562
0.0244
0.0056
1
0.0046
1
1
0.0052
0.4568
0.0152
0.004
0.0094
0.0066
0.0148
1
0.0032
0.9526
0.004
1
0.0034
0.0086
0.0038
0.0036
0.0034
0.0028
0.0026
0.0286
0.0042
0.0028
0.0068
1
0.0052
1
1
0.9982
1
0.0018
1
1
0.0152
0.0038
0.0016
0.002
0.0086
0.0024
0.007
0.0032
1
0.0076
0.003
0.0036
0.0096
1
0.0028
0.0024
0.0052
0.003
0.0058
1
0.0082
1
0.0208
0.9996
0.012
0.0072
1
0.0024
1
0.0024
0.0024
0.003
0.0054
0.008
0.9908
0.0122
1
0.0024
0.0022
0.0184
0.0034
0.0112
1
1
0.0062
0.0026
0.0024
0.0092
1
0.9976
0.0034
0.002
0.0048
0.0028
0.0024
0.018
0.009
1
1
0.003
0.0034
0.1112
0.0054
1
1
0.002
1
1
0.0056
1
1
0.0022
0.0024
0.0034
0.973
0.0064
0.0042
0.3008
0.0024
0.9992
0.004
0.0058
0.9986
0.8914
0.004
0.0062
0.002
1
0.0124
0.0092
0.0138
0.0194
0.0054
0.002
0.0104
0.0056
0.0058
0.0064
0.0046
0.0042
0.0232
0.0024
0.008
0.9988
0.0194
0.0028
0.0032
0.9036
1
0.0056
0.0374
0.0054
0.0052
0.009
1
0.0032
1
0.0058
1
0.007
0.0058
0.007
0.947
0.0214
0.0296
0.0046
0.0034
0.0026
0.0026
0.004
0.0018
0.0146
0.0118
0.0058
1
0.0158
0.001
0.0022
0.0034
0.004
1
0.0054
0.0118
0.0038
0.003
0.0024
0.0048
0.0038
0.0162
0.0116
0.0026
0.0028
0.0024
0.0018
0.015
1
0.0026
0.0098
0.0092
0.0028
0.999
0.0054
1
0.003
0.0036
1
0.0022
1
0.0142
0.043
0.002
0.0024
0.0046
0.0286
0.0178
0.0016
0.0026
0.0032
0.032
0.003
0.006
0.0036
0.0034
0.0032
0.0026
0.0134
0.0028
0.0322
1
0.7376
0.0052
0.0032
0.0028
0.0206
1
1
0.1024
0.0028
0.0022
0.0034
1
1
0.0014
1
0.0042
0.0022
0.0034
0.0062
1
0.0026
1
0.0096
0.0044
0.0018
0.0028
0.004
0.0198
0.0036
1
0.0034
0.0034
0.0024
1
0.0086
1
0.0014
0.7924
0.002
0.008
0.0032
0.0024
0.0048
0.0046
0.0032
0.0026
0.0518
0.0044
0.006
0.0024
0.006
0.0042
1
1
0.041
0.0032
1
0.004
0.0066
0.002
1
0.0102
0.0038
0.0046
0.0036
0.006
0.0058
0.1062
0.4626
0.0028
0.0058
0.005
0.0022
1
0.0038
0.0058
0.0038
0.0112
0.003
1
0.0034
0.0146
0.9994
0.005
1
0.003
0.0084
0.0182
0.0694
0.0024
0.003
0.0058
0.0028
0.9998
0.0024
0.006
1
0.0038
0.0034
1
0.004
0.0044
0.002
0.006
0.055
0.0078
1
0.005
0.0024
0.0012
0.0032
0.0046
0.0052
0.0154
1
1
1
0.0192
0.0048
0.0038
0.0124
0.0054
0.007
0.0022
0.0034
0.0024
1
0.0268
0.0036
1
0.0332
