0.0994
0.7036
0.0038
0.007
0.0096
0.021
0.0262
0.0088
1
0.0062
1
0.005
0.0092
0.0092
0.005
0.0154
0.0164
0.0056
0.0086
0.0182
0.0066
0.007
0.0048
0.012
1
0.0044
0.6356
1
0.0062
0.0102
0.0058
0.005
0.008
0.0052
0.0126
0.0056
0.0066
0.0078
0.0066
0.0052
0.0078
0.004
0.0066
0.0064
0.1718
0.1
0.0396
1
0.8756
0.3192
0.005
0.0208
0.0044
0.0052
0.0054
0.0072
0.0306
0.0128
0.0066
0.0102
0.0062
0.0046
0.0064
0.0056
0.733
0.007
0.045
0.0072
0.01
0.0088
0.296
0.004
0.3088
0.0056
0.006
0.0058
0.0172
0.0066
0.0044
0.0046
0.0092
0.0086
0.0068
0.6444
0.003
0.0108
0.0058
0.0038
0.0086
0.0046
0.0066
0.0054
0.0106
0.0072
0.0076
0.0096
0.0106
0.0096
0.0062
0.0074
0.0164
1
0.4622
0.0096
1
0.0062
0.0068
0.0066
1
0.009
0.1068
1
0.0082
0.0066
0.0094
0.022
0.0344
0.0226
0.0056
0.0216
0.0078
1
0.0088
0.0056
0.0072
0.0048
0.0084
1
0.0364
0.006
0.007
0.0086
0.006
0.007
0.0116
0.0142
0.0228
0.0212
0.011
0.008
0.0068
0.0078
0.0186
0.092
0.0056
0.012
0.0066
0.0066
0.0064
0.0054
0.0044
0.0188
0.006
0.0064
1
0.1196
0.0034
1
0.0064
1
0.0066
0.005
0.872
0.3792
0.0066
0.0068
0.009
0.0108
0.0068
0.9258
0.008
1
0.0224
0.4554
1
0.0042
0.0048
0.0046
0.0086
0.0048
0.015
1
0.006
0.0082
0.0052
1
0.0218
0.0054
0.005
0.007
0.0098
1
0.0068
0.0046
0.0068
0.0042
0.0046
0.0062
0.006
0.0086
1
1
0.0058
0.0076
0.0706
0.013
0.003
1
1
0.0104
0.0048
0.006
0.018
0.0106
0.011
0.006
0.0146
0.0294
0.0066
0.0054
0.0048
0.0064
0.007
0.006
0.0048
0.0078
0.011
0.0038
0.0274
0.0056
0.0038
0.0056
0.0064
0.0046
0.0054
0.0062
0.0074
0.0054
0.0096
0.0078
0.0112
0.0136
0.012
0.0096
0.0108
0.0062
0.0092
0.0036
0.0252
0.0056
0.0076
1
0.037
0.0226
1
0.0668
0.0046
1
0.0068
0.0068
0.9998
0.0118
0.7366
0.994
0.66
0.0066
0.0064
0.0408
0.0158
0.0622
0.0134
0.0052
0.014
0.0068
0.0346
0.0184
0.0074
0.1836
0.0086
1
0.0156
0.0046
0.962
0.0056
0.0292
0.006
0.0764
0.0046
0.0058
0.0074
0.0114
0.0058
0.028
0.0056
0.0162
0.0086
0.0046
0.0064
0.0054
1
0.0236
0.0084
1
0.016
0.0046
0.0056
0.0058
0.0052
0.0148
0.005
1
0.0304
0.0048
0.0832
0.006
0.0072
0.0062
0.0372
0.0082
0.0048
0.0242
0.007
1
0.0068
0.0072
0.1638
0.0054
0.0032
0.026
0.006
0.2446
0.014
0.0054
0.0058
0.01
0.0072
0.0072
0.0104
1
0.012
0.0056
1
0.0052
0.039
0.005
0.0246
0.0094
0.0254
1
0.1608
0.0084
0.0112
0.0066
0.0908
0.0054
0.4182
0.009
0.0068
0.0128
1
0.0174
0.0056
1
0.0052
0.0064
0.0112
0.01
0.0062
0.0048
0.005
0.0218
0.0124
0.0264
0.019
0.0056
0.0064
0.0054
1
0.0154
0.0272
0.0068
0.0102
0.0248
1
0.005
0.005
0.0152
0.0056
0.1218
0.0136
0.0136
1
0.008
0.007
0.0204
0.0134
0.005
0.0074
0.0156
0.0204
0.0264
0.0034
0.0052
0.9292
0.01
0.007
0.0058
0.0288
0.0036
0.0104
0.1314
0.0162
0.0188
1
0.1584
0.0094
0.0094
0.0046
0.0156
0.0042
0.0102
0.005
0.0198
0.0098
0.0052
0.013
0.006
0.1262
0.0098
0.0058
1
0.009
0.006
0.007
0.2672
0.0092
0.0036
1
1
0.0062
0.0082
0.0046
0.0054
0.0058
1
0.7144
0.0054
0.0132
0.0054
0.009
0.01
0.0072
0.0092
0.0502
1
0.0068
0.0056
0.0066
0.2334
0.0074
1
0.0052
0.9092
0.0092
0.0042
0.0066
0.0164
0.0062
0.0144
0.0072
0.0052
0.0424
0.0122
0.0072
0.0164
0.0128
0.0058
0.0052
0.014
0.0056
0.0068
0.0108
0.0884
0.0096
1
0.013
0.0066
0.9738
0.0096
0.0096
1
0.0104
0.0056
0.0462
0.0076
0.008
0.0194
0.9972
0.0112
0.0514
0.0046
0.011
0.0254
0.0068
0.0104
0.0074
0.008
0.0062
1
0.9996
0.021
0.267
0.0048
0.0054
0.012
1
1
0.0058
0.0054
0.0042
0.0064
0.007
0.006
1
0.0106
1
0.02
0.004
1
0.9868
0.0058
0.0064
0.0042
0.0112
0.0064
0.0056
0.166
0.0082
0.0052
0.0124
0.016
0.0176
1
0.0102
0.0072
0.0056
1
0.0228
0.0042
0.0054
0.0054
0.0046
0.0056
0.1812
0.0392
0.0034
0.0052
0.0046
0.0056
1
0.005
0.0062
0.004
0.0112
0.0058
0.0096
0.0058
0.0106
0.0078
0.9808
0.004
0.0062
0.007
0.9854
0.9992
0.005
0.0062
1
0.0034
0.006
0.0048
0.0092
0.0056
0.0066
0.0074
1
0.02
0.0048
1
0.0048
0.0056
0.01
0.0072
0.006
0.0244
0.0122
0.0052
0.0218
0.0052
0.0044
0.1278
0.0062
1
0.005
0.0142
0.1018
0.0376
0.017
0.007
1
1
0.0134
0.0166
0.0092
0.0042
0.0092
0.017
0.0442
0.9224
0.0074
0.0338
0.005
0.0062
0.0054
0.005
0.0186
0.0392
0.0044
0.0052
0.9716
0.0058
0.8482
0.094
0.0046
0.0422
0.531
0.0068
0.019
0.0054
0.0052
0.016
0.0058
0.0072
0.0066
0.0096
0.0074
0.9994
0.0052
0.0042
0.021
0.0622
0.7384
0.0122
0.0056
0.005
0.006
0.008
0.018
0.019
0.0062
0.0052
0.0086
0.0082
0.0124
0.0212
0.088
0.0056
1
0.0038
0.0188
0.021
0.3842
0.0096
0.0044
0.0066
1
0.005
0.0072
0.0198
0.0092
0.0062
0.0596
0.0114
0.0082
0.0056
0.0062
0.0078
0.0124
0.0088
0.0052
0.007
0.007
0.0408
0.9122
0.0194
0.0068
0.011
0.007
0.0064
0.0082
0.0058
0.0054
0.0058
1
0.004
0.0066
0.26
0.007
0.011
0.011
0.006
0.0136
0.0094
0.011
0.0176
0.0056
0.0078
0.0054
0.0054
0.0094
0.0058
1
0.0064
0.0078
0.0078
0.0066
0.0036
0.0046
0.0052
1
0.554
0.0178
0.018
0.0092
1
1
0.0044
0.0282
0.0098
0.008
0.0076
0.0708
0.017
0.0426
0.0314
0.0062
0.0066
1
0.0262
0.0076
0.0158
0.0076
0.006
0.0052
0.006
0.01
0.0042
0.0048
0.0082
0.012
1
1
0.009
0.0312
0.0066
0.004
0.0068
1
0.036
0.0162
0.0064
0.0054
0.489
0.007
0.008
0.0072
0.008
0.0054
0.0076
0.0054
0.008
0.008
0.0046
0.0042
0.0136
0.0066
0.008
0.0046
0.0076
0.012
0.0054
0.0122
0.0044
0.0056
0.0116
0.0122
0.0056
0.0054
0.0064
0.0098
1
0.0076
0.0218
0.01
0.0076
0.0072
0.1192
1
0.0104
0.0042
0.0186
0.0042
0.0072
0.0154
0.0048
0.0108
0.9756
0.0394
1
0.0068
0.0056
0.0048
0.0056
0.0072
0.0094
0.0242
0.0064
0.053
0.0088
0.0184
0.0082
0.0154
0.009
0.0064
0.0064
0.006
0.0102
0.01
0.0062
0.9988
0.0076
0.0254
0.0106
0.0064
0.0068
0.0072
0.009
0.0076
0.0058
0.7514
0.0068
0.0106
0.007
0.0066
0.0184
0.018
0.0148
0.0122
0.007
0.007
0.053
0.0058
0.0142
0.0118
0.0086
0.0178
0.0324
0.0426
0.0064
0.006
0.0062
0.0232
1
1
0.0088
0.0062
0.0058
0.008
0.0174
0.0074
0.9998
1
0.0052
0.0042
0.0072
1
0.0128
0.0492
0.0128
0.0166
0.0044
0.0144
0.0132
0.9996
0.0088
0.0068
1
0.0142
0.0048
0.0346
0.0318
0.0166
0.0068
0.0488
0.0286
1
1
0.0086
0.0514
0.0072
0.0062
1
0.0048
0.0068
0.007
0.0098
0.0176
1
0.0278
0.0058
0.028
0.0106
0.0508
1
0.0098
0.007
0.0524
0.0078
0.0058
0.0194
0.0064
0.0104
0.0176
0.007
0.0084
1
0.029
1
0.0162
0.0208
0.0054
0.0076
0.008
0.0178
0.0088
0.0112
0.0052
0.0076
0.005
1
0.0308
0.0074
1
0.0166
0.1062
0.0172
0.0048
0.1
0.011
0.3616
0.0058
0.0096
0.0034
0.0494
0.013
1
0.0068
1
0.0066
0.0092
0.0068
1
0.9856
0.0058
0.0166
0.0238
0.0058
0.0076
0.0328
0.0416
0.0072
0.0222
0.015
0.038
0.0322
0.012
0.956
0.1108
0.0136
0.0122
0.0232
0.005
0.0244
0.004
1
0.0308
0.9978
0.0066
0.7228
1
0.7028
0.005
1
0.0046
0.005
0.0074
0.012
0.0082
0.0334
1
0.0174
1
1
0.007
0.0082
0.0984
1
0.0216
1
0.008
0.014
0.021
0.971
0.0038
0.9992
0.0146
0.0136
0.0064
0.0046
0.9572
0.0064
1
0.026
0.0034
0.1272
0.0062
0.0104
0.033
0.006
0.0582
0.0298
0.0038
0.0056
1
0.0066
0.0096
0.0062
0.0274
0.1486
0.006
0.0066
0.9968
0.0054
0.0636
0.0056
0.0064
0.0046
0.0154
1
0.993
0.0134
0.0174
0.0512
1
0.0194
0.006
0.011
0.0602
0.0074
0.0208
0.006
0.0078
0.0414
0.0058
0.0048
0.0056
0.0232
0.991
0.2314
1
0.6398
0.0114
0.0198
0.0062
0.005
0.0092
0.0514
0.0182
1
1
0.0058
1
0.0084
0.0314
0.0058
0.0152
1
0.0064
1
0.0106
0.0398
0.0084
1
0.0178
0.024
0.0112
0.019
0.0132
0.0108
0.0066
0.0076
0.0096
0.0072
0.0098
0.0092
0.2072
0.0168
0.968
0.0066
0.0092
0.005
0.0112
1
0.0074
0.0394
0.0104
0.0064
0.0076
0.0062
1
0.0064
0.0068
0.0042
0.0414
0.0366
0.008
0.0078
0.0038
1
0.0186
0.0078
0.009
0.0052
0.0156
0.0062
1
0.0146
0.008
0.0054
0.0114
0.014
0.006
0.0216
0.0056
0.018
0.0098
1
1
0.01
0.0402
0.01
0.0066
0.1586
1
1
0.0112
0.0038
0.0206
0.0728
0.0062
0.018
0.0174
0.0296
0.0056
0.007
0.0096
0.005
0.0084
0.013
0.0056
0.0082
0.0078
0.0096
0.007
0.8574
0.0086
1
0.005
0.005
0.0148
0.039
0.0062
0.0056
0.0094
0.0184
0.011
0.0088
0.005
0.007
0.0246
0.0054
1
0.1134
0.0054
0.005
0.0074
0.1204
0.027
0.0096
0.1988
0.0244
0.003
0.0046
0.0036
0.0098
0.004
0.0122
1
0.0058
0.4314
0.031
0.0064
1
0.005
1
0.0054
0.0204
0.0068
1
0.0048
0.011
1
0.2492
0.0424
0.0082
0.0136
0.0084
0.0072
0.0054
0.0066
0.0392
0.0054
0.0068
0.0204
0.0094
0.0164
0.0068
0.0204
0.0176
0.022
0.0048
0.0142
0.0336
1
1
0.0208
0.006
0.0516
0.0104
0.0048
0.3754
0.0218
0.032
0.0048
0.008
1
0.01
0.991
0.014
0.019
0.0154
0.0076
0.0312
0.0246
0.0136
0.0194
0.0058
0.016
0.0106
0.0116
1
1
1
0.024
0.005
0.0168
0.0228
0.0492
0.0234
1
0.0136
0.0168
0.023
0.0052
0.0306
0.0132
0.0188
0.0152
0.0098
0.0088
0.0142
0.0084
0.0052
0.0044
1
1
0.0076
0.0086
0.0102
1
0.019
0.006
0.0056
0.0182
0.012
0.1496
0.0298
0.0106
0.0076
0.012
0.01
0.0068
0.0122
0.5896
0.0126
0.0138
0.0064
0.0074
0.008
0.0388
0.0756
0.0462
0.0176
0.0086
0.0114
0.0182
1
0.1154
0.004
1
0.0146
0.0276
0.0082
1
0.0084
0.0182
0.036
0.0138
0.009
0.0626
0.0326
0.031
0.0256
0.1698
0.0186
0.0134
0.0046
1
0.034
0.009
0.0078
0.0116
0.0046
1
0.0054
0.0122
0.944
0.0094
0.0056
0.0296
0.0354
1
0.006
0.0052
0.02
0.018
0.281
0.0328
0.006
0.0058
0.0096
0.0342
0.0104
0.0252
0.0068
0.005
0.1372
0.1776
1
1
0.006
0.0104
0.008
0.0176
1
0.004
0.0084
0.0136
0.0058
0.0122
0.0086
0.0304
0.0118
1
0.014
0.004
0.005
0.0124
0.0068
0.0136
0.0064
0.0082
0.0316
0.0132
0.015
0.0362
0.0444
1
0.0188
0.0232
0.018
0.0228
0.0076
0.0076
0.0354
0.0262
1
0.9966
0.0064
1
0.0202
0.015
0.0456
0.0496
0.0102
1
1
0.0106
0.0106
1
0.0332
0.0054
0.0242
0.0044
0.005
0.0054
0.0124
1
0.007
0.0048
0.0072
0.0162
1
1
0.0082
0.0114
0.0074
0.0056
0.0082
0.0142
0.013
0.0046
0.0046
0.0134
0.0036
0.0064
0.0378
0.0226
0.0108
0.0046
1
0.012
0.0064
0.005
0.006
0.0156
0.065
0.0052
0.1258
1
1
1
1
0.9934
1
0.0062
1
0.007
0.0056
0.0092
0.0084
1
0.0196
1
1
1
0.0288
1
1
1
1
0.0066
0.0458
0.0194
1
0.0094
0.0054
1
0.0154
0.0248
0.0068
0.0092
0.0072
0.007
0.0048
0.0058
0.006
0.0068
0.0052
0.006
0.9714
0.0158
0.0132
0.057
0.0064
0.1828
0.0046
0.0312
0.0098
0.006
0.0186
1
0.0284
0.057
1
0.004
0.0072
0.0078
0.016
0.0226
0.0036
1
0.0082
0.0088
0.01
0.0046
0.0044
0.0118
1
0.0286
0.0186
0.0188
0.0412
0.0574
1
0.0064
0.0094
0.0086
0.0092
0.006
0.0076
0.0142
0.0056
1
0.0768
0.0054
0.0074
0.006
0.0122
0.0108
0.0108
0.0088
0.0084
0.009
1
0.021
0.0056
0.0062
1
0.8066
0.0102
0.0076
1
1
1
0.0066
1
0.9968
1
0.005
0.1146
1
0.0148
0.02
0.0124
0.0052
1
0.0078
0.0182
0.0064
0.061
0.0214
0.0156
0.0068
0.0062
0.0054
0.0206
0.0614
1
0.0174
0.0068
0.0126
0.0374
0.0064
0.0086
0.0064
1
0.0248
0.0098
1
0.0262
0.005
0.009
0.0046
0.0058
0.0094
0.0154
0.0116
1
1
0.0044
0.0054
1
0.0062
0.006
0.0068
0.0056
1
1
0.0066
1
0.0072
0.0276
1
0.009
0.0152
0.0056
0.0046
0.0056
0.779
0.0104
0.0324
1
0.0166
0.0162
0.0134
0.0172
0.0184
1
0.9964
0.0048
0.0082
0.0046
0.0138
1
0.0066
0.0454
0.0258
0.0032
0.0082
0.981
0.0102
0.0118
1
0.0112
0.0304
0.0564
0.012
0.0056
1
1
0.0098
0.007
0.0074
1
0.0092
0.0228
0.008
0.0068
0.9996
0.0054
1
0.0054
0.006
0.0198
0.0126
0.021
0.0512
0.0272
0.0202
0.0086
0.0424
0.0196
0.0224
0.0278
1
0.0418
0.0244
0.0158
0.0054
0.0976
0.008
0.0102
0.031
1
1
0.0088
0.0206
0.021
1
1
0.0054
0.0092
0.0142
0.0046
0.0244
0.0332
0.0072
0.0172
0.0056
0.0082
0.0048
1
0.0122
0.0272
0.0212
0.015
0.0494
0.0084
1
0.0046
1
1
0.0048
0.0078
0.0206
0.0266
1
0.0672
0.0098
1
0.0082
0.0094
0.0058
0.0066
1
