0.016
0.6914
0.6906
2e-04
0
0.69
0.0012
2e-04
0.6896
0.0026
0.007
0.6912
0.0682
0.688
0
0.002
0
0.6884
0.0318
8e-04
0.6906
0.0046
2e-04
8e-04
0.001
2e-04
2e-04
0.043
8e-04
0
8e-04
0.083
0.1084
0.6902
0.6912
0.6874
0.6908
4e-04
6e-04
0.0056
0.2408
8e-04
0.015
0
2e-04
0.0062
0.1244
0.69
0.6908
2e-04
8e-04
2e-04
0.017
2e-04
0.0018
0.6884
0.6914
0.0054
0.6884
0.0014
0.0044
0.001
0
0.6886
0.6916
8e-04
4e-04
0.69
0.0016
0.5408
0
0.001
0.6886
0.0012
2e-04
6e-04
0.692
6e-04
4e-04
0.689
0.6882
0.0034
0.0044
2e-04
0.0016
4e-04
0.0014
8e-04
0.004
0.0016
4e-04
0.6884
0.0012
6e-04
0.6754
0.0012
6e-04
6e-04
4e-04
0.0184
2e-04
4e-04
8e-04
0.001
6e-04
0.6878
6e-04
0.0014
0.6906
0.0028
6e-04
4e-04
2e-04
0.6796
0.687
8e-04
0.6918
0.69
0.0038
0.1966
0.6884
4e-04
0.69
0.6894
2e-04
4e-04
0.0024
0.0018
2e-04
4e-04
0.6916
0.5082
0.6916
0.0014
0.0018
0.6902
8e-04
2e-04
0.0064
0.0508
0.0016
0.684
4e-04
0.6878
0.6898
0.003
2e-04
0.6876
2e-04
0.6906
0.0288
2e-04
2e-04
8e-04
0.6878
0.002
0.0014
2e-04
0.6878
4e-04
0.6812
0.688
0.6888
0.6882
0.6888
2e-04
0.688
0.6886
0.0016
0
0.0034
0.6878
0.0012
2e-04
0.0034
0.0156
4e-04
0.0016
0.6886
0.6874
0.0018
0.6884
6e-04
2e-04
4e-04
0.6914
0.691
0.6914
0.691
0.691
0.6822
8e-04
0.0014
0
0.002
0.0022
0.0052
0.0016
0.6896
6e-04
0.6904
0.0032
6e-04
2e-04
0.0012
0.6896
0.6874
2e-04
0.0024
2e-04
2e-04
0.0016
8e-04
8e-04
0.6908
0.6886
0.6878
0.691
0.0016
0.3396
0.6882
0.0044
0.0012
4e-04
2e-04
0.0018
0.6888
2e-04
0.6898
0.0024
0.003
0.0016
0.0044
0.0164
2e-04
0.6886
6e-04
4e-04
0.0146
8e-04
0.6912
0.6874
0.0016
0.002
0.689
0.0024
2e-04
0.0014
0.687
0.6854
0.6886
0.0642
0.0022
0.0024
0.0022
0.6884
0.0062
2e-04
4e-04
0.001
0.0032
6e-04
8e-04
4e-04
2e-04
0.6896
0.6892
0.0014
8e-04
4e-04
0.0012
0.004
8e-04
0.0018
6e-04
0
0.689
0.001
0.0028
0
8e-04
0.6874
0.6902
0.6896
0.0012
0.001
0.0016
0.69
4e-04
0
2e-04
0.0074
0.0032
0.0032
0.0048
0.0012
2e-04
0.0094
6e-04
0.6886
2e-04
2e-04
0.0012
0
0.6872
0
0.0016
8e-04
0.0568
4e-04
0
0.0044
6e-04
0.0168
0.6878
0.6878
0.0016
0.6916
0.014
2e-04
0.6902
0.0018
0.0038
0.2196
6e-04
0.0026
0.001
0
0.002
0.2556
0.0288
8e-04
2e-04
4e-04
0.0032
8e-04
0.0014
2e-04
0.0032
0.6878
8e-04
0.0012
0.002
0
8e-04
0.001
4e-04
0.0028
0.6898
0.6908
0.0022
0.688
0.6882
0
4e-04
0.6902
0.0016
2e-04
4e-04
0.5024
0.001
2e-04
6e-04
6e-04
2e-04
8e-04
0.0026
0
0.0012
0.691
2e-04
0.6864
0.0096
0.0012
0
6e-04
0.002
6e-04
0.0014
6e-04
8e-04
0.301
2e-04
0.6878
0
8e-04
0.6886
0.6904
0.0096
2e-04
0
0.6838
0.001
0
0
0
0
0.6892
4e-04
4e-04
0
0.6914
0.001
0.6912
0.572
0
4e-04
0.0094
0.0016
6e-04
4e-04
0
0.0034
6e-04
0
0.013
6e-04
0.029
0.6908
4e-04
6e-04
0.6892
0.002
4e-04
0
0.5524
6e-04
0.6876
0.6888
0.0676
0.6912
2e-04
0.691
0.6894
0.002
0.6902
0.6886
0.001
0.0014
4e-04
8e-04
2e-04
0
0.6896
0.6898
0.6896
2e-04
0.688
0.0014
8e-04
2e-04
4e-04
0
0.0024
0
0.0038
0.0334
0.0024
0.001
0.692
2e-04
0.6886
0.2534
0.0048
0.6896
0.6912
0.0124
0.6892
0.0022
0.6788
2e-04
8e-04
6e-04
0.6886
0.18
0.0022
0.0048
2e-04
0.0104
4e-04
0.6894
0.0012
2e-04
0.0024
0.6898
0.6908
0.6898
0.0012
0.6894
0
6e-04
0.6874
0.688
0.0018
0.0022
2e-04
0.0012
0.0012
0
0.6678
2e-04
0.6742
8e-04
2e-04
0.6906
0.6878
0.6868
0.688
0.001
2e-04
0.6884
0
4e-04
0.0024
2e-04
4e-04
0
0
0.0016
4e-04
0.425
0.2022
0.67
4e-04
0
2e-04
0.6904
2e-04
0.689
4e-04
0.002
0.0012
8e-04
0.6912
6e-04
0.0018
0.001
0.0014
0
0
0.0018
2e-04
6e-04
2e-04
0.6906
2e-04
4e-04
0
0.6884
0
2e-04
0.6888
0.0032
0.6908
0.001
4e-04
0
0.3104
0
0
0.6878
0.689
0.689
0.007
0.021
0.0024
0.0046
0.6866
0.006
0.001
0.0034
0
2e-04
0.0278
2e-04
0.0026
6e-04
2e-04
0.0044
6e-04
0.69
8e-04
0.001
8e-04
0.6906
0.0018
6e-04
0.689
0.2362
0.015
0.0048
0.0012
0.0014
0.0026
6e-04
0.6916
0.0018
8e-04
0.6886
0.0032
0.0018
0.6886
4e-04
0.1018
2e-04
0.0056
0
2e-04
6e-04
4e-04
0.3176
0
4e-04
0
4e-04
0
4e-04
6e-04
0.001
6e-04
2e-04
0
0.0118
0.003
0
0.6894
4e-04
2e-04
2e-04
0.005
0.3152
0.1618
0.6904
4e-04
0
0.6882
0.2784
2e-04
0.6902
2e-04
0
4e-04
0.6872
4e-04
0.5558
0.6882
8e-04
2e-04
4e-04
4e-04
0.0056
0.6884
2e-04
2e-04
0.6884
4e-04
2e-04
0.6882
0
6e-04
2e-04
0.0016
8e-04
0.0018
0.6906
0
0.0156
0.0012
0.0382
8e-04
4e-04
6e-04
0.6892
0.0044
