0.005
1
0.0258
0.006
0.01
0.0046
0.005
0.0224
0.004
0.0036
0.006
0.0054
0.0036
0.0064
0.0058
0.0052
0.0038
0.0034
0.0038
0.003
0.0038
0.0094
0.0046
0.003
0.0284
1
0.004
0.0072
0.039
1
0.0222
0.0104
0.059
1
0.0118
1
0.0044
0.003
0.003
0.0034
0.0052
0.0158
0.0244
0.9954
0.0018
0.007
0.0066
0.0324
0.0128
0.0034
0.0016
0.0054
0.0296
0.0166
0.0092
0.0058
0.0038
0.992
0.0188
0.0216
0.0064
0.0044
0.007
0.0036
0.004
0.0678
0.0144
0.0034
0.0048
0.0078
0.0036
0.008
0.004
0.0116
0.0058
0.0194
0.0084
0.0036
0.0356
0.0018
0.0086
0.0028
0.3582
0.0082
1
1
0.0028
0.0044
0.0046
0.0078
0.5996
1
0.0224
0.0036
0.0048
0.0062
0.005
0.0288
0.003
0.0142
0.0448
0.0056
0.0132
0.027
0.0024
0.0022
0.214
0.026
0.0066
0.0556
0.0038
0.016
0.0044
0.0022
0.0056
0.0048
1
0.031
0.0076
0.0028
0.0058
0.0026
0.0178
0.0056
0.0028
0.0086
0.0314
1
0.006
0.008
0.0032
0.0098
0.0056
0.009
1
0.017
0.0304
0.0056
0.0026
0.0026
0.0048
0.0034
0.0032
0.0042
0.003
0.018
0.0044
0.0038
0.0024
0.0088
0.003
0.0014
1
0.015
0.0188
0.0022
0.0018
0.0236
0.0088
0.0028
0.0212
0.0114
0.9984
0.0028
0.017
0.0444
0.0048
0.0032
0.9988
0.0018
0.0102
0.0088
0.0096
0.0042
0.0078
0.0088
0.0072
0.0052
0.0624
0.0082
0.0098
0.002
0.0052
0.0054
0.0028
0.0046
0.0444
0.0036
0.0046
0.0028
0.0038
0.0024
0.982
0.0868
0.0038
0.0054
0.016
0.064
0.0428
0.0038
0.0026
0.0058
0.0048
0.0038
0.0108
1
0.078
0.0042
0.0044
0.0226
0.0076
0.0038
0.0056
0.0282
0.0038
1
1
0.0174
0.0044
0.0138
0.0038
1
0.0046
0.0036
0.0908
0.0064
1
0.0048
1
0.004
0.0508
0.0028
0.0382
0.0192
0.0162
0.0038
0.0044
0.0038
0.0196
0.0392
1
0.012
0.01
0.0034
0.004
0.006
0.0154
0.0042
0.0024
0.0102
0.0028
0.009
0.008
0.0058
0.0306
0.0012
0.0044
0.0046
1
0.0062
0.0268
1
0.0086
0.0026
0.0088
0.005
0.008
0.0038
0.013
0.0052
1
0.0092
0.0304
0.003
0.0036
0.0026
0.0012
0.0038
0.0036
0.003
0.0044
1
0.0044
0.0056
0.0036
0.004
0.0068
1
0.0298
0.0046
0.0036
0.0042
0.0036
0.0024
0.0038
0.0048
0.0056
0.002
1
0.0026
0.004
0.0052
0.0032
0.0054
0.0034
0.0036
1
0.0076
0.0044
0.002
0.0032
0.0034
0.0022
0.0048
0.0024
0.056
0.0028
0.004
0.0054
0.0032
0.0026
0.0156
0.0112
0.0098
0.009
0.9998
0.005
0.0034
0.0042
0.005
0.004
0.0022
0.0144
1
0.0046
0.123
0.007
4e-04
0.0504
0.081
0.004
0.0062
0.026
1
0.0492
1
0.125
0.0084
0.0252
0.003
1
0.0018
0.0104
0.078
0.003
0.0026
0.0018
0.0176
0.0044
0.0068
0.0032
0.003
0.0234
0.0064
0.0038
1
0.005
1
0.0116
1
0.0236
0.052
0.0048
0.004
0.0026
0.0256
0.0384
0.0146
0.0056
0.0028
0.0046
0.0022
0.0026
0.0626
0.0332
0.0022
0.0232
0.007
0.0722
0.0046
0.0026
0.0318
0.0082
0.0022
0.0032
0.0018
0.0052
0.1652
0.0048
0.0032
0.0058
0.0172
0.0054
0.0102
0.0038
0.0236
0.0208
0.01
1
0.003
0.0034
0.005
0.0034
0.025
0.0038
0.0032
0.0516
0.0056
0.0048
0.0394
0.0032
0.0524
0.003
0.0052
0.003
0.9994
0.0038
0.0056
0.0036
0.0052
0.004
0.0244
0.0646
0.0044
0.023
0.0046
0.0044
0.0188
0.0922
0.0102
0.0076
0.0332
0.0048
0.043
0.002
0.007
0.004
0.0044
0.0076
0.0236
0.0028
0.0048
0.006
0.042
0.0072
0.0032
0.084
0.0032
0.0034
0.0216
0.0054
0.0046
0.0114
0.0058
0.0018
0.0024
0.0036
0.9998
0.004
0.0056
0.0044
0.0052
0.0152
0.0066
0.005
0.0608
0.0032
0.0512
1
0.0132
0.0038
0.0028
0.0026
0.0372
0.003
0.0224
0.004
0.004
0.0058
1
0.0316
0.0106
0.0042
0.0024
0.009
0.0092
0.0022
0.005
0.0032
0.0038
0.017
1
0.0026
0.0286
0.004
0.5034
0.0056
0.045
0.017
1
0.0038
0.0058
0.005
1
0.0024
0.0272
0.0046
1
0.004
0.6572
0.1702
0.0308
0.0072
0.0038
0.0858
0.004
0.9534
0.0034
0.0024
0.0444
0.0038
0.087
0.0176
0.0054
0.002
0.0034
0.0038
0.0044
0.0076
0.9764
0.0032
0.0052
0.0044
0.0028
0.006
0.003
0.0074
1
0.0046
0.0048
0.0098
0.0394
0.0084
0.7362
0.0262
0.0082
0.0116
0.002
0.003
0.0038
0.0282
0.025
0.0044
0.0198
0.0644
0.003
0.0048
0.0032
0.005
0.0106
0.0038
0.0492
1
0.0062
1
0.003
0.005
1
0.0056
0.0026
0.018
0.0042
0.0028
0.0036
0.0032
0.0032
0.0064
0.0036
0.0302
0.0056
0.0032
0.003
0.0064
0.0036
0.032
0.996
0.0036
0.005
0.0066
0.023
0.0038
0.0048
0.0754
1
0.0032
0.0044
1
0.005
0.004
0.0024
0.0902
0.0076
1
0.0036
0.007
0.0026
0.8394
0.034
0.0246
0.0284
0.0052
0.002
0.0032
0.0058
0.0046
0.0044
0.0472
0.0202
0.0024
0.0104
0.0036
0.0034
0.0078
0.0052
0.0038
0.0014
0.0134
0.0044
0.0092
0.006
0.0036
0.0022
0.0518
0.0606
0.0046
0.0026
0.045
0.0038
0.0106
0.053
0.0034
0.009
0.0042
0.9962
0.0028
1
0.0076
0.0058
0.0584
0.005
0.0052
0.0046
0.003
0.0038
0.005
0.004
0.004
0.068
0.0038
0.0036
0.0166
0.0036
0.004
1
0.0022
0.0036
0.0026
0.0064
0.0042
0.0392
1
0.0026
0.0528
0.0206
0.0018
0.004
0.0056
0.0048
0.0032
0.0038
0.003
0.0432
0.007
1
0.0142
0.0038
0.0028
0.004
0.0018
0.007
0.0024
0.0024
0.0054
0.007
0.0044
0.0048
0.012
0.006
0.0032
0.0098
0.0028
1
0.0064
0.007
0.0038
0.0148
0.0054
0.0536
0.0038
0.023
0.0028
0.003
0.007
0.0038
0.004
0.0554
0.0036
0.9434
0.0028
0.0092
0.0062
0.0052
0.0048
0.0028
1
0.9676
0.0074
0.01
0.003
0.0058
1
0.007
0.9994
0.004
0.0174
0.0102
1
0.0194
0.003
0.004
0.0038
0.9506
0.0018
0.0082
1
0.0292
0.0042
0.002
0.0044
0.0396
0.0028
0.0036
0.0054
0.005
0.0682
1
0.0052
0.0392
0.004
0.0042
0.0146
0.0104
0.0072
0.2086
0.1676
0.0822
0.0038
0.0038
1
0.0034
0.1104
0.119
0.0026
0.0038
0.022
0.0038
0.003
0.003
0.069
0.0034
0.0038
0.0054
0.002
0.0164
0.0064
0.0042
0.0076
0.026
0.005
0.0056
0.002
0.003
0.0058
0.0046
0.0058
0.0614
1
0.0054
0.0292
0.9878
0.0344
0.0028
0.0268
0.038
0.002
0.0028
0.0068
0.0342
0.05
0.003
0.006
0.0044
0.9972
0.1112
1
0.0028
0.004
0.0062
0.005
1
0.0038
0.0204
0.0108
0.0064
0.0032
0.0048
0.0086
0.0042
1
0.0042
0.0018
0.0178
0.0078
0.0046
0.0042
1
0.0032
0.9998
1
0.9966
0.0038
0.0748
0.003
0.0106
0.0034
0.0248
0.1288
0.0028
0.003
1
0.006
0.0054
0.0066
0.0062
0.0042
0.9586
0.0072
0.0066
0.0338
1
0.0042
0.0154
0.0048
1
0.0142
0.0018
0.002
0.0212
0.1408
0.003
0.0034
1
0.9966
0.0022
0.002
1
0.003
0.0028
0.0018
0.0164
1
0.003
0.004
0.004
0.0018
1
0.0038
0.0028
0.0184
0.002
0.004
0.0022
0.0022
0.0048
0.0036
0.0038
1
0.0018
0.0046
0.0044
0.003
0.0046
0.005
0.0058
0.0036
1
0.0692
1
0.0028
0.0532
0.0024
0.0034
0.0042
0.0022
0.0032
0.0042
0.006
0.0044
0.0534
0.0046
0.003
0.006
0.0456
0.0032
0.0678
0.0254
0.0038
0.0016
0.0066
0.004
0.0198
0.005
0.0378
1
0.006
0.0164
0.0076
0.0182
0.0254
0.0508
1
0.0068
0.006
0.138
0.0038
1
1
0.0504
0.0036
0.0126
0.0604
0.0274
0.0042
0.0132
0.0022
0.0086
0.0032
0.006
0.0038
0.003
1
1
0.0034
0.0024
0.0028
0.0038
0.027
0.0178
0.01
0.0046
0.0316
0.0036
0.0158
0.0338
0.0056
0.004
0.002
0.0056
0.004
0.0778
0.0048
0.0046
0.0036
1
0.0058
0.0068
1
1
0.0052
0.0026
0.0096
0.0296
0.0046
1
0.0044
0.006
0.0026
0.0052
0.0844
0.0074
0.1062
0.0032
0.003
0.0026
0.0034
0.0022
0.0036
0.003
0.1152
0.0026
0.0038
0.013
0.0024
0.0052
0.015
0.0044
0.0024
0.0028
0.035
0.0048
0.0556
0.0088
0.0056
1
0.0034
0.0068
0.0058
0.0286
0.0224
0.0226
0.0034
0.0018
0.0044
0.0242
0.0318
0.7298
0.0208
0.0062
1
0.0032
1
1
1
0.0646
1
0.0068
0.0046
0.0244
0.0388
0.0028
0.0056
0.0052
0.003
0.0038
0.0026
0.0034
0.0244
0.0024
0.0022
0.0168
0.028
0.0028
0.9976
0.0142
1
0.0058
0.0046
0.0042
0.006
0.0064
0.006
0.0244
0.0036
0.0026
0.016
0.0068
1
0.0058
0.0024
0.0144
0.0324
0.0034
0.0034
0.0032
0.0212
0.0032
0.006
0.0024
1
0.0038
0.103
0.0028
0.004
0.6106
0.0196
0.0026
0.0234
0.0202
0.0044
0.004
0.0026
0.0064
0.01
0.1172
0.0254
0.0072
0.0056
1
0.0032
0.011
0.0036
1
0.9972
0.0112
0.017
0.0098
1
0.0042
0.018
0.0042
1
0.007
0.0084
0.008
0.0022
0.0058
0.0026
0.0016
1
0.0036
0.0576
0.0076
0.016
0.0032
0.004
0.135
0.0682
0.031
0.1604
1
0.0034
0.0294
0.0032
0.0036
0.0156
0.004
0.0098
0.0068
0.007
1
0.0532
0.0058
0.0072
0.012
0.0056
0.0056
0.028
0.0136
1
0.0084
0.0088
0.0022
0.002
0.0046
0.0246
0.0018
0.0102
0.0238
0.003
0.008
0.0044
0.0094
0.003
0.0052
0.0464
0.003
0.004
0.021
0.0078
0.0064
0.0516
0.003
0.414
0.0034
0.002
1
0.9988
0.0152
0.005
0.0492
0.0018
0.0244
0.0138
0.0192
0.0038
0.0032
0.008
0.0356
0.0054
0.005
0.0158
1
0.0186
0.003
0.0042
0.007
0.0346
0.0116
0.0034
0.0148
1
0.0282
0.0026
0.0072
0.0038
0.0066
0.0078
0.0042
0.0064
0.0638
0.0032
0.0026
0.0634
0.9958
0.0046
0.0034
0.0054
0.6332
0.0052
0.003
0.8544
0.0094
0.0052
0.8862
0.0052
0.8056
0.013
0.002
0.0266
0.0306
0.0278
0.5796
0.0152
1
0.0284
1
0.0184
0.0196
0.0284
0.0042
0.0036
0.0044
0.0338
0.0042
0.0026
0.0056
0.003
0.0096
0.0062
0.0262
0.0038
0.9966
0.0142
0.013
0.6028
0.0032
0.0046
0.014
1
0.0286
0.0032
0.0032
0.1878
1
0.0046
0.0046
0.0034
0.0028
0.018
0.2724
0.0086
0.0416
0.0028
1
0.0424
0.0034
0.0122
0.0192
0.0038
0.0142
0.0046
0.0022
0.0036
0.0042
0.023
0.0014
0.018
0.0254
0.0102
0.0094
0.0322
0.0018
0.0028
0.0018
0.002
0.003
0.0024
0.0026
0.0022
0.0042
0.004
0.0066
0.0038
0.0034
0.0024
1
0.1216
0.005
0.0026
0.0032
0.0052
0.01
0.1272
0.0028
0.003
0.0302
0.0018
0.009
0.024
0.0028
0.0028
0.0038
1
0.004
1
0.0038
0.0126
0.0036
0.0086
0.0086
0.0064
0.0036
0.0054
0.0024
0.0068
0.7088
0.0048
0.0032
0.0362
0.0044
0.0122
0.0036
0.0338
0.0034
0.0088
0.0036
0.0034
0.013
0.0062
1
0.0036
0.0148
1
0.0402
0.0326
0.0026
0.0132
0.0066
0.0126
0.02
0.0082
0.9786
0.0054
0.008
0.042
0.0338
1
0.003
0.0056
0.0286
0.0026
0.0032
0.0148
0.9966
0.0194
0.004
0.01
0.0074
0.0034
1
0.0332
0.0282
1
1
0.2076
1
0.0436
0.0042
0.0082
0.0262
0.0062
1
0.013
1
0.0034
0.004
0.0072
0.0172
0.0078
0.0038
0.0022
0.0034
0.98
0.0196
1
1
0.0032
1
0.016
0.0082
0.0036
0.0292
0.0728
0.0048
0.003
0.0032
0.0968
0.0042
1
0.9828
0.0044
1
0.1374
1
0.0034
0.0028
0.0312
0.0026
0.0048
0.0026
0.0028
0.0058
0.0076
0.009
0.0054
1
0.0038
0.0012
0.0026
0.0048
0.002
0.0188
0.003
0.0122
0.1112
0.0076
0.0258
0.0226
0.0234
0.0074
0.002
0.984
0.0036
1
0.003
0.0402
0.0218
0.0094
1
0.01
0.0038
0.002
0.0102
0.0024
1
0.0016
0.0116
0.0068
0.0026
0.0204
1
0.004
0.0048
0.0344
0.0112
0.0026
0.0028
0.0034
0.0026
0.0036
1
0.005
0.0096
1
1
0.0026
1
0.0032
0.0066
1
0.006
0.0038
0.0084
0.0072
0.0046
0.0034
0.0252
0.0028
0.0078
0.885
1
0.0154
0.0016
0.0032
0.0038
0.0138
0.0156
0.013
1
0.0112
0.0018
0.0016
0.0086
0.0232
0.0044
1
0.0028
0.017
0.0034
0.0024
1
0.0174
0.0044
0.6608
0.0036
0.0046
0.0038
1
0.0054
0.0036
0.0032
0.003
0.004
0.0026
0.0058
0.0042
0.0116
0.0028
1
0.034
1
0.0038
1
0.9632
0.058
0.036
0.0108
0.005
0.0474
0.9542
0.0464
0.0506
1
1
0.0032
1
0.0144
0.0278
0.0032
0.003
0.0252
0.0038
0.0032
0.0026
0.0106
0.0132
0.0592
1
0.0236
0.0286
1
0.0028
0.004
0.0042
0.003
0.0754
0.0584
1
1
0.004
1
0.002
0.0092
1
0.0514
0.006
0.003
1
0.0218
0.0064
0.0158
0.0118
0.0054
0.0036
1
0.007
0.0034
0.0068
0.005
0.0032
0.0028
1
0.005
1
0.0042
1
0.0046
1
0.0358
1
0.0024
0.003
0.003
0.9586
1
0.0058
0.0248
0.0046
0.005
1
0.522
0.003
0.0038
0.0214
0.0226
1
0.0048
0.0034
0.0046
1
1
0.0054
0.0166
0.0032
1
0.9592
0.0028
1
0.038
0.0022
0.0028
0.0038
0.005
0.0072
0.003
0.0042
0.0062
0.0764
0.0084
0.0056
0.0486
0.0028
0.0048
0.0084
0.0088
0.0904
0.0534
0.0106
0.0424
0.0094
0.0034
0.0022
0.0614
0.0036
6e-04
0.0458
0.0204
0.0314
0.0444
0.032
0.0348
0.0476
0.0198
0.186
0.0636
0.004
0.0046
0.0038
0.9998
0.0408
0.011
0.0074
0.0104
0.019
0.9992
0.0154
0.0272
0.003
1
0.0284
0.0278
0.003
0.0158
0.0016
0.541
0.0062
0.9882
1
1
0.0216
0.0946
1
0.0016
0.0114
0.0072
0.0034
0.004
0.0092
1
0.0038
0.0102
0.0202
0.9532
0.7412
0.0132
0.0258
