0.0082
0.0068
0.0058
1
1
0.0052
0.005
0.0264
1
0.0158
0.0108
0.0058
0.008
0.0064
1
0.0096
0.0054
0.0042
1
1
0.0074
0.0058
1
0.0054
0.0086
0.0278
0.0036
0.0118
1
1
1
0.0056
1
0.0236
0.0126
0.0058
0.0036
1
0.0046
0.0036
0.0038
0.0054
0.0646
0.0066
0.005
0.0084
0.0058
0.007
1
1
0.9988
0.0078
0.0044
0.0048
0.0134
0.005
0.0142
0.007
0.0042
0.011
0.0054
1
0.0044
0.0026
0.0056
0.005
0.0038
0.0054
0.004
1
1
0.0034
0.012
0.0046
0.2614
0.0048
0.007
0.0054
0.0044
0.0058
0.0058
0.0046
0.015
0.075
0.0054
0.0032
0.3698
0.0244
0.0052
0.009
0.006
1
0.0074
0.0032
0.0066
0.0072
0.0084
0.0058
1
0.968
0.0054
1
0.0056
0.0068
0.0044
0.0052
0.0052
1
0.0182
1
0.0038
0.0048
0.0062
0.0052
0.006
0.0078
0.0064
0.0028
0.0062
0.0052
0.0066
0.0078
0.007
0.0126
0.0058
0.0062
0.0022
0.2238
0.0058
0.006
0.0068
0.036
0.02
0.0056
0.0068
0.0038
1
0.0072
1
0.0134
1
0.0368
0.0146
0.007
0.0072
0.004
0.0036
0.0028
0.0564
0.0074
0.993
0.0024
0.0144
0.01
0.028
0.007
0.0034
0.0034
0.0062
0.0036
0.0042
0.0062
0.0052
0.005
0.0044
1
0.0034
0.004
0.0036
1
0.616
1
1
1
0.0084
0.0182
0.0038
0.0078
0.0108
0.0048
0.0054
0.0024
0.004
0.0042
0.006
0.005
0.0052
0.0048
1
0.0086
0.0076
0.005
1
0.0098
0.0058
1
0.018
0.0038
0.0122
0.0086
0.0056
0.0078
0.0078
0.0096
1
1
0.0082
0.0056
0.0038
0.003
0.0254
0.0258
0.0164
0.005
0.0044
0.005
1
1
1
1
0.0056
0.016
0.0126
0.0532
0.0204
1
0.0036
0.0038
0.0058
0.0126
0.0082
0.0056
1
1
0.0072
0.9986
0.0068
0.374
1
0.0068
0.0044
0.004
0.0048
0.0044
1
0.0112
0.104
1
1
0.0078
0.0068
0.0046
0.021
0.0058
0.0068
0.0048
1
0.0042
0.007
0.0178
1
0.0068
0.0068
0.0068
1
0.0034
0.0068
0.0032
0.0068
0.0046
0.0168
0.006
0.0054
1
0.0032
0.0128
0.0066
0.9394
0.0044
1
0.0226
0.0038
0.0108
1
0.0098
0.006
0.1812
1
0.0152
0.0244
0.0104
0.0034
0.0236
0.0194
0.0044
0.0032
0.0078
0.0084
1
0.8902
0.0036
0.0158
1
0.009
0.0054
1
0.0076
0.9954
0.0048
0.0046
1
0.0124
1
1
1
0.0026
0.0044
1
0.008
0.0046
1
0.0224
1
0.0078
1
0.9698
0.0044
0.005
0.0166
0.0076
1
0.0106
0.0034
0.0084
0.0052
1
0.0052
0.0102
1
0.0054
1
0.0042
0.0046
0.0062
0.0032
0.0086
1
0.0172
1
1
0.0028
0.0158
1
0.0102
1
0.009
0.008
0.005
0.0046
0.0034
1
1
0.0056
0.0128
0.0044
0.0036
1
0.0082
0.0076
1
1
1
0.004
0.0058
1
0.0034
0.0064
0.0044
0.0062
0.0046
0.0062
0.0066
0.0066
0.0044
0.0072
1
0.004
1
0.0348
0.0048
0.0046
1
1
0.0044
0.006
0.0062
1
1
0.0076
0.0052
0.0056
1
0.0084
0.0034
0.0048
0.004
0.0034
0.0052
0.004
0.0048
1
1
0.0044
0.0062
0.0046
0.0078
1
1
0.0068
0.005
0.006
0.003
0.0044
0.0036
0.0062
0.0036
0.0044
0.0052
0.0072
0.0058
0.0206
0.0918
1
1
0.0036
0.0032
0.0042
0.006
0.0046
0.0046
0.0068
0.0054
0.0066
0.0074
0.0118
0.0038
0.0086
0.004
1
0.009
0.005
0.0274
0.0072
0.0048
0.0046
0.0048
0.0052
0.004
0.0064
0.0086
0.0036
0.005
1
0.09
0.0052
0.0068
1
1
1
0.0044
0.0062
0.0602
0.0052
0.0078
1
1
1
1
0.004
0.0048
0.0066
0.0048
0.0068
1
0.013
0.005
0.012
0.0186
0.0084
0.0062
0.004
0.0064
0.0042
0.0056
0.0026
0.0056
0.0386
0.2316
0.0094
0.0092
1
0.0144
1
0.0066
1
1
0.005
1
0.0058
0.0054
0.0052
0.0214
0.007
0.997
0.0036
0.0064
0.0038
0.0404
1
0.0208
0.0052
0.0058
0.0068
0.0044
0.0064
0.006
1
0.3154
0.005
0.012
0.0354
0.0046
0.0144
0.9998
1
0.015
1
0.005
0.0304
0.0062
0.0032
0.0068
0.0106
0.0202
1
0.0076
0.0028
0.0102
0.4994
0.0218
1
0.0042
1
0.0166
1
1
0.0058
1
0.0062
0.0044
0.0094
0.0038
0.0032
1
1
1
0.0194
1
1
0.0046
0.0062
0.0068
0.0048
0.0196
0.0162
1
0.0088
0.0092
0.0082
0.0076
0.0044
1
0.0048
0.0048
0.042
0.005
1
0.0062
0.0066
0.0064
0.0086
0.0248
0.0082
0.005
0.013
0.036
1
1
0.0068
0.0278
0.0034
0.938
