1
0.0038
1
0.0116
0.0116
0.0448
0.0104
1
0.0028
1
0.0042
4e-04
0.0078
2e-04
0.0014
1
0.0012
0.0314
1
0.0032
0.0038
1
0.0022
0.1104
0.0016
0.0028
0.164
0.2526
2e-04
1
0
0.0014
0.0154
1
0.0012
0.1484
0.9998
1
0.5196
0.002
2e-04
0.0016
1
0.001
4e-04
0.0012
2e-04
0.0022
1
0.2244
1
1
6e-04
1
4e-04
2e-04
2e-04
0.0012
4e-04
0.0034
0.0012
0.0316
0.0044
0.003
1
1
0.0014
1
0.0022
0.9994
1
1
8e-04
8e-04
6e-04
0.0014
0.001
8e-04
0.0054
1
0.0012
8e-04
2e-04
0.7626
0.0012
1
1
1
0.0012
0.0016
4e-04
0.0012
0.0048
0.0374
0.0012
0.8596
2e-04
2e-04
0.0032
4e-04
0.0016
1
2e-04
1
1
0.0012
0.001
0.001
1
0.0012
1
0.003
1
1
0.0022
1
1
1
1
1
0.0076
0.0032
0.0022
2e-04
1
1
4e-04
0.0096
6e-04
1
0.104
1
0.0438
0.0356
0.0054
0.966
0
0.0022
1
8e-04
1
0.9662
8e-04
0.0012
1
4e-04
0.001
1
0.0054
1
0.997
0.0098
6e-04
0.0152
0.0016
0.001
1
1
1
0.0014
1
4e-04
0.0012
4e-04
8e-04
0.0016
0.0012
0.0012
1
1
0.0018
0.0026
4e-04
0.0024
0.22
0.0024
0.0094
0
0.0022
0.0012
0.0012
1
0.0346
0.003
0.0032
6e-04
1
0.9998
0.002
1
1
0.0016
8e-04
0.0018
4e-04
0.001
0.0024
0.0044
1
8e-04
0.0014
0.001
1
0.0096
0.0056
0.1666
0.0014
0.003
4e-04
0.5938
8e-04
1
0.9888
0.003
0.0164
0.0028
0.0026
0.001
4e-04
6e-04
1
0.0028
6e-04
0.002
0.0038
0.0012
8e-04
0.0032
6e-04
1
1
6e-04
4e-04
0.002
2e-04
0.003
6e-04
1
8e-04
0.0042
0.001
4e-04
0
1
0.0086
4e-04
1
2e-04
1
2e-04
0.0014
4e-04
0.0018
1
8e-04
0.0078
0.0012
0.002
0.0024
1
8e-04
1
0.0582
0.0012
1
1
0.0056
1
0.0012
2e-04
2e-04
2e-04
0.0068
0.001
0
6e-04
0.0552
0.0012
6e-04
0.0048
0.002
1
0.7098
8e-04
0.0068
0.0024
0.0088
0.0016
0.796
0.0016
0
0.0014
0.0056
0.0044
0.0018
0
0.001
2e-04
0.0652
0.0062
0.004
1
6e-04
0.0028
2e-04
1
4e-04
8e-04
1
1
0.0016
0
0.0032
6e-04
0.0012
4e-04
0
1
4e-04
0.0012
1
1
0.0022
6e-04
8e-04
0.016
0.001
0.0072
1
0.0788
0.0014
1
2e-04
2e-04
0.0048
2e-04
4e-04
1
0.0104
1
8e-04
0.0194
8e-04
0.9998
1
1
1
4e-04
0.0042
0.0032
1
1
0
0.0072
6e-04
0.8138
4e-04
0
0.0202
4e-04
0.0124
0.0148
1
1
1
6e-04
0.0016
0.0066
0.15
4e-04
6e-04
0.0174
4e-04
4e-04
0.0012
0.0036
2e-04
4e-04
0.0014
8e-04
0.0326
1
0.001
8e-04
8e-04
8e-04
0.0018
6e-04
1
0.03
0.001
1
2e-04
6e-04
0.0026
1
0.0044
0.0018
0.0014
0.001
0.0022
0.001
0.6918
2e-04
4e-04
0.0024
1
6e-04
0.0012
1
1
1
4e-04
0.001
4e-04
0.002
0.0014
1
0.9998
2e-04
1
2e-04
8e-04
0.0038
0.001
2e-04
1
1
2e-04
1
0.0032
0.0108
1
1
0.0032
0.0348
0.3588
1
6e-04
1
1
8e-04
0.005
0.0012
0.0012
0.9204
0.0322
1
0.0012
4e-04
1
0.0086
0.0016
0.7316
1
0.0408
1
1
0
6e-04
1
2e-04
0.0028
0.002
2e-04
0.001
0.001
0.0012
1
1
4e-04
0.002
0.9982
0.003
1
8e-04
0.0012
1
1
0.0066
0.0032
1
1
4e-04
2e-04
1
2e-04
1
0.0016
0
8e-04
0.001
0.001
0.0022
0.0042
0.0046
0.0036
0.0014
4e-04
0.0038
1
6e-04
0.0022
1
1
0.0024
6e-04
0.009
0.5774
0.0012
6e-04
6e-04
8e-04
1
0.001
2e-04
0.0022
1
1
1
1
1
1
0.004
0.0114
1
0
1
6e-04
0.002
4e-04
1
1
1
0
6e-04
2e-04
6e-04
0.0014
0.0014
4e-04
4e-04
1
6e-04
4e-04
0.0012
8e-04
2e-04
0
2e-04
0.003
1
1
2e-04
0.0016
0
6e-04
0.0024
1
0.0162
1
4e-04
4e-04
1
2e-04
0.004
0.001
0
0.0018
0.003
8e-04
6e-04
0.001
1
0.0176
0.5634
0.0022
0.0012
1
1
0.0134
1
0.008
0.0024
0.0012
2e-04
0.0036
0.0074
1
0
1
0.0054
0.0016
6e-04
6e-04
0.4216
0.8772
8e-04
2e-04
1
0.001
0.0012
2e-04
0.001
0.0152
2e-04
4e-04
4e-04
0
8e-04
0.9598
4e-04
0.973
0.004
4e-04
0.0036
2e-04
1
0
0.0074
0.0016
6e-04
0.0026
0.0024
0.008
0
6e-04
0.043
0
2e-04
0.0022
0.0014
2e-04
0.0086
8e-04
0
0
4e-04
0.0132
1
0.98
0.028
1
0.0016
2e-04
1
4e-04
0.0014
0
6e-04
1
0.0028
0.4116
1
0.4104
1
1
0.3684
1
0.0222
1
2e-04
1
0.001
2e-04
0.0018
0.0084
0.001
0.0082
0.0084
0.0036
0.001
0.0714
0.0098
0.0136
0.0018
2e-04
1
0.0016
0.004
1
0.003
1
6e-04
2e-04
2e-04
6e-04
0
0.0016
0
2e-04
6e-04
