0.046
0.007
1
1
0.9402
0.1074
0.0214
1
0.0126
0.0082
0.0574
0.0048
0.6776
0.0968
0.0076
0.007
0.0066
1
0.0086
1
0.0078
0.0058
1
0.0054
0.0082
0.0772
0.0098
0.0078
0.0042
0.017
0.0226
0.0196
0.0072
0.0096
0.0078
0.0146
0.007
0.9998
0.012
0.0142
0.019
0.0212
0.0194
0.0074
1
0.0116
0.0154
0.0272
0.0036
0.005
1
0.0548
0.0098
0.0182
0.011
0.0104
1
0.0046
0.968
0.006
0.0136
0.0092
0.9946
0.0088
0.006
1
1
1
0.0134
0.0052
0.0074
0.0046
0.0088
0.0098
0.007
0.0102
0.0052
1
0.0052
1
0.0214
0.0086
0.0078
0.9834
0.0042
0.0098
0.0112
0.0036
0.9962
0.0226
0.0052
1
0.0056
0.0078
0.0052
0.0082
0.0044
0.0044
0.0118
0.7208
0.0082
0.0042
0.0134
0.0064
0.0066
0.004
0.0102
0.0156
0.026
0.0052
0.0086
0.062
0.0184
0.006
0.0068
0.0094
0.0112
0.0086
0.0084
0.0088
0.011
0.0084
0.008
0.0924
0.0088
0.008
0.0074
0.0152
1
0.0084
1
0.0112
0.0324
0.0102
0.007
0.0114
0.0108
0.0076
0.0104
1
0.007
0.0094
0.9866
0.011
0.0044
0.0074
1
0.0046
0.0164
0.0074
0.0052
0.0062
0.008
0.004
0.0054
0.009
0.3714
0.0122
0.0054
0.0148
0.007
0.0058
1
0.0122
0.0082
0.011
0.0056
0.0134
0.0042
0.0116
0.0052
0.2054
0.0104
0.0064
0.0062
0.011
0.0052
0.0086
1
0.0154
0.0064
0.0084
0.0544
0.0204
0.0148
0.0074
0.006
0.0086
1
0.0058
0.007
0.007
0.5562
0.0126
0.0062
0.0062
0.0126
0.0052
0.0044
0.0116
0.017
0.0104
0.0078
1
0.0072
0.0052
0.0072
0.0118
0.0046
0.0108
0.0062
0.0102
0.0172
0.0056
0.0066
0.0056
0.0068
0.0268
0.0124
0.0086
0.0106
0.0058
0.0086
0.007
0.0058
0.01
0.0064
0.0104
0.0084
0.0064
0.0112
0.019
0.0128
0.0082
1
0.0072
0.0136
0.0056
0.17
1
0.004
0.0094
0.012
0.0078
0.0168
1
0.0054
0.0196
0.0078
0.0122
0.0042
0.0042
0.0088
0.0072
0.0096
0.0064
0.0106
0.049
0.0084
0.0096
0.0052
0.0058
0.0144
0.0104
0.008
0.0092
0.6764
0.0108
0.0044
0.0052
0.0212
0.0086
0.0132
0.0096
0.0096
0.038
0.007
0.0066
0.0306
0.0066
0.0342
0.0052
0.007
0.1554
0.01
0.127
0.0092
0.0068
0.0396
0.0066
0.0088
0.012
0.0104
0.0046
0.0058
0.008
0.0178
0.0098
0.005
0.0084
0.0154
1
0.021
0.0186
0.007
0.009
0.0112
0.0086
1
0.0978
0.0706
0.0128
0.0112
0.0052
0.0226
0.0098
0.0112
1
0.0096
0.0268
0.0072
0.0072
0.1972
0.0098
0.0046
0.011
0.0178
0.0364
0.0086
0.2164
0.0226
0.0062
1
0.0144
0.0076
0.0052
0.0094
0.0412
0.009
1
0.0238
0.011
0.0082
0.0202
0.005
0.0222
0.0096
0.0166
0.0086
0.0042
0.0056
0.0176
0.037
1
0.0228
1
0.003
0.0038
0.005
0.0044
0.0152
0.0814
0.0066
0.0328
0.0034
0.014
0.0054
0.0122
0.0094
0.0054
1
1
0.0036
0.026
0.0072
0.0044
0.023
0.0168
0.0044
0.0092
0.0848
0.0064
0.0192
1
0.0094
0.0088
0.0074
0.0052
0.0036
0.0082
0.0064
0.0074
0.0022
0.0056
0.0946
0.005
1
0.0046
0.0042
0.0062
0.006
0.0042
1
0.0046
1
1
0.006
0.0072
0.006
0.0086
0.0064
0.0064
0.0086
0.0204
0.009
1
0.0076
0.0646
0.2072
0.1328
0.0044
0.0054
1
0.0048
0.0054
0.0072
1
0.0096
0.0066
0.0044
0.0054
0.0424
1
0.0056
0.011
0.008
0.0076
0.0102
0.0034
0.0082
0.0162
0.0076
0.0052
1
0.0242
0.0108
0.0062
0.0064
0.004
1
0.0086
0.0066
0.0064
0.0076
0.005
0.0068
0.0108
0.0052
1
0.0058
1
0.0078
0.009
0.9998
1
0.9612
0.0222
0.0066
0.0066
0.0048
0.0534
0.0114
0.0068
0.0104
1
0.0158
0.009
0.0076
0.0078
0.006
0.0082
0.0106
0.0078
0.0034
1
1
0.0096
0.005
0.0062
0.0116
0.999
0.0098
0.0082
0.4012
1
0.0086
0.0086
0.0052
0.006
0.0062
0.0084
0.0066
0.0742
0.009
0.007
0.0092
0.0078
0.026
0.0054
0.006
0.0068
0.2956
0.004
0.0056
0.0154
0.4478
1
1
0.9118
1
0.055
1
1
0.0072
0.009
0.0154
0.0108
0.0016
0.0056
0.007
1
0.0122
0.007
0.005
0.0054
0.0068
0.0048
0.0074
0.0066
0.0102
0.016
0.0064
0.0158
0.0062
0.0088
1
0.0196
0.0088
0.0034
0.0118
0.015
1
0.0074
1
0.0056
1
0.0684
0.036
0.0366
0.0116
0.0176
0.006
0.0074
0.0242
0.0074
0.013
0.0592
0.0046
0.0128
0.017
0.0146
0.0046
0.0048
0.0054
0.0048
0.0236
0.0302
0.015
0.0114
0.0038
0.0462
0.045
0.021
0.0222
0.0044
0.1162
0.0148
1
1
0.0064
0.0078
0.0568
0.0154
1
0.0068
0.0078
0.0064
0.008
0.0126
0.0092
0.0066
0.005
0.0062
0.0046
0.0078
0.0054
0.0104
0.007
0.0154
0.0158
0.009
1
0.0068
0.0068
0.0056
0.0104
0.0046
0.0052
0.0048
0.0076
0.0092
0.0058
1
0.9912
0.006
0.0048
0.0056
0.006
0.0174
0.0222
0.9928
0.0042
0.0108
0.9608
0.0038
0.086
0.0032
1
0.0124
