0.0078
0.0114
1
0.0126
0.0112
0.0076
0.0156
0.0064
0.0098
0.0112
0.0104
0.0124
0.0082
0.0086
0.0144
0.5776
0.0124
0.036
0.8286
0.0076
0.008
0.019
0.0094
0.0734
1
0.0204
0.0122
0.014
0.0058
0.0082
0.0112
0.01
0.0098
0.0262
0.02
0.0084
0.5902
0.0068
0.0134
0.0054
0.0064
0.119
0.0068
0.028
0.0118
0.0156
0.0108
0.9706
1
0.0078
0.0092
0.0068
1
0.0094
0.008
0.024
0.008
0.0068
0.0246
0.0418
0.015
0.0158
0.0308
0.0072
0.0068
0.038
0.0072
0.0136
0.0104
0.0102
0.0064
0.0042
0.0302
0.008
0.0098
0.0062
0.0054
0.0088
0.0214
0.0088
0.0092
0.033
0.3846
0.016
0.0084
0.0078
0.016
0.0128
0.0072
0.0216
0.0132
0.0444
0.0068
0.1736
0.0108
1
0.0112
0.0292
0.0204
0.0332
0.0228
1
0.0088
0.9778
0.0082
0.0072
0.0102
0.023
0.029
0.0054
0.0062
0.0048
0.007
0.0076
0.006
0.9358
0.007
0.0044
0.0054
0.0076
0.0072
0.0074
0.0108
0.0114
0.013
0.0052
0.0064
0.0058
0.0118
0.0188
0.0076
0.0102
0.0064
0.0122
0.0088
0.0132
0.9694
0.007
0.4044
0.0094
0.0068
0.0094
0.0082
0.0086
1
0.005
0.0078
1
0.0076
0.0068
0.0058
0.0066
0.0268
0.0118
1
0.0098
0.01
0.01
1
0.009
0.0074
0.0114
0.0096
0.0148
0.0438
0.017
0.0098
0.0076
0.0072
1
0.0076
0.0096
0.0068
0.0092
1
0.0094
0.0062
0.0122
0.0084
0.0044
0.0062
0.0086
0.0094
1
1
0.0094
0.0162
0.31
0.007
0.0088
0.0086
0.0274
0.0066
0.0076
0.0118
0.0076
0.013
0.0158
0.008
1
0.0276
0.0104
0.0144
0.0086
0.0082
0.0064
0.006
1
0.0066
0.011
0.0112
0.018
0.9738
0.0238
0.007
0.2326
0.007
0.0102
0.0142
0.0122
0.0068
0.0102
0.0088
0.0108
0.1586
0.0056
0.0096
0.0126
0.0116
0.0078
1
0.0082
0.0096
0.008
0.0562
0.0104
0.0088
0.0096
0.0064
1
0.0104
0.006
0.008
0.0154
0.0144
0.013
0.0096
0.0064
0.0064
0.0086
0.0126
0.0078
0.0072
1
0.0152
1
0.0098
1
0.0072
0.0074
0.0074
0.0088
0.0076
0.0084
0.0106
0.006
0.0072
0.0098
0.008
0.0062
0.0084
0.0118
1
0.0062
0.0088
0.0272
0.0068
0.009
0.0078
0.0138
0.0112
0.007
0.0066
0.0132
0.0054
0.0098
0.1474
0.0154
1
0.006
0.011
0.0152
0.0104
0.0068
0.0082
0.0048
0.0118
0.7596
0.0088
0.0078
0.0078
0.0128
0.01
0.0058
0.0084
0.0136
0.008
0.0056
0.0114
0.0106
0.0112
0.006
1
0.0114
0.009
0.0084
0.008
0.0112
0.008
0.01
0.0088
0.0156
0.012
0.0116
0.0296
0.0066
0.0084
0.0064
1
0.0116
1
0.231
0.007
0.0572
0.033
0.0074
0.0132
0.0094
0.0072
0.6904
1
0.0068
0.005
1
0.0088
0.0054
0.0092
0.011
0.0124
0.012
0.007
1
0.0058
0.0044
0.0072
0.0076
0.0106
0.9914
0.0086
0.0074
0.0106
0.0066
0.0074
0.011
0.0058
0.009
0.0084
0.0072
0.0072
0.0058
0.0308
0.006
0.0072
1
0.0112
0.013
0.0074
0.0056
0.0072
0.0042
0.014
0.0238
0.0086
0.0116
0.0076
0.0056
0.0072
0.0084
0.0054
0.0212
0.04
0.0172
0.0052
0.0086
0.009
0.008
0.0062
0.0184
0.0082
0.005
0.0088
0.0442
0.0094
0.009
0.071
0.0066
0.0058
0.0064
0.0106
0.999
1
0.0134
0.0072
0.01
0.0096
1
0.022
1
0.0114
0.0132
0.03
0.0056
0.0316
0.0124
0.0092
0.0126
0.0214
0.0066
0.0082
0.0084
1
1
0.0102
0.0078
0.017
0.999
0.0088
0.0482
0.0058
0.0058
0.1786
0.0098
0.0194
1
0.0098
0.0144
0.0206
0.008
0.0256
1
0.6296
0.0094
0.9996
1
0.0082
0.016
1
1
1
1
0.0112
1
0.0088
0.0118
0.0114
0.014
0.0114
0.016
0.0088
0.0678
0.0072
0.0066
1
0.012
0.0062
0.0108
0.0098
0.0154
0.0122
0.0772
0.0066
0.0408
0.0428
0.018
0.0096
0.006
0.0168
0.0054
0.0122
0.0074
0.0122
0.01
1
0.0474
0.0126
0.092
1
0.014
0.0094
0.0176
0.0136
0.0082
1
0.0078
0.0074
0.006
0.0088
0.0074
0.4256
0.0102
0.0216
0.0096
0.0192
0.0166
0.0104
1
0.0094
0.0234
0.0082
0.0064
0.0046
0.0064
0.0096
0.0206
0.9652
0.0166
1
0.0114
1
0.015
0.013
0.0072
0.0068
0.0088
1
0.012
0.0212
0.92
0.0078
0.0734
1
0.0786
0.01
0.0142
0.0114
0.9884
0.012
0.0354
1
0.01
0.0194
0.0066
0.0278
0.0072
0.0102
0.0056
0.0212
0.0068
1
0.0242
0.0084
0.0196
1
0.0074
