0.9772
0.9962
0.996
0.9964
0.9964
0.9906
0.995
0.9978
0.9956
0.9738
0.996
0.9962
0.9974
0.9932
0.9944
0.9956
0.9968
0.9972
0.9794
0.986
0.9954
0.9962
0.9964
0.106
0.923
0.9948
0.6878
0.9414
0.9976
0.9972
0.9938
0.9892
0.9842
0.2572
0.9932
0.9962
0.625
0.9952
0.9942
0.9722
0.992
0.998
0.973
0.996
0.9956
0.9966
0.996
0.9758
0.9566
0.9936
0.9866
0.66
0.9946
0.1432
0.9956
0.9962
0.9966
0.9946
0.9964
0.9974
0.9968
0.9938
0.994
0.997
0.9968
0.9882
0.9842
0.9968
0.9944
0.9956
0.9972
0.997
0.996
0.998
0.9904
0.9952
0.9866
0.9892
0.994
0.9942
0.9964
0.9954
0.9862
0.7912
0.9958
0.9968
0.9968
0.996
0.9962
0.9792
0.9964
0.996
0.9946
0.9916
0.9944
0.9956
0.9974
0.931
0.9884
0.0662
0.992
0.0462
0.6048
0.9944
0.997
0.9974
0.9756
0.995
0.9922
0.997
0.997
0.997
0.9718
0.9952
0.9954
0.9934
0.9922
0.3272
0.4358
0.9864
0.9952
2e-04
0.993
0.9834
0.9962
0.9964
0.9968
0.997
0.996
0.6272
0.8462
0.993
0.9936
0.9942
0.9954
0.9956
0.9962
0.9894
0.8592
0.9898
0.9932
6e-04
0.7564
0.9834
0.9916
0.9916
0.1174
0.9952
0.997
0.9694
0.9964
0.9936
0.991
0.997
0.9952
0.9914
0.98
0.9504
0.9978
0.9972
0.997
0.9922
0.0744
0.989
0.9946
0.996
0.997
0.9872
0.9972
0.9588
0.975
0.9938
0.9972
0.9956
0.9958
0.9938
0.9868
0.995
0.9944
0.997
0.0042
0.9952
0.9308
0.9848
0.993
0.9842
0.9964
0.9968
0.6508
0.9962
0.9952
0.9914
0.9932
0.9948
0.9972
0.8902
0.9974
0.9778
0.9418
0.9924
0.9508
0.9934
0.6872
0.994
0.9718
0.9936
0.995
0.989
0.99
0.8444
0.995
0.9922
0.9478
0.9356
0.9964
0.9956
0.9904
0.9936
0.3744
0.9978
0.9838
0.9948
0.9688
0.9942
0.9138
0.9934
0.983
0.9856
0.9862
0.9956
0.987
0.97
0.116
0.9926
0.9974
0.9882
0.9922
0.9838
0.994
0.9958
0.9786
0.9956
0.9952
0.9962
0.9252
0.9964
0.9688
0.9936
0.9878
0.9926
0.9962
0.9892
0.9764
0.99
0.987
0.9868
0.9716
0.9922
0.9856
0.9912
0.9932
0.9918
0.968
0.967
0.9972
0.0218
0.9936
0.9892
0.9906
0.9898
0.0068
0.954
0.985
0.9904
0.9914
0.9648
0.983
0.8488
0.9956
0.9846
0.0114
0.9984
0.9918
0.986
0.2888
0.9522
0.938
0.996
0.8922
0.9928
0.9904
0.9942
0.9908
0.5374
0.9976
0.8502
0.996
0.988
0.997
0.9936
0.9972
0.9922
0.9344
0.9952
0.9968
0.9966
0.9964
0.0018
0.9712
0.9018
0.9882
0.2404
0.9946
0.9082
0.9294
0.986
0.9952
0.9952
0.9976
0.998
0.9868
0.9452
0.8026
0.9952
0.8472
0.9906
0.9934
0.993
0.9864
0.9936
0.9734
0.996
0.9576
0.7998
0.984
0.996
0.9932
0.9844
0.8436
0.985
0.9972
0.996
2e-04
0.3946
0.995
0.9872
0.9866
0.9952
0.9898
0.997
0.9908
0.9864
0.9974
0.997
0.0386
0.996
6e-04
0.9926
0.9968
0.8632
0.8516
0.997
0.9758
0.9796
0.9148
0.9942
0.8816
0.9936
0.9954
0.9728
0.9074
0.9916
0.993
0.9864
0.3718
0.998
0
0.9922
0.9964
0.9506
0.995
0.987
0.8498
0.0476
0.0022
0.8434
0.9844
0.9914
0.9896
0.8902
0.9958
0.996
0.994
0.9768
0.9858
0.9942
0.977
0.4708
0.9116
0.768
0.9944
0.9488
0.9896
0.9978
0.9922
0.9958
0.9926
0.4426
0.9974
0.9764
0.996
0.99
0.9752
0.981
0.9354
0.9834
0.974
0.8436
0.997
0.9118
0.9714
0.9816
0.9948
0.9974
0.9918
0.9354
0.996
0.9844
0.9966
0.981
0.9926
0.053
0.9916
0.974
0.9732
0.869
0.9968
0.9968
0.998
0.9976
0.9954
0.9608
0.135
0.9878
0
0.9954
0.9958
0.9964
0.995
0.9976
0.9556
0.9942
0.9462
0.9938
0.9962
0.9926
0.9952
0.996
0.9978
0.994
0.9962
0.9964
0.9964
0.9934
0.989
0.9974
0.9952
0.9956
0.9964
0.993
0.7668
0.968
0.9954
0.5958
0.9972
0.9964
0.9962
0.9944
0.995
0.9866
0.9944
0.9946
0.9952
0.9954
0.9864
0.996
0.9934
8e-04
0.9964
0.9964
0.9818
0.9898
0.9968
0.9798
0.9976
0.0192
0.978
0.9918
0.983
0.9808
0.9972
0.9976
0.0154
0.3672
0.9958
0.0928
0.9862
0.9972
0.9678
0.9952
0.978
0.9916
0.9982
0.9974
0.97
0.7654
0.8992
0.5932
0.9684
0.9948
0.9968
0.993
0.995
0.9806
0.9918
0.9946
0.9908
0.9876
0.991
0.992
0.9882
0.936
8e-04
0.9796
0.9968
0.9766
0.6836
0.9932
0.768
0.9594
0.994
0.9936
0.9952
0.9904
0.9864
0.9894
0.9938
0.9968
0.998
0.9758
0.473
0.992
0.9884
0.9936
0.9906
0.9952
0.9966
0.9828
0.9982
0.0012
0.9912
0.1742
0.9952
0.997
0.9908
0.9956
0.9674
0.997
0.9952
0.9962
0.8904
0.9848
0.9966
0.9846
0.9964
0.996
0.996
0.9922
0.9918
0.9974
0.9852
0.9934
0.9972
0.9978
0.9944
0.9962
0.9908
0.0284
0.8704
0.9922
0.9934
0.9956
0.003
0.9904
0.9894
0.9882
0.001
0.9594
0.9868
0.9954
0.9946
0.9876
0.983
0.9958
0.9952
0.9926
0.9926
0.9876
0.9962
0.993
0.9848
0.9322
0.005
0.9976
0.9976
0.9722
0.9902
0.9912
0.9902
0.9684
0.9912
0.0352
0.955
0.822
0.9964
0.9928
0.9818
0.2208
0.2946
0.993
0.99
0.9952
0.1118
0.9964
0.991
0.9772
0
0.9926
0.9958
0.9932
0.9974
0.9952
0.9826
0.96
0.9968
8e-04
0.9962
0.9944
0.991
0.9858
0.993
0.9538
0.9898
0.9922
0.9888
0.9958
0.9914
0.9898
0.9862
0.987
0.9956
0.997
0.9956
0.9966
0.9866
0.991
0.9948
0
0.9716
0.9574
0.9576
0.9962
0.9776
0.996
0.988
0.9958
0.9908
0.0122
0.5322
0.9934
0.1574
0.9946
0.9956
0.978
0.9912
0.969
0.9968
0.9956
0.9768
0.9964
0.9896
0.9966
0.996
0.9852
0.9966
0.995
0.9954
0.9948
0.893
0.9892
0.2446
0.9398
0.9888
0.9856
0.9726
0.9966
0.994
0.998
0.9546
0.9926
0.9962
0.5116
0.8506
0.9538
0.897
0.002
0.9944
0.9922
0.996
0.7842
0.9966
0.9806
0.9478
0.9632
0.9944
0.9946
6e-04
0.8956
0.9896
0.9948
0.9954
0.9964
0.9966
0.9962
0.995
0.9954
0.8474
2e-04
0.993
0.992
0.9964
0.959
0.9968
0.9948
0.9924
0.9774
0.9594
0.9908
0.9964
0.9972
0.8688
0.9936
0.869
0.8218
0.0224
0.9948
0.9958
0.9716
0.0146
0.993
0.9924
0.9964
0.994
0.9968
0.9926
0.996
0.9946
0.9966
0.971
0.9422
0.9968
0.9838
0.9904
0.1624
0.8442
0.9966
0.9952
0.8754
0.9814
0.9944
0.9964
0.9922
0.9952
0.9774
0.9918
0.9924
0.901
0.991
0.969
0.6336
0.9838
0.9916
0.9974
0.9952
0.995
0.8072
0.9904
0.9936
0.0022
0.9974
0.147
0.9974
0.989
0.9824
0.9924
0.9728
0.997
0.9896
0.942
0.9962
0.2128
0.9716
0.9966
0.9966
0.3532
0.9958
0.9942
0.995
0.958
0.0176
0.996
0.5322
0.977
0.4796
0.9932
0.971
0.7438
0.0068
0.9956
0.0404
0.992
0.9902
0.9846
0
0.9352
0.9766
0.9722
0.3138
0.9936
0.0206
0.988
0.9704
0.1798
0.996
0.9964
0.9934
0.957
0.9972
0.9944
0.9848
0.9966
0.6186
0.482
0.993
0.9084
0.001
0.9968
0.994
0.9962
0.9966
0.9892
0.9954
0.2096
0.9912
0.968
0.9944
0.9962
0.7868
0.9858
0.8442
0.0246
0.8406
0.9932
0.9868
0.9918
0.0158
0.9202
0.9962
0.9952
0.994
0.9984
0.9964
0.9878
0.4876
0.9932
0.9022
0.9974
0.9914
0.9642
0.8658
0.9712
0
0.4508
0.9956
0.9962
0.97
0.9764
0.98
0.9764
0.9846
0.995
0.9734
0.9816
0.9954
0.9968
0.9906
0.9642
0.9678
0.989
0.9972
0.9398
0.9836
0.9972
0.997
0.989
0.9978
0.9958
0.9874
0.9912
0.9938
0.9964
0.9942
0.9606
0
0.9662
0.9614
0.9924
0.9946
0.9972
0.994
0.967
0.997
0.9348
0.9566
0.9606
0.0816
0.9968
0.9848
0.0118
0.9942
0.977
0.9886
0.9698
0.9634
0.0306
0.9934
0.0154
0.9914
0.9936
0
0.9984
0.977
0.9928
0.9944
0.9832
0.9002
0.9804
0.9892
0.9968
0.9526
0.0136
0.9878
0.0016
0.9942
0.992
0.9746
0.945
0.9868
0.9438
0.9944
0.9852
0.99
0.9656
0.9856
0.9924
0.9818
0.9878
0.7544
0.9722
0.9526
0.9964
0.9842
0.994
0.994
0.995
0.742
0.9858
0.9576
0.9944
0.9198
0.9974
2e-04
0.9968
0.9548
0.9618
0.9972
0.005
0.9904
0.994
0.938
0.996
0.8266
0.96
0.9944
0.9268
0.9974
0.8128
0
0.9662
0.975
0.9974
0.9856
0.9808
0.9968
0.9374
0.9888
0.7986
0.861
0.0254
0.8444
0.9912
0.953
0.9776
0.9716
0.9766
0.989
0.995
0.9724
0.9958
0.9932
0.979
0.9756
0.9844
0.0014
0.9966
0.997
0.987
0.9946
0.9862
0.9982
0.8772
0.1346
0.9934
0.0034
0.9402
0.9056
0.9892
0.9962
0.9734
0.985
0.8906
0.2604
0.7616
0
0.889
0.995
0.996
0.9964
0.9842
0.8832
0.9972
0.2578
0.984
0.9812
0.869
0.985
0.9908
0.3086
0.955
0.7162
0.995
0.9586
0.8664
0.997
0.9966
0.9436
0.9914
0.9834
0.003
0.9962
0.9776
0.935
0.0014
0.9838
0.3106
0.4444
0.9618
0.0212
0.978
0.9958
0.9824
0.9962
0.9894
0.9558
0.9956
0.9958
0.638
0.0456
0.972
0
0.9888
0.9894
0.9936
0.3878
0.9956
0.9918
0.9926
0.9948
0.9722
0.9756
0.9938
0.6118
0.9854
0.8168
0.0438
0.9752
0.5068
0.998
0.946
2e-04
0.9952
0.9952
0.98
0.9926
0.993
0.0012
0.2978
0.8308
0.9754
0.996
0.9922
0.0754
0.1194
0.988
0.9958
0.985
0.2238
0.9896
0.9924
0.9412
0.975
0.9962
0.9784
0.9962
0.9966
0.9622
0.9498
0.9954
0.9806
0.7968
0.966
0.997
0.9954
0.9972
0.9866
0.0896
0.9938
0.0332
0.9936
0.9736
0.9924
0.959
0.977
0.9936
0.9866
0.9526
0.9972
0.9966
0.9864
0.001
0.055
0.288
0.934
0.996
0.9664
0.8958
0.9944
0.977
0.9924
0.9758
0.979
0.998
0.0618
0.9952
0.0014
0.9966
0.9978
0.9254
0.8676
0.9962
0.9804
0.987
0.2006
0.9824
0.9574
0.9832
0.9906
0.992
0.9574
0.9958
0.9892
0.9966
0.994
0.9706
0.9944
0.6452
0.9974
0.9958
0.954
0.995
0.9812
0.001
0.9872
0.989
0.968
0.9728
0.9866
0.9922
0.8858
0.9948
0.9778
0.9
0.9904
0.9972
0.9874
0.9962
0.9926
0.9496
0.9922
0.9942
0.8294
0.9804
0.9946
0.9956
0.9952
0.7608
0.9922
0.9852
0.9972
0.9932
0.9538
0.0038
0.6886
0.9834
0.9962
0
0.9946
0.97
0.9728
0.9772
0.8142
0.9716
0.9948
0.9416
0.9902
0.993
0.5616
0.9962
0.9964
0.9762
0.992
0.9862
0.8604
0.9964
0.7162
0
0.9966
0.8714
2e-04
0.9922
0.0946
0.98
0.0288
0.9938
0.0066
0.978
0.9774
0.9836
0.9854
0.9118
0.9938
0.997
0.9696
0.0416
0.984
0.9912
0.8548
0.9918
0.9954
0.972
0.9912
0.991
0.1404
0.9912
0.7562
0.9902
0.9436
0.8264
0.996
0.9964
0.9954
0.942
0.9882
2e-04
0.9258
0.9938
0.995
0.99
0.9878
0.9914
0.9842
0.9556
0.9908
0.6994
0.3978
0.9946
0.9942
0.9612
0.9874
0.9878
0.992
0.9726
0.9896
0.933
0.9926
0.995
0.9888
0.9938
0.95
0.9648
0.9958
0.9946
0.0142
0.9752
0.9976
0.996
0.997
0.9948
0.979
0.974
0.9764
0
0.997
0.9938
0.978
0.9954
0.9938
0.9924
0.9952
0.9948
0.9944
0.9966
0.001
0.9112
0.9184
0.9852
0.9956
0.9768
0.975
6e-04
0.9886
0.9902
0.9912
0.9966
0.9764
2e-04
0.3372
0.9848
0.9974
8e-04
0.9916
0.001
0.9932
0.9886
0.006
2e-04
0.9962
0.9902
0.975
0.9312
0.9864
0.9758
0.977
0.9728
0.9964
0.941
0.9784
0.0834
0.9972
0.9934
0.003
0.9134
0.9894
0.9952
0.7544
0.9958
0.9946
0.9692
0.997
0.992
0.9964
0.997
0.9692
0.1776
0.855
0.9544
0.9972
0.9888
0.9842
0.9958
0.9706
0.9904
0.9968
0.9932
0.978
0
0.006
0.9942
0.9972
0.995
0.988
0.994
0.9958
0.995
0.9828
0.9856
0.9972
0.9948
0.9924
0.9964
0.9948
0.9956
0.997
0.9942
0.9966
0.9976
0.9948
0.9892
0
0.0032
0.996
0.9848
0.9866
0.9958
0.9982
0.9884
6e-04
0.9964
0.997
0.5272
0.997
0.9956
0.9442
0.9374
0.9926
0.9964
0.9888
0.9792
0.9944
0.9972
0.888
0.8838
0.9978
0.7406
0.9564
0.9936
0.9826
0.9976
0.9928
0.9406
0.2738
0.987
0.9914
0.9968
0.9978
0.9628
0.9882
0.9874
4e-04
0.0098
0.9904
0.8812
0.9622
0.9972
0.941
0.9734
2e-04
0.9864
0.9934
0.9926
0.9878
0.9916
0.9942
0.9888
0.9958
0.996
0.4742
0.9856
0.3446
0.9808
0.9972
0.9908
0.9954
0.6098
0.0856
0.9926
0.991
0.995
0.8658
0.9656
0.9954
0.985
0.9668
0.0088
0.998
0.9952
0.9932
0.9918
0.9968
0.9522
0.0428
0.997
0.9698
0.9924
0.9954
0.9202
0.0786
0.9906
0.9888
0.9006
0.9018
0.0012
0.9974
0.005
0.9656
0.9912
0.9978
0.9076
0.9948
0.9878
0.337
0.996
0.9784
0.9936
0.9702
0.9894
0.9984
0.9614
0.9956
0.9892
0.9746
0.9282
0.0318
0.9966
0.9972
0.9564
0
0.9944
0
0.972
0.9906
0.0044
0.996
0.9874
0.9956
0.0012
0.2338
0.9882
0.9936
0.9956
0.9924
0.995
0.098
0.992
0.9964
0.9286
0.9908
0.1352
0.9932
0.9362
0.994
0.996
0.9962
0.6026
0.9148
0.0016
0.986
0.9638
0.9954
0.9944
0.2872
0.9936
0.3166
0.9716
0.9956
0.9792
0.795
0.9934
0.991
0.9974
0.978
0.5396
0.977
0.9928
0.9772
0.9948
0.0416
0.981
0.0044
0
0.0916
0.9926
0.9884
0.8598
0.9932
0.0076
0
8e-04
0.994
0.9892
0.987
0.994
0.0018
0.9944
0.9714
0
0.9936
0.8584
0.002
0.9278
0.992
0.6468
0.994
0.9352
0.0054
0.9684
0.984
0.7678
0.9958
0.927
0.9664
0.986
0.9464
0.9968
0.9758
0.9904
0
0.9484
0.9876
0.864
0.974
0.9954
0.9574
0.0056
0.9826
0.9966
0.9944
0.9924
0.995
0.9804
0.92
0.9956
0.9954
0.2572
0.9958
0.9944
0.8734
0.9956
0.9918
0.98
0.979
0.9744
0.9944
0.996
0.984
0.9964
0.9954
0.9338
0.0088
0.9636
0.8038
0.9326
0.537
0.5782
0.783
0.9952
0.9892
0.9954
0.0032
0.9868
0.8372
0.9464
0.9954
0.9932
0.7754
0.9958
0.9964
0.992
0.9954
0.9852
0.987
0
0.9938
0.9244
0.9946
0.997
0.9864
0.9948
0.5908
0.0028
0.9842
0
0.9796
0.9952
0.9706
2e-04
0.9158
0.788
0.9802
0.9976
0.9596
0.9938
0.9888
0.995
0.9792
0.9746
0.9602
0.995
0.993
0.9882
0.6196
0.5046
0.9298
0.8968
0.9894
0.985
0.9804
0
0.395
0.9954
0.9574
0.9828
0.963
0.9918
0.9948
0.9968
0.9872
0.9936
0.9906
0.9764
0.8512
0.9876
0.9936
0.9874
0.9918
0.9926
0.9882
0.0062
0.994
0.9956
0.9882
0.9252
0.988
0.9552
0.1258
0.9924
0.9796
0.9308
0.9666
0.9882
0
0.9946
0
0.8148
0.9828
0.9118
0.1358
0.902
0.9282
0.9516
0.9568
0.9358
0.9524
0.9938
0.8942
0.0164
0.995
6e-04
0.7328
0.2972
0.9904
4e-04
0.9878
0.8936
0.991
0.11
0.9342
0.7756
0.002
0.9958
0.9942
0.9234
0.9076
0.0092
0
0.9928
0.9952
8e-04
0.9878
0.9134
0.6388
0.879
0.8056
0.8884
0.9798
0.9792
0.5328
0.9814
0.2856
0.9404
0.8104
0.6532
0.8484
0.9872
0.59
0.9638
0.9538
0.9562
0.6288
0.9922
0.9058
0.031
0.8892
2e-04
0.991
0.958
0.8182
0.991
0.994
0.942
0.9756
0.9794
0.9834
2e-04
0.9912
0.9866
0.993
0.9918
0.2052
0.97
0.4316
0.6668
0.9698
0.9942
0.9544
0.4878
0.8704
0.9962
0.8914
0.9144
0.1928
0.9968
0.9234
0.9904
0.5386
0.9708
0.7198
0.9864
0.9538
0.9686
6e-04
0.2842
0.9854
0.9286
0.4816
0.8424
4e-04
0.692
