0.496
0
0.8026
0.0214
0
0
0.4646
0.8924
1
0.7942
0
0.8076
0.6102
0.589
0.561
0
0.9818
0
0.9778
0.0148
0.9964
0.9998
0.4898
0
0.9996
1
0.8104
0.8074
0
0
0
0.9898
0.3366
0
0.9996
0.0794
0.4974
0.9972
0.8766
0.0184
0.982
0
0.5628
0.9998
0.9942
0.7262
0
0.9996
0
0
0.885
0.8868
0
0.9936
0.9978
0.9776
0.59
0.0058
0
1
0.9996
0.9808
0.8342
1
0.8192
0.5144
1
0
0.984
1
2e-04
0.5396
1
0
0.0016
0.4458
0.9978
0.8988
1
0.8444
0.9838
0
0.5638
0.9998
0.9814
0.8948
0.6152
0.2078
0.2868
0.1428
0.7236
0
0.509
0.9898
1
0.9422
0
0.0018
0.998
0.806
0.7394
0
0.9834
1
0.9888
0
0.8018
0.1884
0.9962
0
0
0
0.9886
0
0.996
0.7454
0.1632
0.504
1
0
0
0.695
0.999
0.9914
6e-04
0.2222
0.9392
0.9918
0.9978
0.9772
0
0.0096
0.9932
0.9732
0.2586
0
0
0
0.989
0
0.9936
0.9988
0.986
0
0.9998
0.7312
1
0.4682
0.5596
0.0206
0.9976
6e-04
2e-04
0
0.5982
0.0018
0.9984
0.0012
0.9648
0.6952
0
0
0.9888
0
0.5756
1
0.7554
0
4e-04
1
0.9998
0.5336
0.9904
0.22
0.0098
0
0
1
0
0.9998
0.9592
1
0.9606
0.54
0
0.9966
1
0.793
0.9976
0.5466
0.0636
0.55
0.9984
0
0.078
0.9808
0.7214
0.9994
0.0904
1
0.998
0
0.9906
0.6452
0.057
0.9994
0.99
0
0.0634
0.5268
0.9498
0.9852
0.0658
0.6364
0.9962
0.3384
0.8418
0.6002
0.6866
0.9936
0.131
2e-04
0
0.9738
0.4014
0.813
0.588
0
0
0.9986
0.9996
0.983
0.0024
0
0.0256
0.5442
0.6584
0.6956
0
0
0.569
0.4884
0.6536
0.0122
0.728
0.4582
0.9996
0.3888
0.5582
0.2414
0.9998
0.5572
0.6204
0.8196
0.6024
0.9984
0.7228
0.3864
8e-04
0.3242
0.0356
0.8312
0.3782
0.2728
0.7194
0.9646
0.8316
0.641
0.0686
0.914
0.9912
0.9996
0.6164
0
1
0.0132
0.9912
0.6504
0.0338
0.1426
0.9892
0.7106
0.6228
0.0374
0.9224
0.688
0
0
0
0.9724
0.8646
0.9896
0.9974
0.8952
0.9998
0.971
0.9586
0.9918
0.0032
0.095
0.666
0
0.8322
0.9992
0
1
0.9794
4e-04
0.8574
2e-04
0.813
0.404
0.9376
0.244
0.838
0.6582
0.2684
0.9866
0.9986
1
1
0.1814
0.4712
0.6134
0.9996
0.6954
0.6764
0.737
0.861
0
0.3262
1
0.6858
0.6446
0.844
0.8654
0.865
0.7192
0
0.7156
0.5224
0.9958
1
0.985
1
0.9848
1
0.5432
0.9976
0.802
0.2688
0.811
0.4288
0.6426
0.389
0.999
0.646
0.998
0
0.9978
0.7358
1
0.0104
1
0.9996
0
0.9936
0
0
0.8104
0.998
0.9996
0.8302
0.7462
0.259
0.9998
0
0
1
0.0316
0.3406
0.7594
0.9394
0.8204
1
0
0.9796
0.99
0.6486
0.431
0.5836
0.973
0.9988
0.9932
0.9494
0.9272
0.6338
0.958
0.9982
0.9636
0.9498
0.001
0.9994
0.5056
0.9996
0.0586
0.9822
1
0.9996
0.9976
0.5596
2e-04
1
0.9662
0.737
0.9956
0.1838
0.2006
0.9884
0.9942
0.9848
0.002
0
0.8764
0.9574
1
1
0.9132
0.9704
0.746
0.8114
1
0
0.9996
0.9984
0.0518
0.9992
0.9932
0.157
0.613
1
1
0.5864
0
0.999
0.9986
0.8806
0.8582
1
1
0.9996
0.019
1
0.832
0.9992
0.6472
0.9904
0.3286
0.6826
1
0.9714
0.9996
0.7162
0.7942
0.9768
0.3998
1
1
0
0.9436
0.8096
0.9054
0.6678
0.9958
0.9804
0.0132
1
0.8876
1
0.2892
0.9444
0
0.8484
0.957
0.9932
0.8402
0
0
0.9486
0.0284
0.0028
0.9928
1
0.999
0.9992
0.6574
0.8238
0.2394
0.8814
0
0.9714
0.6456
0.9084
1
4e-04
0.32
0.9992
0
0.9652
0.9994
1
0.6548
0.0968
0.9906
0.9998
0.9902
0.004
0.996
0.998
1
0.8932
0.9976
0.995
0.9984
6e-04
1
0.9876
0.6146
0.9978
1
0.9942
0.9986
1
0.992
0
0.9978
0
0.9868
0.694
0.7676
1
0
0.8906
0.5894
0.9994
1
0.649
0.5042
0.8778
0.7048
0.9842
0.8962
0.5038
0.038
0.6632
0.9922
1
0.985
0
0.2366
4e-04
0.64
0.415
0.0168
0.0302
0.0164
0.6616
0.9914
0.4956
0
0.4274
1
0.9442
0.6884
1
0.9962
0.506
0.9922
0.9996
0.5424
0.9976
0.4532
0.9966
0.999
1
1
0.581
0.0524
0.8484
0.9998
0.6412
0.366
0.9546
0.0032
1
0.1484
0.9998
0.8148
0.9998
1
1
0.5934
0.9928
0.9694
1
0.9996
0.9994
0.9418
0.7338
1
0.9476
0.997
0.4646
0.7564
0.5992
0.9974
1
0.991
0.9546
1
0.9998
0.9956
0.9986
0.2576
0.9586
0.856
1
0.9894
