0.9998
1
0.9984
1
1
0.0086
0.687
1
1
1
0.0018
1
0.002
0.2598
0.0168
0.2864
1
4e-04
0.3412
1
0.1238
0.0238
0.0038
1
0.7484
1
0.0076
0.138
1
0.997
1
0.9976
0.015
0.0104
0.9614
0.002
0.064
0.9914
0.0146
1
0.057
0.0622
0.0114
0.5872
0.0086
0.0056
1
0.7084
0.0442
0.006
0.7412
0.1044
1
0.0186
0
1
0.115
0.0076
0.8902
0.007
0.0164
1
0.0032
0.9462
1
1
2e-04
0.054
1
0.0064
0.0274
0.0124
0.1526
0.9476
0.0038
1
0.375
0.999
0.7138
0.0244
0.006
0.0216
0.5356
0.173
0.1044
0.2258
0.1246
0.1346
1
0.0024
0.0142
0.0166
0.9998
0.4282
0.0016
0.0274
0.0468
1
0.072
1
0.0012
1
1
0.0772
0.0076
0.2568
0.7294
0.1214
1
0.0104
1
0.0116
1
0.044
0.0276
1
0.0202
0.9994
0.0914
0.9962
0.0268
1
0.9316
1
0.0212
0.0802
0.0136
1
0.0056
0.02
0.9996
0.0288
1
1
0.0072
0.9998
0.008
0.0058
0.0804
1
0.0072
0.0318
0.0804
0.0044
0.1302
1
0.3338
1
1
1
0.009
0.1128
1
1
1
1
1
0.0094
1
0.0414
0.2364
0.2738
0.4736
1
1
0.0678
0.132
0.0134
0.0828
0.9982
1
1
0.5782
1
1
0.0346
0.561
0.0278
0.7974
0.0094
1
0.4982
0.0636
1
1
0.5846
0.7434
0.3324
1
0.0456
0.0522
0.2554
0.001
1
0.134
0.0064
0.2144
0.9996
0.0196
0.118
0.0234
0.7646
0.9958
0.0036
0.024
1
1
0.023
0.1086
0.0688
0.9992
0.124
8e-04
0.9982
0.0088
0.9998
1
0.1156
0.0504
0.002
1
0.0952
1
1
0.0012
8e-04
0.0444
0.0862
0.0304
0.1304
0.9936
0.0198
1
6e-04
0.9988
0.6138
0.0408
0.003
0.4556
0.153
0.8816
0.242
0.1272
0.2996
1
0.998
0.0018
8e-04
0.0504
0.2726
6e-04
0.1452
0.9874
0.032
0.751
1
0.119
0.0112
0.0302
0.0046
0.0824
0.0884
0.0094
0.9918
1
0.3114
0.0448
0.0068
0.092
0.0036
0.0484
0.1712
0.9946
0.0994
0.0412
0.6812
0.0124
0.9842
0.0572
1
0.0026
0.194
1
0.0504
0.0346
1
0.0026
0.6144
0.0352
0.9944
0.0116
0.048
0.0858
0.0166
0.0102
0.4764
0.0016
0.1356
1
0.9998
0.0338
0.0468
0.5558
0.1906
1
1
8e-04
0.0164
1
1
0.0126
0.0774
1
1
0.0034
0.001
0.0218
0.1084
0.0548
1
0.4898
0.1922
1
0.3122
0.9876
0
1
0.086
0.282
0.9994
0.9988
0.022
1
0.567
0.0032
0.9976
0.0906
0.0562
0.1562
0.0248
0.0182
1
1
0.0058
0.01
0.0478
0.0424
1
0.9976
0.9998
0.0162
0.1016
1
0.9912
0.9996
1
1
0.012
1
0.9494
0.9998
6e-04
0.381
0.2948
0.099
0.1422
0.262
0.11
0.0192
0.0154
0.0094
0.0262
0.9818
0.0194
0.9904
0.2512
0.0176
0.0092
0.9812
0.1262
0.0204
0.1862
1
1
0.5044
0.9992
0.013
0.1132
0.076
0.0924
0.01
0.0284
0.013
1
0.6392
0.1164
0.036
0.0734
0.038
1
0.0072
0.0064
0.0566
0.2046
0.0308
0.982
0.0412
0.0016
0.0774
0.0512
0.0958
0.1366
1
0.1512
0.0112
6e-04
0.0198
1
1
1
0.0026
0.0026
0.0022
0.2174
0.0036
0.0092
1
0.9992
0.0136
0.017
0.015
1
0.0276
0.03
1
0.0036
0.048
0.0046
0.012
0.0126
0.0712
0.5002
0.1072
0.0052
1
1
0.6982
0.0038
0.0502
0.491
1
1
0.2926
0.1114
8e-04
0.2738
0.9982
0.0442
0.913
0.9086
1
0.1236
0.1
1
1
0.142
0.0474
0.044
0.0162
0.0892
1
0.002
0.1626
0.1862
0.2798
0.0018
0.016
1
6e-04
0.017
1
0.0016
0.3298
2e-04
0.085
0.9998
0.0198
4e-04
0.0192
6e-04
0.0048
0.002
0.4436
0.9896
0
0
0.8876
0.048
0.0934
0.009
4e-04
1
0.9968
0.026
0.0716
0.089
0.0758
0.0906
0.0166
0.3964
8e-04
0.9748
0.0486
0.0574
0.9994
0.033
1
0.0156
0.0016
0.0076
0.9606
0.0014
0.0232
0.0356
0.9942
0.3218
0.033
4e-04
1
0.004
0.9996
0.0932
1
0.9998
0.125
0.068
0.9874
0.0042
8e-04
0.0042
0.9996
0.0104
0.0028
1
2e-04
0.9998
4e-04
0
0.015
0.0046
1
0.0076
0.1268
0.0646
0.0092
0.0032
0.0052
0.9998
0.0034
0.0134
0.2254
2e-04
0.7748
0.3574
0.0398
2e-04
0.9998
0.1218
0.6598
0.177
0.0296
0.0046
0.1172
0.0106
0.627
0.7462
0.003
1
0.0192
0.0102
0.001
0.7988
0.2446
0.0086
0.2352
1
0.0084
0.9998
0.0226
1
0.0832
0.0052
0.0032
0.0058
0.0094
8e-04
0
0.9992
0.0126
6e-04
1
0.022
