0.6712
0.9686
0.9412
0.9406
0.959
0.9664
0.9636
0.9758
0.9374
0.9112
0.9428
0.9334
0.9552
0.9022
0.9708
0.012
0.9646
0.9656
0.6466
0.9522
0.9064
0.7434
0.7912
0.8694
0.947
0.9342
0.8456
0.9398
0.0656
0.974
0
0.754
0.0804
0.3186
0.951
0.9682
0.2832
0.9126
0.9208
0.8934
0.9556
0.9646
0.4262
0.9572
0.9666
0.9638
0.9694
0.8798
0.971
0.7398
0.2926
0.8166
0.6414
0.0056
0.9388
0.1868
0.7384
0.903
0.6144
0.417
0.956
0.8908
0.4378
0.372
0.9464
0.9702
0.9376
0.914
0.0256
0.9684
0.9698
0.1548
0.9366
0.6642
0.6002
0.9684
0
0
0.733
0.3334
0
0.7462
2e-04
0
0
0.8486
0.06
0.1102
0.9518
0
0.1924
0.0752
0.2128
0.8688
0.1514
0.9296
0
0.4238
0.4394
0.1756
0.0752
0.098
0.0958
0.4202
0.2684
0.0044
0.1192
0.736
0.8892
0
0.9376
0.9372
0.232
0.973
0.9696
0.0378
0.081
0.8688
0.2254
0.8964
0.9126
0.87
0.942
0.0034
0.0044
0.9586
0.9676
0.9008
0.2124
0.889
0.968
0.9708
0.9668
0.9352
0.9708
0.9684
0.8664
0.937
0.9616
0.9466
0.9578
0.9214
0.9724
0.9696
0.1078
0.957
0.96
0.9612
0.9294
0.8934
0.9722
0.877
0.9706
0.9616
0.7768
0.9588
0.961
0.9488
0.7966
0.965
0.9692
0.9366
0
0.7658
0
0.9696
0.893
0.8608
0.9434
0.9592
0.885
0.9358
0.9676
0.9434
0.7824
0.9654
0.972
0.9666
0.0712
0.9672
0
0.142
0.9656
0.6024
0.974
0.901
0.9696
0.9716
0.9688
0.9644
0.6558
0.951
0.9632
0.966
0.9678
0.9676
0.9484
0.9418
0.9576
0.1082
0.407
0.945
0.903
0.9042
0.926
0.965
0.9344
0.9742
0.6154
0.9618
0.93
0.9434
0.9418
0.969
0.9376
0.6612
0.908
0.9604
0.9534
0.9192
0.9636
0.9578
0.967
0.9706
0.8702
0.9708
0.964
0.8068
0.9036
0.9706
0.9372
0.9288
0.8982
0.7032
0.9678
0.9166
0.0012
0.9638
0.9648
0.9732
0.8624
0.8518
0.0022
0.9428
0.283
0.9568
0.936
0.9686
0.9194
0.9428
0.9124
0.9642
0.9302
0.9666
0.9596
0.6074
0.9548
0.9764
0.8872
0.9716
0.9656
0.9658
0.969
0.8938
0.867
0.973
0.9478
0.9512
0.8856
0.9698
0.9722
0.835
0.9544
0.9488
0.9666
0.97
0.901
0.9746
0.95
0.8602
0.9726
0.9446
0.7364
0.924
0.6968
0.972
0.9716
0.8792
0.7174
0.9696
0.974
0.9578
0.7396
0.9396
0.0576
0.97
0.949
0.9694
0.937
0.9588
0.9528
0.9666
0.9398
0.966
0.9672
0.962
0.9712
0.4106
0.908
0.9728
0.9586
0.9624
0.9666
0.9708
0.9586
0.958
0.9682
0.9676
0.9712
0.9496
0.9604
0.8316
0.9002
0.919
0.963
0.9688
0.9374
0.9742
0.6478
0.9636
0.9638
0.9106
0.969
0.9114
0.968
0.9628
0.9748
0.9154
0.9276
0.9488
0.9006
0.9636
0.9588
0.934
0.957
0.9478
0.9704
0.9646
0.9562
0.9622
0.9684
0.9752
0.941
0.9718
0.972
0.966
0.9636
0.968
0.97
0.4336
0.9514
0.9702
0.8844
0.967
0.9768
0.9686
0.9698
0.9438
0.957
0.9672
0.9724
0.9588
0.9694
0.9344
0.9702
0.9668
0.0094
0.9604
0.8316
0.9748
0.902
0.9626
0.9614
0.9202
0.9626
0.0148
0.949
0.9714
0.9644
0.0772
0.9704
0.9746
0.948
0.9406
0.9726
0.9546
0.969
0.9464
0.959
0.95
0.967
0.9638
0.5396
0.9342
0.9606
0.9558
0.9342
0.8888
0.8132
0.9572
0.965
0.9274
0.9442
0.8944
0.903
0.874
0.969
0
0.9756
0.9554
0.8392
0.9428
0.9696
0.9666
0.9716
0.9596
0.9446
0.9644
0.9566
0.9638
0.9698
0.7238
0.6504
0.8644
0.639
0.963
0.963
0.9702
0.938
0.9656
0.9566
0.9768
0.9574
0.8442
0.9628
0.867
0.9678
0.9526
0.9374
0.9578
0.9494
0.943
0.897
0.951
0.9688
0.9548
0.5522
0.88
0.9652
0.9712
0.9712
0.9706
0.9462
0.9606
0.9604
0.9564
0.9686
0.9726
0.9698
0.973
0.9646
0.9454
0.909
0.9542
0.9596
0.889
0.9654
0.8554
0.9584
0.9636
0.9672
0.9524
0.5798
0.9678
0.9338
0.9242
0.9644
0.9678
0.9708
0.9678
0.7334
0.248
0.9582
0.968
0.9576
0.9628
0.9606
0.9548
0.9548
0.1472
0.9704
0.9698
0.9626
0.9642
0.96
0.962
0.973
0.9486
0.9652
0.9658
0.9684
0.9676
0.9624
0.9622
0.9556
0.9124
0.9604
0.9634
0.9616
0.961
0.9638
0.9518
0.969
0.9664
0.8786
0.77
0.9712
0.9378
0.9534
0.97
0.9198
0.9216
0.9614
0.9408
0.8704
0.95
0.9404
0.9582
0.9602
0.9682
0.9524
0.6298
0.2304
0.8848
0.959
0.9586
0.411
0.9728
0.9642
0.9628
0.9696
0.2496
0.9714
0.9124
0.9612
0.9534
0.966
0.9628
0.9724
0.5928
0.9442
0.1026
0.868
0.9356
0.9688
0.944
0.87
0.9652
0.965
0.9498
0.9386
0.9688
0.9664
0.9698
0.9156
0.9292
0.9696
0.9662
0.9708
0.9244
0.9574
0.9704
0.9704
0.961
0.9468
0.961
0.9526
0.1528
0.9624
0.9682
0.9752
0.9144
0.9428
0.974
0.9288
0.9536
0.9544
0.8638
0.971
0.954
0.9196
0.0056
0.9626
0.944
0.9664
0.8642
0.9686
0.9564
0.9644
0.9752
0.9634
0.9706
0.9698
0.8368
0.9694
0.9682
0.9442
0.9448
0.016
0.8932
0.95
0.9736
0.9582
0.9618
0.9652
0.9658
0.968
0.9396
0.7346
0.9638
0.9292
0.8682
0.14
0.9716
0.9608
0.85
0.968
0.9612
0.9454
0.9632
0.9624
0.9566
0.9018
0.359
0.965
0.428
0.9638
0.9652
0.9494
0.8326
0.9704
0.9662
0.9714
0.9552
0.9286
0.952
0.9674
0.9704
0.0036
0.9544
0.8336
0.9654
0.9574
0.9632
0.9468
0.95
0.862
0.029
0.9356
0.1194
0.9578
0.9738
0.8236
0.958
2e-04
0.8316
0.9014
0.9528
0.9572
0.8628
0.5488
0.9624
0.9576
0
0.9532
0.9688
0.969
0.9252
0.969
0.9494
0.9544
0.9642
0
0.279
0.949
0.9468
0.9516
0.5876
0.969
0.0278
0.0068
0.8642
0.9642
0.8504
0.9116
0
0.97
0.96
0.001
0.9484
0.9698
0.8936
0.9624
0.9654
0.7904
0.8786
0.9694
0.8728
0.1814
0.9004
0.94
0.956
0.005
0.929
0.9552
0.0038
0.715
0.7674
0.9518
0.9476
0.9428
0.9642
0.1204
0.5812
0
0.9724
2e-04
0.9666
0.9532
0.358
0.6934
0.9658
0.7242
0.9628
0.9706
0.013
0.9222
0.965
0.9576
0.9298
2e-04
0.9296
0.1766
0.9684
0.9548
0.9514
0.302
0.9588
0.9588
0.969
0.018
0.938
0.9648
0.9074
0.3758
0.9702
0.9454
0.9602
0.9604
0.9548
0.9072
0.9456
0.945
0.1724
0.9632
0.9714
0.931
0.8444
0.969
0.9044
0.8084
0.9324
0.5622
0.927
0.3764
0.9522
0.9344
0.9396
0.788
0.9698
0.9354
0.9096
0.951
0.869
0.9718
0.8134
0.0294
0.959
0.9506
0.6942
0.8666
0.971
0.952
0.9238
0.8804
0.9578
0.822
0.937
0.9494
0.7086
0.966
0.957
0.9482
0.9692
0.9512
0.9412
0.925
0.9318
0.8954
0.8848
0.9262
0.9638
0.7714
0.9644
0.9724
0.9764
0.936
0.9614
0.9466
0.788
0.8616
0.9608
0.8502
0.9732
0.9444
0.9706
0.5128
0.941
0.9358
0.9686
0.9468
0.942
0.9538
0.9218
0.9656
0.8168
0.9074
0.903
0.909
0.9492
0.8918
0.9378
0.9666
0.9356
0.8476
0.9498
0.9596
0.9678
0.89
0.8782
0.9678
0.9558
0.9586
0.9712
0.459
0.8836
0.7972
0.8652
0.957
0.9672
0.97
0.8326
0.947
0.754
0.8924
0.8792
0.9638
0.718
0.8954
0.9646
0.946
0.968
0.9704
0.957
0.9476
0.914
0.3138
0.9014
0.9512
0.7556
0.963
0.9566
0.9636
0.8306
0.9618
0.5168
0.9668
0.1048
0.6056
0.95
0.9656
0.539
0.9626
0.97
0.9636
0.9692
0.0882
0.4538
0.8222
0.9586
0.9554
0.856
0.8428
0.9758
0.9678
0.9044
0.9708
0.9372
0.9332
0.7458
0.963
0.8026
0.3566
0.9648
0.9308
0.959
0.8886
0.952
0.672
0.9488
0.8392
0.903
0.9728
0.9402
0.9732
0.9106
0.6892
0.9476
0.008
0.9666
0.9586
0.8748
0.7872
0.6894
0.9224
0.758
0.831
0.9682
0.2272
0.8936
0.9656
0.9726
0.033
0.9416
0.9726
0.968
0.8696
0.9068
0.91
0.8966
0.969
0.8824
0.9692
0.9608
0.5764
0.818
0.9542
0.801
0.9656
0.3886
0.9346
0.9476
0.9064
0.973
0.9722
0.9394
0.9708
0.8346
0.9334
0.9596
0.7618
0.388
2e-04
0.9528
0.4778
0.9762
0.2764
0.8442
0.9702
0.7568
0.7914
0.9682
0.0754
0.4638
0.0556
0.929
0.961
0.1982
0.2654
0.9354
0.9594
0.8768
0.9338
0.7116
0.9498
0.8582
0
0.2328
0.962
0.9682
0.9146
0.949
0.965
0.9702
0.9196
0.927
0.9506
0.8498
0.9532
0.955
0.9618
0.0018
0.9658
0.9244
0.9622
0.9238
0.6022
0.1862
0.4528
0.7688
0.9448
0.9418
0.9542
0.9318
0.4646
0.9652
0.9538
0.9604
0.4308
0.9566
0.9268
0.2202
0.9606
0.9604
0.921
0.892
0.9254
0.9042
0.9702
0.9118
0.9572
0.9074
0.94
0.038
0.843
0.9646
8e-04
0.9274
0.9426
0
0.0328
0.9236
0.9236
0.9678
0.9268
0.9484
0.962
0.9238
0.6058
0.8542
0.1692
0.961
0.9678
0.875
0.955
0.9514
0.4216
0.8946
0.9428
0.9522
0.9108
0.8462
0.8744
0.9696
0
0
0.8984
0.9582
0.8734
0.9362
0.8074
0.8118
0.949
0.957
0.9096
0.9016
0.832
0.7066
0.9706
0.8096
0.9492
0.9608
0.9714
0.9556
0.959
0.9654
8e-04
0.9242
0.0032
0.8202
0.9598
0.9432
0.8488
0.9424
0.9658
0.7712
0.0082
0
0.9446
0.8708
0.9578
0
0.9646
0.8226
0.4892
0.8864
0.029
0.8598
0.9718
0.9344
0
0.8682
0.931
0.9688
0.9624
0.0034
0.6572
0.9622
0.9722
0.0012
0.9452
0.9302
0.9656
0.9562
0.9692
0.9724
0.958
0.9368
0.9398
0.8918
0.955
0.9658
0.9414
0.8628
0.9622
0.1158
0.9508
0.9624
0.9474
0.936
0.9716
0.9668
0.966
6e-04
0.939
0.8442
0.0086
0.9592
0.934
0.935
0.7658
0.973
0.9588
0.939
0.8814
0.9602
0.7796
0.9328
0.9388
0.8036
0.9532
0.763
0.9218
0.9242
0.6026
0
0.167
0.946
0.4108
0.9516
0.9426
0.8764
0.9116
0.0102
0.8064
0.9546
0.4522
0.4728
0.3452
0.9548
0.961
0.9144
0.016
0.8752
0.9654
0.7574
0.1342
0.9652
0.0198
0.0892
0.0012
0.427
0.9624
2e-04
0.4374
0.9706
0.9428
0
0.9466
0.9418
0.9572
0.115
0.968
0
0.839
0.8824
0.9662
0
0.97
0.949
0.9628
0.04
0.2418
0.0054
0.1954
0.8072
0.9736
0.3618
0.6482
0.9734
0.7982
0.873
0.2172
0.9626
0.9366
0.1484
0.1346
0.873
0.9544
0.966
0.9508
0.7364
0.8612
0.9676
0.9136
0.352
0.8984
0.9682
0.9442
0.7158
0.2766
0.9708
0.8778
0.9186
0.8644
0.9688
0.9174
0.9658
0.9278
0.9696
0.9652
0.8704
0.958
0.891
0.7188
0.952
0.9524
0.922
0.9744
0.9228
0.6822
0.972
0.9494
0.9342
0.4062
0.9278
0.8442
0.954
0.9572
0.937
0.954
0.1074
0.7994
0.9264
0.8978
0.9406
0.8866
0.8418
0.9254
0.8696
0.8834
0.6768
0.969
0.9086
0.9714
0.956
0.9366
0.9094
0.972
0.9614
0.9664
0.8428
0.9482
0.973
0.6424
0.8914
0.9698
0.8196
0.773
0.9692
0.9744
0.9586
0.684
0.963
0.9598
0.9508
0.048
0.8306
0.083
0.7882
0.8466
0.969
0.9348
0.9698
0.9182
0.2386
0.9686
0.906
0.9508
0.8382
0.9244
0.9716
0.958
0.8956
0.955
0.9534
0.7478
0.9618
0.883
0.8866
0.9452
0.7916
0.8468
0.1984
0.7446
0.1824
0.9524
0.218
0.0844
0.9498
0
