0.024
1
0.0346
1
0.973
0
0.0076
1
0.9998
1
0
0.9542
0
0.0124
0
0.0024
1
0
0.003
1
0.0052
0
0
1
1
0.1336
0
0.0132
0.6914
0.006
1
0.1266
0
0
0.0236
0
4e-04
0.9988
0
0.0398
0.0022
0
0
0.1142
0
0
1
0.0146
0
0
0.093
8e-04
1
0
0
0.9994
6e-04
0
0.2434
0
0
0.9936
0
0.0462
0.2298
1
0
0.0018
1
0
0
0
0.0018
0
0
0.5062
1
1
0.0022
2e-04
0
0
1
0.745
0.001
0.0028
0.0032
0.006
0.3098
0
0
0
1
0.0242
0
2e-04
0
1
2e-04
1
0
1
1
0
0
4e-04
1
4e-04
1
0
0.8638
0
1
0
2e-04
1
0
0.9522
4e-04
1
0
1
0.0772
0.2822
0
0
2e-04
1
0
0
1
0
1
1
0
1
0
0
4e-04
0.1164
0
0
8e-04
0
0.003
1
0.0144
1
1
1
2e-04
6e-04
1
1
0.3164
1
0.9852
0
1
0
0.0022
8e-04
0.0028
1
0.2386
4e-04
0.005
2e-04
0
0.0118
0.1728
1
0.0016
1
1
2e-04
2e-04
0
1
0
1
0
0
1
1
0.0046
0.2878
0.0226
0.8648
2e-04
2e-04
0.0076
0
1
0.0104
0
0.0012
0.0632
0
0.0016
0
0.0024
0.0322
0
0
0.8116
0.7226
2e-04
0
2e-04
0.1552
0.004
0
1
0
1
1
0.0242
0
0
1
4e-04
0.9966
1
0
0
0.0056
4e-04
0
0.0016
0.2904
0
1
0
0.0454
2e-04
6e-04
0
0.011
0
0.005
0.0038
0.0092
2e-04
1
0.8658
0
0
0
0.0018
0
8e-04
0.0232
2e-04
0.023
0.9994
2e-04
0
0
0
2e-04
0.0012
0
0.0386
1
0.0018
0
0
0.0062
0
0
0.0054
0.3194
0.0018
0
0.0174
0
1
0
1
0
0.0538
0.9994
0.0018
0.0014
1
0
1
0
0.9638
0
0
0
0
2e-04
0.4422
0
0
1
0.047
0
0
0.0732
0.0018
1
1
0
0
1
1
0
0
0.3336
1
0
0
0
2e-04
4e-04
1
0.0052
0.0024
0.9826
0.0012
0.0042
0
0.4346
4e-04
0
0.0348
0.0794
0.0014
1
0.0746
0
1
0
0
0.0232
0.0012
0
1
1
0
0
4e-04
2e-04
1
0.1458
0.0988
0
2e-04
0.0592
1
0.7594
1
1
0
0.462
0.0218
0.1774
0
0.0046
0.0102
6e-04
0.008
2e-04
0.0036
0
0
0
0
0.9712
0
0.177
8e-04
0
0
1
0.2576
0
0.0034
1
0.0778
0.0038
0.9996
0
8e-04
0.0014
0.0018
0
0
0
1
0.0116
2e-04
0.0034
2e-04
0
0.8548
0
0
0.0128
4e-04
2e-04
0.0032
0.0068
0
4e-04
4e-04
8e-04
0.0992
0.362
0
0
0
0
0.4136
0.055
0.0858
0
0
0
0
0
0
1
1
0
0
0
1
0
2e-04
1
0
2e-04
0
0
0
8e-04
0.0038
8e-04
0
0.7844
1
0.039
0
0
0
0.237
1
0.0034
0.0018
0
8e-04
0.9918
0
0.8948
0.0206
1
0.0022
0
1
1
0.0092
0
4e-04
0
2e-04
0.8102
0
6e-04
4e-04
0.0194
0
0
1
0
0
0.9998
0
0.1472
0
0.0018
0.9896
0
0
0
0
0
0
6e-04
0.0062
0
0
0.005
0
2e-04
0
0
1
0.0718
0
0.0012
2e-04
2e-04
2e-04
0
6e-04
0
0.008
2e-04
0
1
0
1
2e-04
0
0
0.0016
0
0
0
0.1824
0.0048
2e-04
0
0.0858
0
1
0
1
0.2794
0
4e-04
0.9986
0
0
0
0.8824
0
0
0.117
0
1
0
0
0
0
0.0096
0
0.0014
0
0
0
0
0.0234
0
0
0.0034
0
0
0.0014
4e-04
0
0.047
0
0.0014
0
0
0
6e-04
0
0.0054
0.0114
0
1
0
0
0
0
0.4628
0
0.0016
1
0
1
0
0.9714
6e-04
0
0
0
0
0
0
0.9922
0
0
1
0
