0.7846
0.9954
0.8874
0.983
0
0.8976
0.9642
0.5758
0.936
0.8004
0.8886
0.935
0.2152
0.999
0.9992
0.9976
0.9122
0.0118
0.9998
0.9862
0.9862
0.9992
0.9928
2e-04
0.9996
0
0.0578
0.9996
0.996
0.9568
0.9728
0.7294
0.9886
0.2604
0.9114
0.9882
0.9986
0.0034
0.9918
0.0462
0
0.005
0.994
0.632
0.1164
0.9872
0.0074
0
0.9942
0.902
0.9902
0.9434
0.9936
0.9994
0.92
0.9968
0.0078
0.999
0.8574
0.9988
0.2428
0.7854
0.8946
0.9858
0.9988
0.9994
0.998
0.9472
0.9998
0.6118
0.471
0
0.0102
0
0.9238
0.9806
0.799
0.9944
0.9342
0.964
0.9998
0.9962
0.9986
0.9066
0.9284
0.9036
0.9502
0.0086
0.7984
0.9962
0.995
0.677
0.9936
0.9272
0.0058
0.9912
0.8906
0.99
0.0556
0.9354
0.9864
0.4832
0.9978
0.8956
0.9692
0.3968
0.9474
0.003
0.995
0.7492
0
0.9976
0.9958
0.6462
0.9952
0.8236
0.8246
0.9962
0.9984
0.9986
0.2866
0
0
0.2078
0.786
0
0.027
0.0284
0.732
0.9984
0
0.9986
0.9946
0.083
0.8728
0.8834
0
0.9894
0.9916
0.076
0.9666
0.9932
0.987
0.9982
0.4116
0.9968
0.8622
0.0412
0.9954
0.982
0.9866
0.1312
0.5954
0.1554
0.084
0.1336
0.9786
0.9864
0.9994
4e-04
0.993
0.9946
0.9968
0.993
0.0044
0.9894
0.992
0.9854
0.8716
0.9976
0.902
0.2016
0.9928
0.9984
0.7892
0.4984
0.9928
0.8488
0.9928
0.3108
0.1114
0.8752
0.1054
0.2742
0.9952
0.9992
0.04
0.9978
0.9696
0.994
0.9878
0.9986
0.7832
0.9986
0.0012
0.963
0.4552
0.975
0.0148
0.971
0.9542
0.9872
0.7334
0.8178
0.3318
0.7498
0
0.9764
0.9608
0.9614
0
0.9834
2e-04
0.9586
0.9542
0.9512
0.0136
0.9018
0.9824
0.8374
0.6054
0.9906
0.9356
0.0048
0.987
0.7132
0
0.993
0.0018
0.9676
0.9314
0.9982
6e-04
0.7522
0.9944
0.998
0.9326
6e-04
0.985
0.9412
0.9632
0.6458
0.533
0.8208
0.3776
0.6262
0.878
0.985
0.5592
0.994
0.8956
0.0906
6e-04
0.9996
0.3818
0.351
0.997
0.9478
0.695
0.2474
0.3546
0.9004
0.9688
0
0.5434
0.3562
0.471
0
0.882
0.9204
0.9342
0.9964
0
0.9708
0.9842
0.9964
0.9996
0.8022
0.9896
0
0.9812
0.7988
0
0.8384
0.3538
0.947
0.5992
0.002
0.7772
0.9948
0.7848
0.3114
0.8048
0.981
0.912
0.8516
0.9978
0.9918
0.7552
0.977
0.455
8e-04
0.9822
0.9692
0.7954
0.0208
0.0272
0.0094
0
0.9828
0.504
0.9762
0.9442
0.962
0.9654
0.9994
0.9838
0.0026
0.6776
0.074
0.9986
0.4646
0.0238
0.9452
0.9994
0.7514
0.9992
0.9948
0.9996
0.9306
0.1748
0.997
0.9872
0.9582
0.9794
1
1
