0.943
0.8466
0.9972
0.999
0.4574
0.9206
0.9952
0.9992
0.9706
0.9992
0.9952
0.6628
0.9998
0.9986
0.9958
0
0.9388
0.9994
0.998
0.9986
0.9992
0.9922
0.7338
0.966
0.856
0.9996
0.9958
0.9772
0.9992
0.8648
0.5328
0.929
0.2232
0.9988
0.9104
0.9996
0.9992
0.9998
0.9992
0.9906
0.9988
0.9992
0.0602
0.9996
0.9996
0.8734
0.9998
0.985
0.99
0.9968
0.9994
0.9992
0.9604
0.9996
0
0.9756
0.9926
0.9916
1
0.8046
0.9982
0
0.9988
0.9976
0.7852
0.7558
0.9466
0.9986
0.9896
0.9976
0.8922
0.9886
0.9982
0.9256
0.9454
0
0.9966
0.9966
0.9998
0.9992
0.9982
0.9726
0.9998
0.9956
0.98
0.9962
0
0.9996
0.9116
0.9964
0.9956
0.829
0.9994
0.9994
0.9994
0.993
0.9998
0.9942
0.8492
0.9134
0.9988
0.7058
0.9978
0
0.9986
0.9976
0.9998
0.9956
0.9976
0.9972
0
0.897
0.9972
0.9978
1
0.999
0.9766
0.9994
0.9924
0.8646
0.9964
0.9982
0.994
0.0366
0.9994
0.9996
0.9984
0.9986
0.9976
0.9836
0.9948
0.9964
0.9986
0.955
0.551
0.2468
0.9992
0.996
0.978
0.0012
0.9936
0.9902
0
0.9934
0.9998
0.9986
0.9996
0.9952
0.0482
1
1
0.9998
0.9976
0
0.997
0.9932
0.9994
0.6804
0.9966
0.9988
0.9992
0
0.9938
0.9852
0.996
0
0.9982
0.9978
0.999
0.9904
0.919
0.997
0.0066
0
0.8956
0.9992
0.9994
0.9982
0.993
0.9994
0.9888
0.997
0.9946
0.9994
0.9994
0.998
0.9452
0.9992
0
0.9998
0.9994
0.5618
0.9996
0.9974
0
0.8994
0.9998
0.9998
0.9988
0.993
0.993
0.6616
0.9996
0.8808
0.9504
0.9966
0.745
0.9956
0.0556
1
0.9952
0.9996
0
0.9982
0.9936
1
0.9038
0.9996
1
0.995
0.998
0.9998
0.9998
0.9874
0.993
0.9968
0.996
0.9828
0.994
0.9996
0.9968
0.6548
2e-04
0.9676
0.9958
1
0.9996
0.9676
0
1
0.98
0.9996
0
0.9204
0.9988
0
0.0184
0.9994
0.9698
0.9932
0.9924
0
0.5008
0.09
0.999
0.9998
0.9644
0.7926
0.9984
0.9998
0.9986
0.9998
0.9978
1
0.999
1
0.9996
0.992
0.9918
0.9924
0.999
0.9988
0.987
0
0.9964
0.9994
0.9992
0.9514
0.9964
0.963
0.9992
0.9994
0
0.9982
0
0.9998
0.9944
0.9968
0.999
0.9852
0.9996
0.0108
0.9952
0.9908
0.9978
1
1
0.9864
1
0.142
0.9922
0.9878
0.7342
0.9994
0.0446
0.9788
0.9994
1
0.994
0.9998
0.9998
0.9996
0.9678
0.6472
0.6884
0.0016
0
0.9986
0
0.997
0.9994
0.9974
0.9742
0.8078
0.9996
0.9894
0.9972
0.7296
0.939
0.9996
0.3988
0.137
0.9934
0.999
0.9996
0.9936
0.9678
0.9682
0.9982
0.9994
0
0.999
0
0.998
0.999
0.9976
1
0.7084
0.9996
0.9992
0.9996
0.9774
0.9726
0.9984
0.471
0.9994
4e-04
0.9998
0.1624
0.7884
0.9976
0.9998
0.9992
0.9776
0
0.9984
0.9998
0.9998
0.995
0.9996
0.9998
0.8672
0
0
1
0.9844
0.9998
0.9986
0.999
0.9982
0.9662
1
0.9994
0.9996
0.9966
0
0.9984
0.9984
0.9986
0.9992
0.9956
0.973
0.9996
0.9996
0.9284
0.999
0
0.994
0.9634
0.9996
0.9914
0.4838
0.5734
1
0.5086
0.9994
0.9964
0.9998
0.995
0.9998
0.9994
0.9998
0.999
0.9984
0.121
0.9994
0
0.998
0.2426
0.999
0
0.9894
0.998
0.9974
0.9924
0.9996
0.9928
0.9998
0.9838
0.9954
0.999
0.9942
0.9968
0.2636
0.9992
0.9936
0.7524
0.7664
0.9998
0.9938
0.9998
0.9986
0.9804
0.9996
0.9926
0.9964
0.9984
0.9972
0.945
0.9912
0.9992
0.9974
0.9996
0.9984
0.9994
0.9998
0.9784
0.9974
0.9998
1
0.9998
0.9988
0.9996
0.6184
0.9988
0.1526
1
0.9914
0.9998
0.8648
0.999
0.9992
0.9982
0.9962
0.2244
0.9978
0.9848
0.9998
0.999
0
1
0.9924
0.9786
1
0.997
0.9996
0.992
0.9994
0.9998
0
0.999
0.8516
0.9724
0.9992
0.9992
0.707
0.9998
0.9994
0.8462
0.9998
0
0.9986
0.9978
0.952
0.9994
0.9998
0.9994
0.9994
0.9994
0.9858
0.9998
0.9994
0.9894
0.999
0
1
0.9994
0
0.9986
1
0.9956
0.9456
0.9994
0.9998
0.9802
0.9954
0.9164
0.9814
1
1
0.9998
0.9996
0.9988
0.9996
0
0
0.998
0.9996
0.9382
0.9986
0.9996
0.9958
0.9988
0.9982
0.9986
0.8792
0.9966
0.9998
0.9994
0
0.9996
0.9992
0
1
0.9982
0.9984
0.9994
0.9986
0
0.4234
1
0.9996
0.9996
0.9998
0
0.1608
0.4748
0.9322
0
1
0.9996
1
0.0314
0.989
0.9998
0.9994
0.999
0.999
0.9992
0.9954
0
0.9964
0.9992
0.9988
0.9998
0.9986
0.9994
0.998
0.9988
0
0.8756
0.9996
0.9996
0.2264
0.9978
0.9996
0.9998
0.9976
0
0.9968
0.9998
1
0.9998
0.9984
0
0.921
0.999
0.9996
0.9996
1
0
0.5122
0.9998
0.9992
0.9992
0.9994
0.9818
1
1
0.9988
0.9992
0.9998
0.9998
0.9916
0.9994
0.999
0.9998
0.9992
0.9992
1
0.998
0.995
0.9878
0.897
0.9998
0.9998
0.9992
0.9994
0.9994
0.9814
0.9996
0.998
0.9998
0.9994
0.9956
0.9998
0.9706
0.9746
0.994
0.9992
0.9994
0.9996
0.9994
0.9962
0.9996
0.9988
0.9996
0
0.9872
0.9988
0.9586
0.9996
0.9966
0
0.9826
0.966
0
0.9998
0.9992
0.9992
0
0.9958
1
0.0118
0.9956
0.9962
0.1832
0
0.9994
0.9998
0.9988
0.9996
0.9976
0.9984
0.9984
0.7072
0.9848
0.999
0.9986
0.8862
0.9994
0.9992
0.9372
0.999
0.9982
1
0.9998
0.1838
0.9136
0.9988
0.9998
0.9776
0.998
0.9988
0.9996
0.219
0
0.9674
0.9736
0.9974
0.9996
0.8826
0.9966
1
0.9954
0.2378
0.9996
0.9998
0.9994
0.9996
0.9604
0.999
0.66
0.999
0.9818
0
0.9992
0.9994
0.8446
0.9986
0.9646
0.919
1
0.9978
0.9998
0.3886
0.926
0.9998
0.9866
0.9976
0.9948
0.9998
0.9954
1
0.935
1
0.9988
0.9982
0.9994
0.9998
1
0.9988
0.9986
1
0.9996
0.9978
0.9998
0.9994
0.9988
1
0
0.9942
0.9986
0.9972
0.991
0.9988
0.9992
0.998
0.9954
0.9976
0.9974
0.9996
1
0.9992
0.9998
1
0.9996
0.9994
0.9996
0.99
0.9996
0.9964
0.9998
0.9978
0.9982
0.9992
0.9998
0.9998
1
1
0.9998
1
0.9936
0
0.9162
0
0.9994
0.9982
1
0.9996
0.9968
0.9996
0.9986
0.9998
0.9996
0
0
0.9978
0.9992
0.9998
0.9994
0.9994
0.9998
0.9994
0.9996
0
0.9998
0.9994
1
0.9998
0.8622
1
0.9998
0.9998
0
1
0.9994
1
1
0.9996
0.9996
0.9998
0.9996
0.9996
0.9988
0.015
0.9998
0.9998
0.9994
1
0.9948
0
0.9992
1
0.9996
0
0.999
0.9992
1
0.9986
0.9998
0.9998
0.9996
0.9996
0.999
1
1
1
0.9998
0.9994
0.9998
0.9996
0.9994
0.9998
1
0
0.9996
0.9866
1
1
0.9986
0.9994
0.9998
0.9996
0.9994
0.999
0.9998
0.9982
0.9992
