0.005
0.998
0.5414
0.9984
0.7482
0.9698
0.9982
0.9926
0.9974
0.9946
0.9952
0.9976
0.9926
0.9996
0.9986
0.999
0.9968
0.9906
0.9992
0.9976
0.998
0.9974
0.998
0.9742
0.9992
0.982
0.9896
0.999
0.999
0.9922
0.9972
0.9948
0.9992
0.9918
0.997
0.998
0.999
0.9924
0.9992
0.994
0.9834
0.9862
0.998
0.992
0.9848
0.9986
0.9924
0.9566
0.999
0.996
0.9986
0.995
0.9986
0.9974
0.9976
0.9992
0.9826
0.9992
0.997
0.9988
0.9974
0.999
0.9978
0.9978
0.997
0.9986
0.9986
0.9934
0.999
0.9814
0.9944
0.9132
0.967
0.9818
0.9976
0.9988
0.996
0.9978
0.9968
0.9926
0.9988
0.996
0.9994
0.9966
0.9976
0.9902
0.9974
0.9622
0.9972
0.9978
0.9982
0.9906
0.9988
0.9862
0.9864
0.999
0.9966
0.998
0.9874
0.996
0.999
0.991
0.9892
0.9964
0.9984
0.9958
0.9806
0.9768
0.9996
0.9972
0.9802
0.9984
0.998
0.9952
0.9986
0.995
0.9982
0.9978
0.9982
0.9982
0.9914
0.9094
0.9774
0.9906
0.996
0.9848
0.9908
0.9958
0.9932
0.9992
0.9738
0.9994
0.9996
0.9914
0.9962
0.9966
0.9892
0.9976
0.999
0.9888
0.9974
0.9982
0.999
0.9992
0.9774
0.9994
0.995
0.9856
0.9986
0.9992
0.9982
0.9756
0.992
0.9924
0.9882
0.9922
0.9986
0.9992
0.9982
0.983
0.9978
0.999
0.9984
0.9978
0.9866
0.9988
0.999
0.9982
0.9914
0.9994
0.9964
0.887
0.998
0.9984
0.9946
0.9798
0.9984
0.9938
0.9976
0.9852
0.9888
0.9976
0.9886
0.9968
0.9988
0.9986
0.991
0.999
0.9976
0.9988
0.998
0.9988
0.9926
0.9984
0.9892
0.998
0.9856
0.998
0.985
0.999
0.9984
0.9992
0.9946
0.9922
0.9832
0.9964
0.9246
0.9974
0.996
0.9994
0.912
0.9978
0.9804
0.999
0.9986
0.9976
0.9782
0.9964
0.998
0.9962
0.9916
0.9988
0.998
0.9828
0.999
0.9926
0.9724
0.998
0.9694
0.998
0.9982
0.9992
0.9814
0.9952
0.9994
0.9988
0.9618
0.9692
0.998
0.997
0.9974
0.9868
0.9764
0.9958
0.9908
0.9898
0.996
0.9982
0.9924
0.9994
0.9974
0.984
0.9808
0.9994
0.994
0.9898
0.999
0.9972
0.983
0.9902
0.9874
0.997
0.998
0.9674
0.984
0.9902
0.9944
0.9678
0.9966
0.9986
0.9964
0.9982
0.968
0.998
0.9984
0.999
0.999
0.9664
0.999
0.9636
0.999
0.9968
0.9434
0.9952
0.9972
0.9984
0.0352
0.9716
0.9924
0.9984
0.9884
0.9904
0.987
0.9976
0.9958
0.8782
0.7448
0.9986
0.9912
0.9984
0.9786
0.9568
0.9954
0.997
0.0092
0.9806
0.9908
0.9808
0.9882
0.997
0.9874
0.9974
0.9986
0.981
0.9992
0.9982
0.9992
0.9754
0.9936
0.9846
0.9876
0.9876
0.9838
0.9758
0.9994
0.9824
0.9988
0.9992
0.974
0.9752
0.994
0.9858
0.9942
0.9978
0.7558
0.9982
0.979
