0.0124
6e-04
0.3104
0.5276
0
0.0508
0.3032
0.6298
0.2014
0.684
0.461
0.0338
0.281
0.7422
0.184
0.807
0.0038
0.7188
0.4494
0.5746
0.785
0.3034
0.0014
0.0292
0.2738
0.7256
0.5058
0.1782
0.7746
0.0106
0.001
0.034
4e-04
0.684
0.004
0.6784
0.758
0.5122
0.749
0.097
0.7686
0.8032
0
0.8176
0.7732
0.14
0.7968
0.0534
0.185
0.1544
0.7024
0.581
0.0752
0.8058
0.8122
0.0518
0.286
0.4588
0.75
0.0014
0.348
0.6566
0.7288
0.231
0.0024
0.0034
0.7736
0.7906
0.5844
0.745
0.0498
0.2088
0.539
0.0264
0.0182
0.7818
0.413
0.6032
0.8084
0.766
0.81
0.025
0.8148
0.4754
0.4068
0.2934
0.5522
0.8078
0.0218
0.6176
0.5862
0.0048
0.7656
0.7444
0.763
0.5178
0.8118
0.222
0.0024
0.0172
0.742
0.0032
0.5754
0.0096
0.678
0.5902
0.7866
0.5764
0.4172
0.2984
0.463
0.0146
0.6104
0.6868
0.744
0.7788
0.017
0.7824
0.2076
0.0348
0.4034
0.4828
0.3952
0.804
0.7312
0.7776
0.7286
0.7592
0.7466
0.6802
0.7166
0.5202
0.7492
0.1872
2e-04
0
0.7876
0.288
0.0708
0
0.1448
0.6122
0.6884
0.163
0.8082
0.731
0.5986
0.4612
0
0.811
0.7182
0.798
0.742
0.7384
0.6872
0.3524
0.772
0.002
0.5868
0.6788
0.7764
0.8216
0.4198
0.3268
0.3346
0.0014
0.7122
0.7322
0.802
0.4432
0.022
0.723
0
0.0016
0.002
0.768
0.7624
0.7662
0.5146
0.8054
0.0316
0.5386
0.467
0.7854
0.8166
0.642
0.0774
0.7442
0.705
0.8164
0.7878
0
0.7848
0.6606
0.7102
0.0066
0.797
0.8008
0.4596
0.5844
0.7256
6e-04
0.763
0.0054
0.1412
0.6152
0.0028
0.4564
0.294
0.8146
0.1034
0.6756
0.0268
0.706
0.251
0.7884
0.7676
0.7574
0.8014
0.2572
0.7016
0.719
0.7356
0.599
0.3098
0.2114
0.2504
0.018
0.2228
0.555
0.6516
0.0026
0
0.0096
0.6176
0.7706
0.6916
0.0506
0.7466
0.427
0.068
0.4024
0.0032
0.0236
0.8054
0.443
0
0.7748
0.23
0.5902
0.2252
0.5684
0.002
0.0044
0.7752
0.7554
0.0292
0.0026
0.2352
0.7696
0.5022
0.7308
0.4704
0.791
0.7392
0.7478
0.7906
0.1032
0.4002
0.0764
0.8126
0.501
0.0154
0.7468
0.6008
0.6052
0.5498
0.638
0.2934
0.1112
0.657
0.8096
0.7316
0.5172
0.7142
0.7782
0.2544
0.5584
0.627
0.117
0.7422
6e-04
0.2528
0.4804
0.7344
0.7748
0.8038
0.158
0.7666
0
0.3086
0.0656
4e-04
0.8042
0
0.2566
0.7844
0.8124
0.3574
0.7864
0.6852
0.8198
0.1852
0
6e-04
0
0
0.824
0.1774
0.6964
0.7536
0.756
0.1004
0.0092
0.6872
0.0158
0.6818
0.011
0.0246
0.6446
0
0
0.225
0.7068
0.5736
0.0912
0.129
0.009
0.7914
0.6474
0.0512
0.7736
0.154
0.5718
0.6746
0.7086
0.8076
4e-04
0.8078
0.7878
0.7376
0.1036
0.0088
0.6644
0.003
0.8226
0
0.7692
0.0016
0.002
0.6358
0.7232
0.741
0.0984
0.7518
0.7726
0.8038
0.7268
0.4392
0.7974
0.6658
8e-04
0.6902
0.1138
0.762
0.1982
0.774
0.766
0.713
0.7726
0.1302
0.7672
0.677
0.7868
0.6962
0
0.3168
0.7564
0.5514
0.7112
0.0446
0.0542
0.814
0.7956
0.0308
0.7448
0
0.5668
0.0072
0.8078
0.1776
0.3158
0.0144
0.7978
0.0112
0.5894
0.3144
0.7582
0.287
0.4682
0.7918
0.7456
0.7604
0.3508
0
0.7662
0.05
0.7404
0.0022
0.7806
0.5186
0.2144
0.494
0.7502
0.345
0.7932
0.684
0.806
0.1022
0.4102
0.7034
0.2426
0.649
0.311
0.751
0.5056
0.0134
0.0178
0.7774
0.257
0.6676
0.779
0.125
0.7594
0.3772
0.3536
0.7166
0.3618
0.0106
0.5272
0.7244
0.681
0.6738
0.6146
0.7788
0.7444
0.0742
0.6802
0.7502
0.6714
0.759
0.7972
0.773
0
0.7692
0
0.7754
0.3994
0.7932
0.5958
0.6996
0.794
0.809
0.4502
4e-04
0.7902
0.3708
0.6934
0.778
0.3748
0.7666
0.435
0.0436
0.7904
0.283
0.811
0.5472
0.7904
0.7652
0.6746
0.799
0.0088
0.1204
0.7222
0.6666
0.0014
0.7456
0.7722
0.1114
0.6504
0.0014
0.7242
0.6938
0.0462
0.7522
0.7982
0.692
0.7752
0.7702
0.4592
0.7176
0.785
0.1372
0.5808
0.4608
0.8012
0.7146
0.7974
0.8096
0.7522
0.7284
0.09
0.5434
0.746
0.0854
0.6128
0.0066
0.184
0.768
0.7126
0.8136
0.5012
0.786
0.8016
0.0146
0
0.5494
0.8166
0.0246
0.7522
0.7624
0.4772
0.6922
0.7968
0.7002
0.0136
0.6796
0.776
0.7462
0.7324
0.7616
0.7782
0.7324
0.6188
0.7562
0.7278
0.327
0.704
0.587
0.0182
0.6132
0.8058
0.8044
0.6674
0.1646
0.0018
0.3502
0.0386
0.0062
0.216
0.7968
0.7784
0
0.515
0.666
0.7824
0.7598
0.7736
0.7158
0.3972
0.6788
0.6242
0.699
0.7494
0.7852
0.5634
0.7942
0.6448
0.6644
0.551
0.184
0.7798
0.723
0.0016
0.6768
0.5084
0.6582
0.7534
0
0.0874
0.8016
0.7582
0.7798
0.7116
0.7616
0.4834
0.7718
0.8196
0.8024
0.7194
0.7956
0.4388
0.7864
0.7836
0.739
0.6204
0.2592
0.8056
0.753
0.7048
0.7602
0.781
0.7202
0.103
0.8142
0.7892
0.7152
0.7798
0.6944
0.792
0.5824
0.421
0.3598
0.0106
0.8008
0.7126
0.7878
0.5968
0.6818
0.0494
0.7198
0.6846
0.8012
0.812
0.6776
0.8252
0.149
0.7318
0.58
0.7668
0.7496
0.8
0.7944
0.7008
0.7944
0.7096
0.581
0.1744
0.1084
0.7258
0.036
0.7832
0.6036
0.6964
0.3686
0.1512
0.6678
0.72
0.634
0.7918
0.7944
0.6124
0.785
0
0.5208
0.6578
0
0.6982
0.8194
0.8144
0.7718
0.801
0.4604
0.7548
0.651
0.0024
0.3532
0.6958
0.78
0.24
0.7302
0.8128
0.0276
0.7922
0.7948
0.806
0.7748
2e-04
0.0952
0.7554
0.7546
0.0858
0.4514
0.7854
0.8062
0
0.6766
0.0126
0.214
0.7354
0.7396
0.0234
0.6294
0.7994
0.3432
2e-04
0.7368
0.6202
0.7784
0.7844
0.1568
0.7876
0.04
0.7946
0.0318
0.3892
0.681
0.8042
0.0036
0.6908
0.039
0.1386
0.8072
0.718
0.81
2e-04
0.0394
0.7806
0.1622
0.5876
0.6822
0.723
0.6132
0.809
0.2242
0.4964
0.7648
0.7458
0.7874
0.8058
0.819
0.7868
0.7244
0.8036
0.7772
0.723
0.8026
0.5678
0.7782
0.8094
0.7622
0.6102
0.7416
0.6982
0.0768
0.6284
0.7758
0.3046
0.4036
0.6996
0.7044
0.7748
0.5432
0.611
0.8028
0.7
0.5386
0.8122
0.769
0.0268
0.7926
0.4682
0.805
0.6736
0.701
0.7726
0.7186
0.781
0.7028
0.736
0.812
0.6614
0.1424
0.271
0.002
0
0.8072
8e-04
0.7202
0.8012
0.4936
0.8104
0.7602
0.7984
0.8134
0.317
0.0042
0.7426
0.7984
0.378
0.8056
0.3232
0.204
0.8158
0.817
0.8024
0.7502
0.7456
0.811
0.7294
0.0018
0.5586
0.678
0.7834
2e-04
0.376
0.5862
0.8082
0.1836
0.789
0.8188
0.6014
0.7848
0.7972
0.7516
0
0.5242
0.7434
0.7764
0.7936
0.2346
0.3672
0.5372
0.773
0.7702
0
0.798
0.7678
0.7098
0.7786
0.7746
0.7972
0.695
0.7932
0.7578
0.5834
0.6218
0.5914
0.7884
0.8048
0.2922
0.696
0.783
0.3876
0.8192
0.8006
0.7574
0.025
0.816
0.7944
0.7798
0.6818
0.788
0.7624
0.8056
0.7132
0.761
0.6694
0.7794
