0.0168
0.0248
0.064
0.0752
0.0528
0.0194
0.0246
0.0204
0.134
0.1618
0.0376
0.1472
0.0584
0.0282
0.0298
0.9914
0.0428
0.037
0.723
0.0514
0.0488
0.3136
0.2356
0.1696
0.0604
0.076
0.2896
0.0312
0.982
0.0282
1
0.4658
0.4988
0.8266
0.0222
0.0196
0.3716
0.0452
0.0468
0.032
0.0288
0.0542
0.2062
0.0208
0.036
0.0478
0.0334
0.2566
0.0166
0.275
0.7144
0.2796
0.4136
0.967
0.0792
0.6076
0.422
0.1382
0.3954
0.6228
0.037
0.131
0.5648
0.8036
0.0772
0.0226
0.0214
0.0448
0.9896
0.021
0.0468
0.7806
0.0822
0.377
0.4792
0.0256
1
1
0.0788
0.303
0.9992
0.2974
0.9946
1
0.999
0.152
0.9096
0.353
0.028
1
0.791
0.9118
0.9196
0.1558
0.8808
0.2674
0.9984
0.5754
0.5134
0.865
0.797
0.871
0.859
0.525
0.713
0.9966
0.8844
0.3954
0.1572
1
0.0346
0.091
0.6596
0.0182
0.0206
0.9654
0.9248
0.127
0.326
0.0406
0.1022
0.383
0.0214
0.9668
0.9974
0.0352
0.0288
0.0756
0.8688
0.0628
0.0236
0.0206
0.0186
0.0366
0.021
0.02
0.0496
0.0252
0.0256
0.0418
0.019
0.0334
0.0194
0.0196
0.9392
0.0218
0.0252
0.02
0.0544
0.0386
0.0258
0.0252
0.0206
0.0364
0.0476
0.0238
0.021
0.0204
0.0602
0.0344
0.0286
0.0326
1
0.3364
1
0.017
0.1018
0.0484
0.0594
0.0188
0.041
0.026
0.0368
0.0258
0.3962
0.0342
0.02
0.0266
0.987
0.0238
0.9998
0.1448
0.025
0.4986
0.0216
0.0384
0.0334
0.0204
0.0236
0.0204
0.0744
0.0406
0.0246
0.0342
0.0276
0.0226
0.0352
0.0322
0.0264
0.2482
0.6256
0.0274
0.0246
0.033
0.0844
0.028
0.0282
0.0214
0.5408
0.0262
0.0568
0.0588
0.0934
0.0188
0.041
0.053
0.1272
0.0366
0.0544
0.1426
0.026
0.0304
0.0286
0.0212
0.1254
0.017
0.0194
0.1814
0.131
0.0254
0.0804
0.094
0.0894
0.126
0.0328
0.043
0.3524
0.0176
0.0202
0.0192
0.1088
0.0262
0.9996
0.0486
0.2562
0.0246
0.15
0.0206
0.0936
0.039
0.0302
0.0186
0.0262
0.0226
0.0468
0.4486
0.0406
0.0196
0.069
0.0228
0.0178
0.022
0.0244
0.056
0.1032
0.0186
0.0646
0.0262
0.101
0.0222
0.018
0.0544
0.0186
0.0244
0.0226
0.0274
0.0452
0.0246
0.0338
0.0564
0.0304
0.0326
0.0958
0.0292
0.2326
0.021
0.0224
0.0358
0.1274
0.02
0.0228
0.0206
0.083
0.0484
0.9784
0.0152
0.0278
0.0216
0.0628
0.0354
0.032
0.0272
0.0242
0.0348
0.0232
0.0314
0.0282
0.3138
0.0514
0.033
0.0378
0.0234
0.0184
0.02
0.0378
0.0214
0.0266
0.026
0.0198
0.0608
0.0222
0.0852
0.027
0.0456
0.019
0.0208
0.0484
0.019
0.2054
0.0206
0.0326
0.044
0.0174
0.0322
0.0202
0.0368
0.0156
0.0974
0.052
0.023
0.0986
0.0392
0.0226
0.0514
0.0326
0.036
0.021
0.0212
0.0236
0.0398
0.1632
0.0224
0.0418
0.0196
0.0194
0.032
0.0312
0.0312
0.025
0.0478
0.0352
0.024
0.039
0.0278
0.0234
0.0178
0.026
0.0568
0.0432
0.022
0.0208
0.0382
0.0194
0.0236
0.0376
0.0268
0.9962
0.0202
0.045
0.0222
0.0366
0.0264
0.0194
0.092
0.0218
0.8262
0.0326
0.0252
0.0202
0.6558
0.0184
0.0196
0.0604
0.0328
0.0252
0.0172
0.0224
0.0268
0.0282
0.0228
0.039
0.022
0.041
0.0198
0.0384
0.051
0.0378
0.0546
0.0662
0.0418
0.025
0.069
0.0308
0.0854
0.04
0.0376
0.0202
1
0.0208
0.0212
0.0392
0.0774
0.0174
0.0182
0.024
0.0646
0.0626
0.029
0.0436
0.0184
0.029
0.0288
0.5476
0.0688
0.0862
0.025
0.0256
0.022
0.0486
0.0222
0.0212
0.0238
0.0264
0.0508
0.038
0.0238
0.0168
0.0242
0.0358
0.0304
0.0208
0.0306
0.051
0.0468
0.0168
0.0252
0.189
0.0818
0.0266
0.0214
0.0204
0.0282
0.04
0.0198
0.0232
0.0384
0.0178
0.023
0.0226
0.023
0.0374
0.0732
0.0356
0.0236
0.0224
0.0676
0.023
0.0358
0.0284
0.03
0.031
0.024
0.0456
0.0298
0.0364
0.0276
0.0258
0.0174
0.0248
0.0172
0.2518
0.2728
0.042
0.0278
0.0348
0.0212
0.0192
0.0192
0.0232
0.0768
0.0186
0.02
0.0338
0.032
0.02
0.0342
0.0228
0.0266
0.037
0.0374
0.0268
0.0284
0.0242
0.0264
0.0486
0.0538
0.0292
0.0446
0.0366
0.021
0.0246
0.0418
0.0238
0.0334
0.024
0.254
0.02
0.0526
0.0246
0.04
0.0694
0.0788
0.035
0.0518
0.4128
0.0444
0.0308
0.0198
0.0234
0.0412
0.0246
0.2354
0.3166
0.0514
0.0654
0.0434
0.121
0.0184
0.045
0.0308
0.0282
0.074
0.0202
0.0458
0.031
0.0516
0.0214
0.023
0.0268
0.0602
0.0344
0.289
0.0786
0.0194
0.0224
0.0304
0.0352
0.0188
0.0206
0.0394
0.0238
0.018
0.0314
0.0262
0.0272
0.1008
0.023
0.0342
0.0226
0.0278
0.0236
0.0196
0.0234
0.0414
0.0236
0.0402
0.0444
0.5346
0.0322
0.0238
0.0214
0.0926
0.0446
0.021
0.074
0.0214
0.0252
0.1344
0.021
0.0236
0.0358
0.8736
0.0388
0.0642
0.0192
0.0904
0.0196
0.0408
0.025
0.0202
0.045
0.0208
0.0242
0.0614
0.0316
0.0386
0.043
0.0236
0.8522
0.0298
0.0426
0.0208
0.0298
0.0194
0.0274
0.016
0.025
0.0214
0.324
0.0308
0.0724
0.0264
0.8996
0.0158
0.0244
0.025
0.0226
0.035
0.0526
0.0288
0.023
0.1612
0.0296
0.1758
0.0454
0.635
0.033
0.0182
0.0366
0.0948
0.023
0.0216
0.0226
0.0304
0.019
0.0396
0.0352
0.023
0.9846
0.0336
0.2606
0.0208
0.0476
0.087
0.0252
0.0212
0.1826
0.9528
0.041
0.2856
0.0446
0.0228
0.075
0.0196
1
0.0466
0.0232
0.0334
0.037
0.0358
0.4788
0.0324
0.0264
1
0.023
0.0258
0.0236
0.0836
0.0226
0.0774
0.032
0.0224
0.9994
0.12
0.021
0.0766
0.0382
0.431
0.02
0.9646
0.9352
0.0864
0.0314
0.1186
0.07
1
0.0226
0.0388
0.9924
0.058
0.0202
0.0234
0.0198
0.0214
0.1058
0.1302
0.0194
0.0684
0.2118
0.0258
0.0686
0.0242
0.9964
0.0734
0.0206
0.9942
0.2968
0.2386
0.0452
0.024
0.0322
0.0176
0.1736
0.0868
1
0.022
0.9986
0.0236
0.0494
0.1022
0.1208
0.0332
0.1294
0.0384
0.0174
0.3894
0.0582
0.02
0.0442
0.0364
0.9998
0.0786
0.7124
0.021
0.0258
0.0358
0.0498
0.0398
0.0248
0.0206
0.3514
0.0262
0.0278
0.0328
0.1714
0.0182
0.0296
0.0158
0.0694
0.0308
0.0694
0.0438
0.0494
0.3546
0.0584
0.0236
0.0292
0.0388
0.0334
0.104
0.029
0.0316
0.0692
0.0476
0.8084
0.0718
0.0574
0.061
0.0746
0.0276
0.0294
0.0186
0.0442
0.1592
0.0324
0.0298
0.5598
0.0328
0.0556
0.1456
0.0648
0.0244
0.0328
0.0386
0.0392
0.0246
0.0648
0.0466
0.075
0.1072
0.0442
0.0218
0.1068
0.02
0.0184
0.0618
0.0258
0.0462
0.0624
0.0252
0.0264
0.029
0.1484
0.0342
0.0282
0.0234
0.0302
0.0792
0.0214
0.0802
0.075
0.0188
0.0454
0.0152
0.027
0.0226
0.0244
0.6512
0.0384
0.0286
0.0228
0.1692
0.0542
0.0392
0.0372
0.1146
0.3294
0.032
0.0394
0.0564
0.2774
0.0496
0.0166
0.0604
0.0482
0.2868
0.0402
0.0268
0.2002
0.0286
0.022
0.026
0.0194
0.0218
0.6076
0.0796
0.017
0.0298
0.0166
0.0442
0.0322
0.1606
0.0276
0.0336
0.0552
0.0484
0.028
0.1314
0.0526
0.0668
0.0528
0.0186
0.022
0.029
0.0506
0.17
0.2104
0.0406
0.0528
0.06
0.0442
0.1752
0.0348
0.0492
0.0344
0.0498
0.0268
0.4786
0.2324
0.0264
0.0186
0.2502
0.0382
0.0194
0.032
0.0226
0.6608
0.4226
0.0286
0.0252
0.0316
0.1036
0.0216
0.0206
0.0304
0.0198
0.1584
0.0606
0.0408
0.164
0.024
0.0722
0.3292
0.0206
0.128
0.089
0.0504
0.0484
0.3244
0.0182
0.0442
0.1966
0.0174
0.0274
0.0216
0.0324
0.0368
0.0234
0.9788
0.0256
0.0268
0.022
0.1036
0.022
0.0184
0.0572
0.0166
0.019
0.2942
0.108
0.0232
0.0622
0.6744
0.0624
0.03
0.028
0.0406
0.103
0.0548
0.3924
0.0338
0.036
0.0372
0.0252
0.3874
0.0268
0.0532
0.0276
0.0258
0.0754
0.0688
0.0528
0.0766
0.023
0.026
0.0778
0.0234
0.0194
0.1612
0.032
0.06
0.4734
0.911
0.0288
0.2152
0.0248
0.834
0.7636
0.0308
0.214
0.0354
0.0408
0.9242
0.4646
0.0922
0.032
0.027
0.7218
0.1332
0.0594
0.029
0.043
0.1316
0.039
0.0464
0.0304
0.9996
0.7692
0.027
0.0252
0.2138
0.0698
0.0434
0.02
0.056
0.0388
0.0492
0.1056
0.0338
0.093
0.0892
0.9894
0.0224
0.1498
0.0408
0.054
0.7094
0.0718
0.2382
0.077
0.0418
0.0232
0.0758
0.0962
0.2234
0.0336
0.0384
0.2144
0.5366
0.035
0.0222
0.152
0.0312
0.066
0.1106
0.0448
0.0362
0.119
0.0202
0.1028
0.0296
0.0822
0.0286
0.867
0.1512
0.0394
0.9986
0.0868
0.1032
0.9534
0.1572
0.0916
0.0236
0.0462
0.0398
0.052
0.0394
0.0676
0.2918
0.0714
0.318
0.034
0.0228
0.0202
0.0768
0.0554
0.0364
0.267
0.0232
0.0416
0.6558
0.1648
0.182
0.0326
1
1
0.0388
0.0332
0.076
0.1072
0.0334
0.024
0.056
0.0348
0.0238
0.0612
0.1298
0.2634
0.029
0.1982
0.0334
0.118
0.0234
0.0214
0.1358
0.1688
0.9966
0.0464
0.1864
0.1382
0.0382
0.0218
0.0614
0.064
0.0246
0.0846
0.9842
1
0.0704
0.091
0.171
0.9996
0.03
0.0366
0.4144
0.0678
0.9614
0.1508
0.0484
0.032
1
0.1508
0.0358
0.021
0.1782
0.9978
0.0372
0.1006
0.0356
0.995
0.0472
0.062
0.0262
0.0314
0.0222
0.0288
0.0444
0.027
0.0642
0.0844
0.0344
0.0222
0.0534
0.0238
0.0228
0.5794
0.0652
0.034
0.069
0.0206
0.075
0.0274
0.0312
0.8152
0.108
0.0294
0.534
0.0248
0.0298
0.0356
0.0292
0.0244
0.0264
0.065
0.068
0.0446
0.2694
0.0474
0.0678
0.0322
0.0242
0.2536
0.0986
0.0208
0.0878
1
0.869
0.0212
0.248
0.0202
0.068
0.1762
0.0928
0.9906
0.1666
0.0216
0.033
0.059
0.731
0.026
0.0356
0.1248
0.9556
0.08
0.0398
0.041
0.864
0.057
0.9838
0.592
0.9988
0.367
0.0568
1
0.8408
0.029
0.0642
1
0.2012
0.0798
0.0218
0.8894
0.033
0.9996
0.0612
0.0426
0.0234
0.622
0.0322
0.0224
0.0408
0.9718
0.5112
0.9916
0.8398
0.2504
0.0378
0.4796
0.4206
0.0284
0.0722
0.1862
0.8022
0.0368
0.8634
0.9616
0.9166
0.1424
0.186
0.057
0.0878
0.3102
0.1894
0.0254
0.117
0.6794
0.1426
0.0486
0.0242
0.0424
0.7448
0.0442
0.1142
0.0938
0.1516
0.054
0.1102
0.0388
0.0514
0.0372
0.017
0.1364
0.0228
0.1266
0.1278
0.028
0.0262
0.089
0.0226
0.0576
0.217
0.0238
0.0386
0.079
0.7176
0.0618
0.0452
0.0434
0.0324
0.0564
0.0196
0.4728
0.1862
0.0486
0.0162
0.0206
0.0658
0.0264
0.049
0.1402
0.0286
0.3446
0.0188
0.046
0.033
0.0354
0.0712
0.1448
0.0256
0.0446
0.0212
0.1438
0.0574
0.0304
0.1174
0.095
0.0188
0.3602
0.2856
0.023
0.0226
0.033
0.3586
0.031
0.0268
0.0514
0.959
0.0248
0.885
0.035
0.317
0.0264
0.0668
0.0192
0.0894
0.1004
0.025
0.2288
0.0628
0.3934
0.0666
0.0234
0.0984
0.0226
0.0452
0.1618
0.4508
0.0388
0.553
0.4218
0.0786
0.3868
0.3116
0.3688
0.0538
0.6976
0.052
0.584
0.9616
0.048
1
