0.937
0.967
0.9246
0.842
0.9332
0.9632
0.966
0.9692
0.8864
0.865
0.9596
0.8532
0.941
0.9138
0.9632
0.0042
0.9608
0.9618
0.6848
0.9418
0.9666
0.628
0.7288
0.7248
0.9088
0.886
0.9458
0.9504
0.0528
0.9668
0
0.6132
0.9642
0.3666
0.9562
0.9666
0.9368
0.9448
0.9348
0.9552
0.9672
0.9338
0.96
0.9672
0.9634
0.9584
0.9672
0.8922
0.9662
0.5188
0.3608
0.8976
0.5182
0.6782
0.957
0.3728
0.6896
0.873
0.4108
0.3446
0.9542
0.8238
0.198
0.3418
0.9332
0.9724
0.9574
0.8978
0.0236
0.972
0.831
0.1926
0.924
0.6736
0.5276
0.9448
0
0
0.0588
0.0584
2e-04
0.3872
0.6342
0
0
0.822
0.0074
0.8374
0.9456
0
0.074
0.6368
0.1222
0.7262
0.0522
0.927
0.7156
0.211
0.8944
0.0736
0.0116
0.0128
0.052
0.2548
0.1652
8e-04
0.0806
0.7338
0.8446
0
0.9522
0.899
0.0328
0.9714
0.9648
0.01
0.0342
0.6674
0.9288
0.9094
0.8624
0.8912
0.9498
0.7594
0.002
0.9366
0.972
0.8802
0.14
0.9504
0.9656
0.9606
0.9636
0.9324
0.9534
0.9576
0.8498
0.928
0.935
0.9102
0.9496
0.8718
0.966
0.9656
0.049
0.9178
0.9574
0.9568
0.9326
0.843
0.9544
0.8684
0.959
0.9382
0.938
0.9598
0.962
0.9652
0.8434
0.9672
0.9646
0.9336
0
0.9232
0
0.9634
0.9294
0.8308
0.849
0.959
0.9222
0.8622
0.9564
0.9404
0.4752
0.938
0.9618
0.9654
0.0362
0.9568
4e-04
0.6074
0.9612
0.4584
0.9664
0.9624
0.9668
0.9698
0.9698
0.9678
0.936
0.9554
0.9612
0.9664
0.9634
0.9672
0.9486
0.9528
0.9542
0.962
0.1476
0.9162
0.9702
0.917
0.8612
0.9634
0.9354
0.9674
0.2646
0.9638
0.949
0.8908
0.9108
0.9682
0.9422
0.9578
0.635
0.957
0.9298
0.9274
0.9664
0.9526
0.9658
0.9634
0.7982
0.9638
0.9692
0.7694
0.853
0.9604
0.9612
0.9018
0.8444
0.8218
0.9544
0.906
0.0052
0.9646
0.972
0.9644
0.9674
0.957
0.0048
0.9364
0.9254
0.9648
0.92
0.9624
0.8594
0.9408
0.9198
0.9412
0.9286
0.9722
0.9648
0.5336
0.9528
0.9658
0.8948
0.9588
0.9694
0.9698
0.9658
0.9712
0.9568
0.951
0.9392
0.9598
0.9442
0.9594
0.969
0.8648
0.96
0.9508
0.951
0.9666
0.9448
0.9712
0.9566
0.9626
0.963
0.8964
0.6872
0.9388
0.95
0.968
0.958
0.928
0.949
0.9648
0.96
0.959
0.9396
0.961
0.2716
0.965
0.9376
0.953
0.9348
0.9024
0.9512
0.8826
0.948
0.9638
0.9666
0.9622
0.9696
0.9508
0.8486
0.9672
0.9652
0.9526
0.9622
0.9682
0.9446
0.966
0.9688
0.9646
0.963
0.9342
0.969
0.9296
0.9578
0.9158
0.967
0.9666
0.9572
0.9658
0.5276
0.9664
0.9612
0.94
0.9696
0.9208
0.9676
0.9466
0.9638
0.8906
0.9492
0.6738
0.88
0.947
0.9636
0.9596
0.9508
0.9666
0.9686
0.9638
0.9598
0.9438
0.9578
0.9692
0.947
0.9666
0.9746
0.9606
0.9504
0.9702
0.947
0.964
0.942
0.9658
0.9514
0.9586
0.9674
0.969
0.9592
0.9458
0.9406
0.9668
0.9484
0.956
0.9694
0.9618
0.9596
0.9684
0.0814
0.9658
0.9648
0.967
0.9092
0.9648
0.9582
0.924
0.949
0.036
0.9522
0.9568
0.9674
0.9598
0.9626
0.9574
0.8864
0.9674
0.9622
0.9672
0.9688
0.9436
0.9654
0.9342
0.9404
0.9564
0.895
0.9602
0.954
0.9422
0.9448
0.9464
0.9108
0.9486
0.9598
0.9672
0.9632
0.9564
0.8294
0.9334
0.9464
2e-04
0.9642
0.9606
0.8928
0.9074
0.9742
0.9688
0.9672
0.9642
0.8954
0.964
0.9518
0.9558
0.9696
0.9076
0.6546
0.9698
0.9462
0.9596
0.964
0.9676
0.9492
0.9636
0.907
0.966
0.9666
0.8566
0.9496
0.9512
0.9644
0.9724
0.8702
0.9372
0.9514
0.9598
0.9122
0.9578
0.954
0.9572
0.9408
0.9464
0.9662
0.9706
0.9588
0.9672
0.959
0.9558
0.9614
0.9498
0.966
0.9686
0.9686
0.9574
0.9624
0.957
0.922
0.9328
0.952
0.9334
0.9578
0.9214
0.9582
0.9546
0.92
0.9542
0.8256
0.9622
0.9404
0.9506
0.9328
0.965
0.9572
0.9592
0.8998
0.3882
0.9238
0.965
0.968
0.9546
0.9684
0.964
0.9582
0.454
0.9724
0.9612
0.9584
0.9384
0.9662
0.9474
0.9718
0.9524
0.9678
0.949
0.9434
0.9624
0.9598
0.9598
0.9418
0.961
0.9624
0.9404
0.9588
0.9538
0.9658
0.9336
0.9648
0.9368
0.9448
0.9156
0.9716
0.9512
0.9226
0.9584
0.9502
0.8874
0.9568
0.954
0.9532
0.948
0.9658
0.9054
0.9658
0.9628
0.953
0.967
0.9608
0.8706
0.9602
0.9486
0.85
0.9686
0.9566
0.9548
0.9592
0.879
0.9694
0.8024
0.9434
0.8204
0.9654
0.9588
0.968
0.8412
0.9612
0.9562
0.8798
0.9486
0.9516
0.9628
0.9144
0.9658
0.9678
0.9338
0.948
0.9648
0.9324
0.9564
0.9642
0.9608
0.9674
0.9436
0.9622
0.9354
0.9558
0.9662
0.9666
0.9446
0.9654
0.9576
0.9416
0.9596
0.9522
0.9606
0.9672
0.9078
0.957
0.968
0.931
0.957
0.9592
0.876
0.9686
0.9394
0.928
0.765
0.9546
0.9208
0.96
0.9486
0.969
0.9452
0.9678
0.969
0.957
0.9694
0.9718
0.9342
0.9696
0.9434
0.791
0.6422
0.9424
0.9218
0.9442
0.9578
0.9324
0.9492
0.9656
0.97
0.9694
0.9252
0.8552
0.9426
0.9232
0.9622
0.1218
0.9592
0.959
0.875
0.9558
0.9536
0.9492
0.9542
0.9254
0.9694
0.8144
0.9666
0.952
0.3648
0.958
0.914
0.9682
0.967
0.9698
0.9374
0.944
0.9578
0.9436
0.9702
0.959
0.97
0.0042
0.9634
0.8564
0.9554
0.9494
0.9718
0.9298
0.9094
0.7414
0.0038
0.901
0.9616
0.9482
0.9676
0.8862
0.972
0
0.498
0.8032
0.9572
0.9522
0.9634
0.3458
0.9582
0.9672
0
0.9342
0.9646
0.9682
0.8982
0.9598
0.9354
0.8476
0.968
0
0.029
0.883
0.9446
0.95
0.3202
0.9644
0.0678
0.058
0.9572
0.8058
0.9472
0.9326
0.864
0.9578
0.9434
6e-04
0.913
0.9644
0.7798
0.968
0.8722
0.9708
0.9454
0.9616
0.8114
0.9456
0.6628
0.8068
0.9694
0.1088
0.899
0.9146
0.0022
0.7584
0.627
0.9374
0.9654
0.8936
0.9632
0.1452
0.971
0
0.9672
2e-04
0.9648
0.9396
0.9388
0.9516
0.8774
0.8046
0.9596
0.9264
0.9372
0.9014
0.965
0.9478
0.9358
0.6418
0.8938
0.2246
0.9668
0.9486
0.5484
0.6694
0.9188
0.962
0.944
0.8082
0.9534
0.9674
0.972
0.951
0.9652
0.9716
0.961
0.8926
0.9612
0.7318
0.959
0.9598
0.0586
0.869
0.9724
0.8874
0.9442
0.9474
0.9348
0.7618
0.9328
0.8822
0.9644
0.0926
0.9598
0.9318
0.6778
0.8972
0.9596
0.8452
0.8554
0.9548
0.8358
0.9526
0.9502
0.902
0.9626
0.9284
0.5576
0.9296
0.9684
0.9136
0.554
0.9042
0.9296
0.5258
0.8398
0.8942
0.9692
0.8462
0.9592
0.9154
0.9676
0.9584
0.9032
0.9032
0.6254
0.8622
0.9456
0.9464
0.9638
0.6226
0.9522
0.9654
0.9624
0.9288
0.9544
0.9572
0.7882
0.6094
0.9672
0.9636
0.9638
0.961
0.9588
0.7056
0.9262
0.9224
0.961
0.9516
0.922
0.97
0.8782
0.9668
0.825
0.7482
0.931
0.954
0.9452
0.781
0.8352
0.966
0.949
0.9094
0.6904
0.936
0.94
0.4658
0.9368
0.9682
0.9464
0.9658
0.9722
0.6476
0.5158
0.9492
0.9694
0.9632
0.9662
0.8906
0.3714
0.6956
0.9662
0.9662
0.8126
0.9558
0.02
0.903
0.9672
0.942
0.9666
0.9658
0.9408
0.937
0.781
0.765
0.9594
0.9328
0.5804
0.9244
0.8486
0.9554
0.771
0.9592
0.9684
0.9674
0.97
0.2402
0.9656
0.968
0.0708
0.9502
0.972
0.9518
0.972
0.878
0.9382
0.5104
0.944
0.835
0.6872
0.8036
0.9686
0.9588
0.8466
0.9042
0.9294
0.717
0.6488
0.967
0.9224
0.286
0.9712
0.5804
0.9142
0.3296
0.94
0.5182
0.9676
0.8646
0.5198
0.9718
0.97
0.9698
0.896
0.9554
0.9672
0.001
0.9574
0.9646
0.8756
0.1148
0.9402
0.5988
0.087
0.8358
0.9474
0.0386
0.8544
0.9558
0.9636
2e-04
0.9532
0.9668
0.9622
0.8136
0.887
0.56
0.6714
0.8386
0.9512
0.9638
0.962
0.2936
0.7508
0.9424
0.963
0.9664
0.9296
0.9106
0.9232
0.8606
0.9654
0.96
0.9146
0.9672
0.942
0.8732
0.9402
0.9506
0.0396
0.0356
0.9636
0.2696
0.9518
0.8848
0.1742
0.9618
0.576
0.617
0.9588
0.0086
0.5144
0.8854
0.959
0.9644
0.3226
0.8716
0.913
0.9626
0.903
0.756
0.961
0.9394
0.9656
0
0.1764
0.9556
0.9638
0.4996
0.9472
0.9556
0.9612
0.913
0.9524
0.9676
0.6518
0.9616
0.7634
0.9342
0.82
0.9386
0.9094
0.963
0.9374
0.227
0.8226
0.9514
0.9564
0.9546
0.527
0.9392
0.9156
0.806
0.9558
0.896
0.9634
0.5238
0.9416
0.7216
0.81
0.9436
0.9636
0.8884
0.9454
0.8564
0.8626
0.9668
0.8852
0.9634
0.855
0.944
0.87
0.7992
0.9626
0.0512
0.6258
0.9512
0.0398
0.8856
0.912
0.863
0.9386
0.9626
0.943
0.9288
0.9162
0.8748
0.5712
0.92
0.8846
0.9588
0.7582
0.8742
0.928
0.639
0.8664
0.8504
0.932
0.8932
0.8248
0.8364
0.9678
0.418
0
0.4612
0.9176
0.8158
0.901
0.9678
0.7936
0.9212
0.9584
0.5858
0.91
0.7468
0.7352
0.96
0.7594
0.8946
0.6226
0.9548
0.9546
0.8244
0.9672
0.0012
0.9514
0.0882
0.837
0.943
0.9648
0.9696
0.9242
0.9684
0.9662
0.01
0
0.9142
0.7212
0.9462
0
0.959
0.9628
0.409
0.9568
0.0562
0.8132
0.8802
0.9538
0.7858
0.955
0.9564
0.9554
0.9626
0.0038
0.942
0.949
0.9572
8e-04
0.9324
0.9132
0.9676
0.8344
0.9572
0.9452
0.9554
0.8764
0.9324
0.8676
0.954
0.969
0.9382
0.5628
0.9676
0.8592
0.932
0.9546
0.9436
0.6948
0.9672
0.961
0.9614
0.9376
0.9314
0.6786
0.9642
0.9528
0.9098
0.9624
0.6902
0.9614
0.9504
0.9228
0.8812
0.9618
0.6716
0.9392
0.9272
0.704
0.9474
0.6868
0.8892
0.9418
0.9596
0.0144
0.2216
0.812
0.807
0.9286
0.9238
0.82
0.8896
0.0268
0.75
0.972
0.6512
0.3022
0.1976
0.9648
0.9636
0.737
0.217
0.917
0.9524
0.7566
0.0864
0.9594
0.035
0.951
0.003
0.7826
0.9646
0
0.4692
0.961
0.921
2e-04
0.9566
0.9614
0.9132
0.0812
0.9608
0
0.7356
0.8294
0.973
0.1806
0.9712
0.9548
0.9708
0.0282
0.5744
0.0068
0.18
0.8064
0.9542
0.8058
0.533
0.9458
0.8004
0.8348
0.1722
0.9486
0.7474
0.6364
0.0882
0.847
0.9616
0.9698
0.9486
0.6918
0.8086
0.9604
0.862
0.2802
0.87
0.9676
0.8974
0.8732
0.2268
0.964
0.8952
0.8684
0.8202
0.9626
0.8984
0.9566
0.9538
0.9576
0.9636
0.8464
0.9576
0.8666
0.8838
0.8886
0.9554
0.8988
0.9676
0.9238
0.5876
0.9674
0.9228
0.9236
0.39
0.9398
0.832
0.943
0.925
0.9216
0.9582
0.9656
0.7752
0.8256
0.825
0.851
0.7784
0.9392
0.9068
0.8368
0.9284
0.6098
0.9484
0.9508
0.9602
0.9588
0.8948
0.9028
0.9618
0.9476
0.9678
0.8348
0.9352
0.9636
0.9568
0.8848
0.9688
0.79
0.7214
0.9638
0.9682
0.9598
0.9162
0.97
0.9498
0.9376
0.0304
0.9538
0.1278
0.8826
0.7796
0.9478
0.9472
0.9652
0.8954
0.9692
0.9672
0.8988
0.939
0.4762
0.9074
0.8992
0.9556
0.9532
0.938
0.9482
0.6594
0.9518
0.7638
0.8716
0.8942
0.7944
0.798
0.8292
0.9394
0.271
0.9408
0.366
0.0474
0.8928
0
