0
0
1
0.2412
1
0
0
0
0
0.0018
0.0026
0
0.0744
0
0
0
0.187
2e-04
0.05
0
0.9794
0
0
0
0.3558
0.851
0
0.8604
1
0.3552
0
0
1
0.952
0
0
0.0022
0.9908
0
0
0
0.0038
0
0.9788
1
0.4088
1
0.0218
6e-04
0
4e-04
1
0.0444
1
0
0.0072
8e-04
0.024
0.0024
0.0082
0.256
0
1
0
1
0
0.9874
0
1
1
0.0166
0
0.1554
0
1
1
0.0108
0
0.0012
0.06
0.0226
0.0032
0
0.987
0
0
0
0.9718
0.4602
1
8e-04
0
0
1
0
0.0024
1
0
0
1
0.001
0
0
0.3384
0
0.0458
1
0.0374
0
0.029
1
0.0746
1
0
1
0
1
0.9184
0
1
0.0012
1
1
0.2428
1
0.9996
0.1576
0.0982
0.9482
0.0046
1
0
0.0498
0.0404
0.0034
0
0.9994
0.0742
0.0118
2e-04
0
1
1
0.0432
4e-04
0
2e-04
0.2542
0
0
0.1228
0.9
0
0
0.0692
0.4652
1
0.0048
0.4416
0
0.095
0.9992
1
6e-04
0.9698
0.4312
0.016
0.9996
0
1
0.4608
0.0104
2e-04
1
0
0
0.8898
0.9672
0
1
0
0
6e-04
1
0.2888
0.3316
0
0
0
0
0.9442
0
0
0
0
0.0096
0
0
0
0
1
0
0.2158
0
0.0404
0
0.0034
0
4e-04
0.0018
1
4e-04
0.003
0.2192
6e-04
0.5816
0
0
0.665
0
0
0
1
0.0072
0.0098
0.2708
0.3244
0
0.9858
1
0.144
0
0.588
1
0.5484
0
0
0
0.2988
0
0
0.5604
1
0.8956
1
0
0
0.931
0
0.3452
0
0
0.9998
0
0
0.0016
0
0
0.7062
0
0.2114
1
0
0
1
2e-04
1
0
0
0
0.3914
1
0
0
0.9566
0.1806
0.0332
0
0
1
1
8e-04
0
1
0
1
0
0
0
0.3024
0
0
0.1052
0.0342
0
2e-04
1
0
0.002
0.1666
0
0.0418
1
0.0122
0
0.8564
0.992
0
1
0.0012
1
0
0.0196
2e-04
0.0816
1
0.1652
0.0238
0
1
0
0
1
0
1
0
0.1486
0
0.0048
1
0
0
2e-04
1
1
0
0.8306
0.288
0.7892
0
1
0.9996
0.4946
0.9642
0
0
0
0
0
0
0.4678
0
1
0.9998
0
0
0
8e-04
0
0
0.0058
0
0.1356
0
0.8918
1
1
1
1
0
0.153
0.921
2e-04
0
0.002
0
0.1104
0.5272
0
0.2998
0
0
0
0
0.9946
0
0
0
0.9986
0.6834
1
2e-04
0
1
0.462
0
0
0
1
0.1944
1
0
1
0
0.5948
0
0
0
0
0.846
0
0
0
0
0.046
2e-04
1
1
0
1
0.003
0.9982
8e-04
0.0018
0.1802
0
0.1008
0
1
1
0
0
1
0.954
0
0.9958
1
0.0028
0.0014
2e-04
1
1
1
0.149
0
0
0.9816
0
0
0
0
0.0298
0
0.0296
0
0
0.971
1
2e-04
1
1
0
0
0.5908
0
0.2822
0.426
0.292
0
2e-04
0
1
0.8578
1
0.3732
1
1
0
1
0.5144
0
0
0.9962
0.0164
0
0
2e-04
4e-04
0
1
0.3532
0.0498
0
0.0108
1
0.9226
0
0
0
0.9856
0.6626
0.7336
0
0.3068
0.0012
0.0218
0
1
1
0
0
1
0.3032
0
0.1046
0.1118
1
0.973
0.009
0.1514
0
0
0.0602
0
1
0.0336
1
0.0074
1
0.0134
2e-04
1
0
0
0
1
0.0252
0.0042
0.1326
0.1708
0
1
0.018
6e-04
0
1
1
0
1
0.5978
0
0.0656
0.3418
0
1
1
0
0
1
1
1
0
0.9998
1
0.999
0.0232
0
8e-04
0.031
1
0.7094
0.4018
1
1
1
0.0736
1
0
0
0
0
0
0.998
0
0
0
1
0.4188
0.0144
0
0
1
0
0.4306
0
0.0134
1
0.6358
2e-04
0.3772
0.812
0.9968
0.862
0.601
0
0
0.0494
0
0
0
0
0.8244
0.846
8e-04
4e-04
0
0
0
1
0.553
0.001
0
1
0
0
0.0014
1
0
0.01
0.0122
0
1
0.8858
1
0.1576
0
0.7066
0
0
4e-04
0.3634
0
0
0.0758
0
0.2992
0
0
0.001
0
0.919
1
0
0
0
0
0
0
0.9872
0.3818
0.3434
0.449
0
0
0.9336
1
0
0.0074
1
0
0
0
0.9808
0
0
0.101
1
0.9998
0
0.0042
0.9294
0
0
0
1
1
0.1622
0.0744
0
0
0
0.005
0
0
0
0
0.0098
1
0
0
0.975
0
0
0
0
0
0.5386
1
0.9986
2e-04
0
0
0
0
0.5406
0.2288
0.0452
0.9246
0
1
0
0.2568
0
0.0012
0.331
0
1
1
0.2308
0
0
0
0
0.6522
1
0
0.274
0
0
0
0
0
0.987
0
0
2e-04
0.9766
1
4e-04
0
1
0
0
1
0.999
1
0
1
0.9864
1
1
0
0
0.6676
0
0.0658
0
0
0.005
1
0
0
0
1
0.0776
0
0.22
0
0
0.0206
6e-04
0.002
0
1
0.0318
0
0
0.9998
0.9968
0
0.435
0
0
0
0.2124
0
1
1
0
1
1
1
0
0.4682
0.4186
0
0.0058
0.0618
0
1
1
0.0342
0
0
1
1
0
0.9998
0
0
0.8388
2e-04
0
0
1
0
0
0
0
0.689
0
0
0
0
0.9972
0.0212
0.1934
0.7248
1
0.0012
0.0018
4e-04
0.0148
0
0
0
0
0
0.9906
0.7524
0.0542
0
0.1394
0
0
1
0.123
2e-04
0
0.0808
0
0.1466
0.9594
0
0.6844
1
0.4182
0
0
0.9892
0.9136
0.9798
0
0.9974
0
0.0218
0.0174
0.803
0
0.9144
0
0
0.9144
0.0046
1
0
0.1524
0.0032
0
0.3502
0
0
0
0.0132
0
0
0
0
0
0
0
0.0116
0.9998
0
1
2e-04
1
0
1
0.0024
0
0.2174
0
0
0.1162
1
0
0.3516
0.0086
0.003
0.9682
0
1
0
0.9998
0
0.0096
0.9594
0
0
0.0426
1
0.9608
0
0.0692
0.9914
0.599
0
0.9794
0.406
1
1
1
0
0
0.0088
