0.5108
1
1
0.816
0.0356
0.0896
0.9994
1
0.3384
0.0684
0.9996
1
0.036
0.0386
1
0.9934
0.9902
1
0.9966
0.0238
0.0844
1
0.0336
0.26
0.999
0.0292
1
0.0802
0.0324
0.919
0.4996
0.9996
0.2214
0.955
0.793
0.044
0.7278
0.045
1
0.0812
0.0582
0.033
0.9994
0.0542
1
0.992
0.9994
0.0906
0.2418
0.9988
0.1
1
0.0234
0.2538
1
1
1
0.6964
0.0746
0.9994
1
1
0.0284
0.0358
0.0322
0.7462
0.6564
0.0292
1
0.9898
0.857
0.157
1
1
0.915
0.9974
0.0264
1
0.1264
0.906
0.7112
0.032
1
1
1
0.1368
1
0.0468
0.0274
1
0.1156
0.0288
0.0276
0.0458
1
0.0692
1
0.0354
0.132
0.0494
0.9992
0.9962
0.9988
0.998
0.9608
1
0.0512
1
1
0.9988
1
1
0.027
0.068
0.9998
1
1
0.2524
0.384
0.2126
0.0392
1
0.0404
0.847
0.2192
0.025
1
0.999
0.6894
0.1838
0.0352
0.3848
0.038
1
0.1374
0.0606
0.9958
0.062
0.9672
0.9608
0.9986
0.0346
0.0424
1
0.757
0.041
0.0822
0.0312
0.744
0.9342
0.9996
0.048
1
0.4754
1
0.9776
0.4848
0.0312
1
0.9996
0.0422
0.5376
0.047
1
1
0.0314
0.9996
0.9868
0.9974
0.1214
0.2984
0.0624
0.9866
1
0.8688
0.9952
0.9896
1
1
0.998
1
0.1118
0.2378
1
0.9424
1
1
1
0.5166
0.0332
0.033
0.0244
0.041
0.534
1
1
1
0.7828
0.125
0.0488
1
1
0.1458
0.3632
0.0294
1
0.0274
1
1
0.2892
0.9934
0.2578
1
0.7498
0.998
1
1
0.0324
0.1192
0.9572
0.9996
0.9994
1
0.0344
1
0.6042
1
0.0734
0.048
0.6312
0.0324
1
1
0.6806
0.9998
0.8438
1
1
0.9996
0.2082
1
0.1786
0.025
1
1
1
0.088
0.4686
0.549
0.0318
0.0272
0.0282
1
0.1108
1
1
0.1222
0.047
1
1
1
1
0.0896
1
0.9994
0.9988
0.2636
0.0318
1
1
0.1112
0.1142
1
0.306
0.252
0.9998
0.0228
1
0.454
0.2732
0.1158
1
0.0724
0.4948
0.1162
1
1
0.1124
1
0.1088
0.8816
0.998
0.0358
0.5636
0.0314
0.919
1
0.0422
0.9966
0.1368
1
0.9976
0.9986
0.958
0.9996
0.9764
0.049
0.9998
1
0.9954
0.1178
0.997
1
0.9978
1
0.6326
0.7276
1
0.0246
0.0264
0.9864
0.2104
0.9958
0.7088
0.0256
0.477
0.9536
0.582
0.9972
0.0304
1
0.3512
0.9986
0.6356
0.9998
0.0234
0.0426
1
0.978
0.932
0.8984
0.0298
0.9692
0.9938
1
0.0888
0.9996
0.1434
0.9974
0.043
0.3372
0.0304
0.0372
1
0.9998
0.1626
0.0848
1
1
1
0.1072
0.0806
1
0.0302
1
0.9962
1
0.0728
1
1
0.7844
0.0322
0.9004
0.9998
0.0302
0.9086
0.4052
0.9992
0.9908
1
0.444
0.9966
0.034
0.1342
1
0.0336
0.9994
0.2122
0.0478
0.031
0.0258
0.9998
0.1224
0.2872
0.1034
1
0.9998
0.2704
0.0404
0.6384
0.147
0.9914
1
0.9998
0.9926
1
0.0244
0.176
1
0.0366
0.9966
1
0.548
0.0204
0.9428
1
1
1
0.9754
0.5946
0.1212
0.025
0.0366
0.0256
1
1
1
0.0562
0.1374
1
0.0258
1
0.9966
0.0314
1
1
1
0.1356
1
0.258
1
1
0.959
1
0.9998
0.997
1
0.9884
1
0.9812
1
0.0444
0.05
0.9274
1
0.365
0.0384
0.9154
0.0692
0.0258
0.9986
0.1
1
1
1
0.0344
1
1
1
0.0322
0.06
0.0744
1
1
0.0398
0.8232
0.034
1
0.0258
1
1
0.0666
1
1
0.9544
0.9384
1
1
1
0.9968
0.9966
0.078
1
1
1
0.9998
1
0.0962
1
1
1
1
0.112
0.9548
0.0382
1
1
1
1
0.637
0.9882
0.9198
0.3136
0.8752
1
0.9992
0.066
1
0.978
0.046
0.9558
0.9542
1
0.3098
1
0.9978
0.31
0.9932
1
0.1542
1
0.0328
1
0.3072
0.807
0.0784
1
0.1964
0.097
0.1456
0.6334
0.2496
0.0296
1
0.9998
0.9994
0.2552
0.9808
0.9972
0.9994
0.3704
0.2276
0.0658
0.7022
1
0.0514
0.054
1
0.1706
0.2264
0.6962
0.5094
0.9986
0.9358
0.9938
0.1152
0.9984
1
0.1588
1
0.1706
0.086
1
0.0542
1
0.0286
0.805
1
1
0.0366
0.0284
0.9998
0.968
0.9964
0.0452
0.6776
1
1
1
0.9984
0.1782
1
1
0.9892
1
0.0784
1
1
0.0304
0.0334
0.522
1
1
0.3902
0.0574
0.054
0.9896
1
0.9794
0.9998
1
0.4486
1
1
1
0.1102
1
0.9896
0.9984
1
1
1
0.9926
0.8492
1
0.9992
0.1214
1
0.0592
0.9946
0.986
0.9936
1
0.7882
0.8636
0.996
0.0414
1
0.9998
0.2726
0.0276
1
0.074
0.9986
0.0262
0.0384
1
1
1
0.9948
1
0.9668
1
1
0.12
0.2324
0.0358
0.9998
1
0.7868
0.1214
0.0368
1
0.9834
1
0.1736
0.9412
0.8958
1
0.999
0.7774
1
0.0882
0.9838
0.0502
1
0.0346
1
1
0.0262
0.0412
0.9998
1
1
0.9608
1
0.9564
0.9862
0.2288
1
1
0.1906
0.4888
1
0.072
0.0366
0.036
1
0.0364
0.9996
0.9994
0.3202
0.0284
0.9142
0.222
0.9932
1
0.9978
0.0222
0.9998
1
1
1
1
0.9994
1
0.0384
0.9998
0.0446
0.0332
0.7814
0.022
0.992
1
0.029
0.9294
1
0.0388
0.0266
1
0.0406
0.26
0.9842
0.7384
0.033
0.9736
0.9528
0.634
0.9998
0.3728
0.0728
0.499
1
1
0.9518
0.9824
1
0.1178
0.9994
1
1
1
1
1
1
