0.0072
0.8782
2e-04
0.0068
1
1
6e-04
2e-04
0
4e-04
0.101
0.0146
0.0172
0.0062
0.0072
0.3296
0
1
2e-04
0.0114
0
0
6e-04
1
0
0
0.002
0
1
1
1
0
0.0012
1
0
1
0.004
0
2e-04
0.011
0
0.0166
0.0104
0
2e-04
0.0012
1
0
1
1
4e-04
2e-04
1
0
0
6e-04
0.0084
0.9058
1
0
0
0
4e-04
0
2e-04
0.0022
0
1
0
0
0.0256
0
0
1
0.0152
0.0052
0
0
0
2e-04
0
0.5346
0.0022
0
0
0
0.003
1
0.0036
0.0052
0.0016
0.9254
0.0082
0
0
4e-04
1
0.0086
0
0.0256
2e-04
0.9384
2e-04
0
0
0.9886
6e-04
0.004
0
1
1
1
0
1
0
0.008
0.0026
0.0054
0
1
1
4e-04
0
0
0.0544
0.004
2e-04
0
0
0
1
0.9992
0
0
0.0224
0.0484
1
1
0
0.1408
0
0
0
1
0
0.005
0
1
0.0158
1
0
1
0.0174
0.0956
0.0066
0.008
0
0.071
0
0.0018
1
1
0
0.7906
0.0126
0
0.0028
1
0.026
0
0
0.0638
0
0.0032
0.0992
1
0.9788
0
1
0
2e-04
0
0
0.003
1
0
0
4e-04
0
8e-04
0.0068
0.0016
0
1
0.0024
0
0.0016
0
8e-04
0
0
1
0
0.0048
0.0396
0
0
1
0.0474
6e-04
2e-04
0
0.0048
0.0088
0
0.005
2e-04
0.0088
0.0016
0
0.026
0.0118
1
0
8e-04
0
0.003
1
1
0
0
0
0.0186
0.0746
0.0094
0.0072
0.0032
0.013
0.0792
1
0.004
0.0036
0.0036
0.017
0.0014
8e-04
0
0.0072
0.001
0.0098
0
4e-04
0.0034
2e-04
0.0446
0
0.0192
0.0076
0.9224
1
0.037
2e-04
0.0054
0.0106
6e-04
2e-04
8e-04
0.0014
0.0088
0
0
0
0.0086
0.3126
0
0.03
0
2e-04
0.02
0.0088
0
0.0014
0.017
0.035
0
0.0028
0.0478
0.9992
1
2e-04
2e-04
0
0
2e-04
0
0
0
0
1
0.0266
8e-04
0.0136
4e-04
0
1
0
0
0.009
0
1
2e-04
0.0446
2e-04
6e-04
4e-04
0.002
0.0042
0
0
0
0
0.7408
0.0122
0.0094
0
4e-04
0.0016
0.004
0
1
4e-04
0
0.001
2e-04
0.0042
2e-04
0
8e-04
1
0.0018
0.0048
0
0
0
0
0
0
0.0172
0
0.002
0.0286
2e-04
0.0068
0.0176
0.0022
0
0.0066
0
1
1
0
0
0.0044
0
0
0.4066
0
0.7898
1
4e-04
0
0
6e-04
0.0062
0.0044
0
0.4158
1
0
0.029
0.0282
6e-04
4e-04
0.0024
0
1
0
0
0.003
8e-04
0.016
0
0
0
0.001
2e-04
0.016
0
2e-04
0
0.0026
1
0
0.0468
4e-04
0.027
0
0
0
0
0.0054
1
0
0
0.003
0
0.0792
0.0308
0
0
0
0.0118
1
2e-04
2e-04
0
0
0
8e-04
0.0152
6e-04
0
1
0
0
0.0304
0
0
0.0158
0.0046
0
0
0.0068
1
0
0
0.0052
8e-04
0
0
0
0.8982
0
8e-04
0
0.0034
0
0.0092
0.0068
0
0
0
0.0042
0.002
0
0.0014
0
0
1
0.9988
4e-04
0.0014
0.0016
0
0
0.0086
0
2e-04
0
0.0058
0
0.0698
8e-04
2e-04
0
4e-04
1
1
8e-04
1
0.0276
0
0
0
0
0.0066
2e-04
0.0038
6e-04
1
0
0.0012
2e-04
0
0.7498
0.0536
0
1
8e-04
0
0
0.003
1
0
0
6e-04
1
0
0
0
8e-04
0
0
0
1
0
0
0.0134
0
0
0
0
0
0
1
2e-04
1
0
0.0012
0
0
1
1
0.014
0
0
0.0206
0.0026
8e-04
0.0012
0
4e-04
0.0024
0.0382
0.0014
0
0
0
1
0.0014
1
0.0082
0.0018
0.0272
0.993
0.089
0.0032
0
0.0012
1
0.1832
0
0
0.0018
0
0
0.018
0
0
0.0046
0
0.009
0
0
0
0
0.0042
0.0274
6e-04
0
0.0012
0.0364
0
0.0524
0
6e-04
0
4e-04
0
0
0
8e-04
0
0
0
0
0
0
2e-04
0
0
0
0.002
8e-04
0.0042
0
0
0
0
0
0
0
0
0.0058
2e-04
0.0016
0
0
