0.027
0.064
0.001
4e-04
0.2096
0.0428
2e-04
4e-04
0.0426
0
8e-04
0.1462
0
0
0.001
1
0.0156
2e-04
2e-04
2e-04
2e-04
0.002
0.2562
0.005
0
2e-04
4e-04
0.02
0
0.0714
0.0384
0.0478
0.117
0
0.0162
0
2e-04
0
0
0.0018
2e-04
0
0.5404
0
0
0.0146
0
0.0044
0.0026
6e-04
2e-04
2e-04
0.021
0
1
0.0104
0
8e-04
0
0.0384
6e-04
1
0
0.0012
0.1116
0.076
0.0032
0
0.0014
2e-04
0.0186
0.0026
2e-04
0.0136
0.03
1
0.001
8e-04
0
2e-04
0
0.0126
0
6e-04
0.0028
0.0038
1
0
0.0224
8e-04
4e-04
0.0852
0
2e-04
0
0.0024
0
0.001
0.0594
0.014
0
0.0564
4e-04
1
2e-04
6e-04
0
0.001
6e-04
4e-04
1
0.0492
6e-04
0
0
0
0.0126
0
0.0018
0.0054
6e-04
2e-04
0.0024
0.998
0
0
0
2e-04
2e-04
0
0
4e-04
0
0.0016
0.1706
0.2924
0
0.001
0.0054
0.8146
0.0012
0.0036
1
0.0038
0
0
2e-04
4e-04
0.1994
0
0
0
2e-04
1
0
8e-04
0
0.0208
6e-04
0
0
1
4e-04
0.003
0
1
0
2e-04
0
2e-04
0.0364
0
0.9904
1
0.032
0
4e-04
0
2e-04
0
0.0046
0
0.0024
2e-04
0
4e-04
0.0184
0
1
2e-04
0
0.061
0
6e-04
1
0.019
0
0
0
2e-04
0
0.0922
0
0.0376
0.041
6e-04
0.0492
0
0.969
0
0.0012
0
1
0
0.0014
0
0.7942
0
0
0.002
0
0
0
0.0024
0.0022
0.001
0.0024
0.005
0.0118
0
0
0.165
0.9806
0.0054
4e-04
0
0
0.0092
1
0
0.0054
0
1
0.0404
0
1
0.733
0
2e-04
0.001
0.0018
1
0.0266
0.2768
0
0
0.0214
0.0514
2e-04
0
6e-04
0
0
0
0
0
2e-04
0.0032
6e-04
0.0034
0
4e-04
0.0018
1
4e-04
0
0.001
0.0348
0
0.0036
0
0
1
0
1
2e-04
0.0012
6e-04
0
0.0068
0
0.6094
8e-04
0.0022
0
2e-04
2e-04
0.0046
0
0.302
0.0016
0.0058
0.0664
0
0.5096
0.002
0
0
0.0012
0
0
0
6e-04
0.0564
0.0744
0.655
0.9666
0
1
2e-04
0
6e-04
0.0054
0.032
0
0.0034
0
0.1874
0.011
0
0.1302
0.5644
0.0032
2e-04
2e-04
4e-04
0.001
0.0326
0
0
1
0
1
0
0
2e-04
0
0.061
0
0
0
0.0078
0.02
0
0.1014
0
0.6894
0
0.3006
0.0632
2e-04
0
0
0.0048
1
0
0
0
0.001
0
0
0.0188
1
1
0
0.006
0
0
0
2e-04
0.0234
0
0
0
4e-04
0.95
6e-04
2e-04
2e-04
6e-04
0.002
0.011
0
0
0.025
0
0.981
4e-04
0.0038
0
8e-04
0.4826
0.1112
0
0.1702
2e-04
6e-04
0
0.0012
0
2e-04
0
0
0
0.4142
0
1
2e-04
0.1046
0
1
0.0012
0
2e-04
0.0018
0
0.0014
0
0.0042
0.0014
8e-04
2e-04
4e-04
0.674
0
4e-04
0.0932
0.0122
0
0.0054
0
0
0.0024
0
0
8e-04
2e-04
0.001
0.0222
0.0012
0
6e-04
0
0.001
0
0
0.0088
2e-04
0
0
2e-04
0
0
0.0622
0
0.966
0
0.0022
0
0.6032
0
2e-04
2e-04
6e-04
0.2102
0
0.0046
0
0
1
0
8e-04
0.0074
0
0.0024
0
0.0026
0
0
1
0
0.0578
0.0056
2e-04
2e-04
0.0358
0
2e-04
0.121
0
1
4e-04
0.001
0.0236
0
0
0
0
0
0.0028
0
0
0.0012
0
1
0
0
1
2e-04
0
6e-04
0.027
0
0
0.0096
8e-04
0.0352
0.0086
0
0
0
0
0
0
1
1
4e-04
0
0.0286
2e-04
0
2e-04
2e-04
0
2e-04
0.0714
4e-04
0
0
1
0
0.0016
1
0
4e-04
2e-04
0
2e-04
1
0.4856
0
0
6e-04
0
1
0.1522
0.4412
0.0296
1
0
0
0
0.6436
2e-04
0
0
2e-04
0
0
2e-04
1
0.001
2e-04
0
0
6e-04
0
2e-04
0
1
0.0172
0
0
0.4434
0
0
0
8e-04
1
0.0034
0
0
0
0
1
0.0504
2e-04
2e-04
4e-04
0
1
0.6166
0
4e-04
0
0
0.0022
0
0
4e-04
0
0
0
8e-04
0
2e-04
0
0
0
0
0.001
0.001
0.0038
0.2116
0
0
4e-04
0
0
0.0124
2e-04
2e-04
0
0
6e-04
0
0.0036
0.876
0.0012
2e-04
6e-04
0
0
0.0012
0
0
0
1
0.0046
4e-04
0.0084
0
8e-04
1
0.003
0.0136
1
2e-04
0
2e-04
1
4e-04
2e-04
0.9998
0.0014
4e-04
0.414
1
0
0
0
0
0.0066
0
0
0.2022
0.0044
0
0
0.0364
2e-04
0
0.025
0
0
0
0
0.5024
0.0404
2e-04
0
0.0056
0
0
2e-04
0.2016
1
0.0362
0.0114
2e-04
2e-04
0.0568
0.001
2e-04
0.0012
0.1268
0
2e-04
0
0
0.0126
0
0.2282
0
0.0038
1
0
0
0.062
4e-04
0.0186
0.0226
0
6e-04
0
0.397
0.0358
0
0.0052
0.004
2e-04
0
4e-04
0
0.0148
0
0
0
0
0
0
0
2e-04
0
0
2e-04
0
0
2e-04
0
1
0.001
0
2e-04
0.0014
0.0014
0
0.0046
0.0066
0
4e-04
2e-04
0
0
0
0
0
0
0
0.003
0
0.0014
0
4e-04
0
0
0
0
0
0
0
0
0.0014
0.9998
0
1
0
0
0
0
8e-04
0
0
0
0
1
1
0
0
0
0
2e-04
0
0
2e-04
1
0
0
0
0
0.0712
0
0
0
1
0
0
2e-04
0
0
0
0
0
2e-04
2e-04
0.7976
0
2e-04
0
0
0.006
1
4e-04
0
2e-04
1
0
0
0
8e-04
0
0
0
0
2e-04
0
0
0
0
0
0
0
0
0
0
1
0
0.0248
0
0
2e-04
0
0
0
0
6e-04
0
6e-04
0
