0.5826
0
0
0.126
0.9772
0.9592
0.0602
0
0.6704
0.9672
0
2e-04
0.9712
0.9816
8e-04
0.0104
0.0792
0
0.005
0.9766
0.945
0
0.9784
0.8164
0.015
0.9836
0
0.8784
0.9776
0.1498
0.4796
0.0044
0.7832
0.0104
0.158
0.9796
0.011
0.9486
0
0.8286
0.9434
0.984
2e-04
0.981
0
0.0138
0
0.939
0.6838
0.0012
0.9178
0
0.9812
0.929
8e-04
0
0
0.3168
0.9608
6e-04
0
0
0.9614
0.9792
0.9728
0.4698
0.2774
0.9744
0
0.055
0.1406
0.7922
0
0
0.0198
0.01
0.9834
0
0.8682
0.1066
0.0396
0.9784
0
0
0
0.8092
0
0.8286
0.9856
0
0.9708
0.98
0.9754
0.9612
0
0.954
0
0.9668
0.9192
0.9706
0
0.004
0.0056
0.0634
0.1454
0
0.9732
0
0
2e-04
0
0
0.9874
0.9316
0.0026
0
0
0.721
0.6522
0.7342
0.9826
0
0.9826
0.095
0.7252
0.9822
0
0.0134
0.0842
0.9322
0.9688
0.536
0.9812
0
0.8864
0.9554
6e-04
0.9478
0.012
0.0024
0.1136
0.9536
0.9636
0
0.2036
0.9834
0.8306
0.9614
0.0072
0.0478
0.0186
0.9766
0
0.0834
0
0.0114
0.7642
0.9766
0
0.0036
0.9578
0.521
0.9606
0
0
0.9868
0
0.1188
0.002
0.9262
0.6438
0.971
0.0106
0
0.2932
0.0024
0.1486
0
0
0.0156
0
0.9126
0.8844
2e-04
0.3248
0.001
0
0
0.0336
0.9792
0.967
0.9806
0.938
0.5916
0
0
0
0.2958
0.852
0.9484
0
0
0.9024
0.555
0.9772
2e-04
0.982
0
0
0.5546
0.1846
0.8588
2e-04
0.6744
2e-04
0
0
0.9654
0.9272
0.2048
0
0.0018
0
0.9786
0
0.3686
0
0.9176
0.9668
0.3084
0.9656
0
0
0.0678
0.0092
0.1226
0
0
4e-04
0.8768
0
0.8996
0.9824
0
6e-04
0
0.8998
0.5556
0.7976
0.9834
0.9734
0.9798
0
0.8114
0
0
0.5658
0.9852
0
0
0
0
0.8836
0
0.0054
0.0016
0.434
0.9764
0
0
0.9268
0.8318
0
0.4816
0.454
0.0012
0.9852
0
0.1782
0.912
0.908
0
0.95
0.7972
0.9354
0
0.001
0.9408
0
0.9246
0.0052
2e-04
0.965
0.2404
0.9832
0.0364
0
0.9734
0.0672
0.8478
0
0.005
0.0062
0.0282
0.0298
0.0214
0.979
0.001
0
0.037
0.9286
0.0012
0
0.0024
0
0.0326
0.3978
0
0.7758
0.9726
0.197
0.8512
0.0016
0.2038
0.9792
0.5428
0.3796
0.8634
0.0784
0.9694
0
0.6232
8e-04
0.4426
2e-04
0.9764
0.96
0
0.3222
0.0418
0.0724
0.9808
0.2204
0.0012
2e-04
0.8688
8e-04
0.6908
0.0044
0.9696
0.514
0.9732
0.9788
2e-04
0.0042
0.8154
0.896
0
0
6e-04
0.9692
0.9112
0
0.9782
0
0.0166
0.0014
0.913
0
0
0.341
0.9462
0.0822
0.002
0.9518
0.0028
0.5066
0.0044
0.0098
0
0.8712
6e-04
0.9656
0.8672
0
0.9828
0
0.8478
0.9654
0.9772
0.9764
0
0.9428
0.645
0.9322
0
0
0.904
0.9114
0.3756
0.863
0.0384
0
4e-04
0.002
0
0.9702
0.8744
0
0.973
6e-04
0
0.8326
0.9764
0.1634
8e-04
0
0
0.017
0.4584
0.9314
0.9772
0.927
0.9812
0
0
0
0.9394
0.8148
0
0.9812
0
0.0776
0.9808
0
0
0
0.722
0
0.6976
0
0
0.0402
0.0024
0.001
0.072
0
0.0044
4e-04
0.0106
0
0.9736
0.9554
0.1288
0
0.5744
0.9736
0.0704
0.9362
0.9888
0.0116
0.9528
0
0
0
0.9624
0
0
0
0.9642
0.9722
0.9318
0
2e-04
0.9698
0.099
0.9772
0
0.95
2e-04
0
0.9644
0
0
0.1812
0.1324
0
0
0
0.0096
0.0054
0.651
0
0
0
0
0
0.7614
0
0
0
0
0.8996
0.2286
0.9442
0
0
0
0.003
0.529
0.0142
0.5734
0.8636
0.0188
0
0.0052
0.9114
0.001
0.0156
0.7718
0.0096
0.0094
0
0.6956
0
0.007
0.8358
2e-04
0
0.8784
0
0.9746
0
0.8158
0.0774
0.9212
0
0.847
0.9672
0.7312
0.64
0.7766
0.981
4e-04
4e-04
0
0.8956
0.0012
0.1116
0
0.5398
0.834
0.9454
0.7176
0
0.9718
0.9692
0
0.8386
0.8442
0.1306
0.4502
6e-04
0.1354
0.002
0.6752
0.002
0
0.8704
0
0.8304
0.962
0
0.9344
0
0.9772
0.4476
0
0
0.9718
0.9762
8e-04
0.04
4e-04
0.971
0.4832
0
2e-04
2e-04
0.022
0.7526
0
0
0.1436
0
0.706
0
0
0.9804
0.976
0.545
0
0
0.866
0.9466
0.933
0.2182
0
0.0094
0
0
0.789
0
2e-04
0
0.9406
0
0.0062
4e-04
0
0
0
0.0046
0.4282
0
2e-04
0.8864
0
0.9428
4e-04
0.0102
0.003
0
0.3792
0.0412
0.0018
0.9398
0
4e-04
0.4538
0.9886
0
0.964
8e-04
0.9834
0.9766
0
0
0
0.001
6e-04
0.0018
0
0
0.9202
0.959
0.9602
0.0016
2e-04
0.2326
0.9506
0.9728
0
0.0778
0
0.8192
0.0294
0.0478
0
2e-04
0.1264
0
0.9042
0.0798
0.953
0
0.9718
0
0
0.983
0.9852
0.0014
0
0
0.0378
0
0.0558
0.056
0.7426
0
0
0.9406
0.8084
0
0.9088
0.9574
0.9702
0
0.9744
0
0.0038
0.0416
0.9812
0.0504
0.8286
0.107
0
0.0802
0.9588
0.0024
0
0
0
0
2e-04
2e-04
0.9834
0.0014
0.9614
0.9548
0.0666
0.9858
0.1244
0
0.9782
0.0514
0
0.966
0.9888
0
0.5202
0.793
0.0042
0.397
0.9736
0.0172
0.0216
0.266
0.0086
0.8202
0.9062
0.5922
2e-04
0
0.0468
0.0076
4e-04
0.86
2e-04
0
0
0
0
0
0
