0.0602
0.1706
0.0064
0.0024
0.3742
0.0784
0.0062
0.0024
0.006
0.0012
0.012
0.1818
0.001
0.001
0.0064
1
0.0466
0
6e-04
0.0024
6e-04
0.005
0.286
0.0266
0.0044
0.0016
0.0064
0.0342
6e-04
0.132
0.0984
0.0624
0.5424
0.0018
0.1064
0.001
8e-04
0.001
6e-04
0.005
6e-04
2e-04
0.7354
2e-04
8e-04
0.0304
0.0012
0.013
0.006
0.0026
0.0052
2e-04
0.046
6e-04
1
0.0676
0.0018
0.0248
0
0.196
0.0026
1
6e-04
0.0022
0.2072
0.0802
2e-04
0.0018
0.0038
0.0014
0.0946
0.0184
0.003
0.0586
0.0596
1
0.0028
0.0036
4e-04
4e-04
2e-04
0.0332
2e-04
0.0026
0.005
0.0052
0.9972
4e-04
0.0614
0.004
0.0022
0.1682
0.001
0.0018
0.0024
0.008
6e-04
0.0052
0.2778
0.1686
0.0016
0.2198
0.0024
1
4e-04
0.002
0
0.0054
0.0032
0.0052
0.2542
0.0336
0.0038
0.0028
4e-04
2e-04
0.0322
8e-04
0.006
0.0248
0.0024
0.004
0.0084
0.005
6e-04
4e-04
0.0012
0.0018
0.0014
0
0.0112
0.0016
2e-04
0.0354
0.3362
0.4516
2e-04
0.0054
0.062
0.9438
0.0072
0.0116
1
0.0046
4e-04
0.0024
0.0012
0.0066
0.5976
4e-04
8e-04
0
0.0012
0.9996
0.004
0.0062
2e-04
0.325
0.0068
6e-04
6e-04
0.9102
0.031
0.0102
0.0084
0.5714
0.0012
0.008
0
0.012
0.1418
0.0022
0.618
1
0.0564
0
0.0014
0.0012
0.0132
2e-04
0.0104
0.0036
0.0044
4e-04
0.0018
0.0012
0.0642
0.0028
0.9784
2e-04
0.0012
0.2028
4e-04
0.0024
1
0.1756
4e-04
4e-04
0.0012
0.0024
0.0462
0.6774
8e-04
0.1866
0.0226
0.0062
0.1294
0.004
0.034
0
0.008
0.0012
1
0.0066
0.016
2e-04
0
0.001
2e-04
0.0204
0.0012
0
4e-04
0.0024
0.018
0.0018
0.096
0.0126
0.028
0
8e-04
0.1156
0.5348
0.0186
0
0
0.002
0.0338
1
2e-04
0.0194
0
1
0.0926
0.0016
1
0.8906
6e-04
0.0168
0.0102
0.1748
1
0.216
0.361
4e-04
0.0026
0.0324
0.4388
0.0158
0
0.0016
0.0016
0
2e-04
8e-04
2e-04
8e-04
0.0082
0.0054
0.0088
0.001
0.0028
0.0152
1
0.0078
0
0.007
0.0028
0.0012
0.0124
0.004
0.001
0.1586
2e-04
0.012
8e-04
0.0154
0.004
2e-04
0.0324
4e-04
0.15
0.0706
0.0096
0.0018
6e-04
4e-04
0.0202
2e-04
0.92
0.0052
0.0268
0.0962
0.0016
0.548
0.0012
4e-04
0.0014
0.0054
4e-04
8e-04
2e-04
0.162
0.3618
0.1136
0.8746
0.9962
0.0022
1
0.0022
2e-04
8e-04
0.0404
0.2208
8e-04
0.0446
0.0026
0.0448
0.094
0.001
0.961
0.6164
0.01
0.0012
2e-04
0.2086
0.0264
0.1342
0.0022
0.001
1
0.0022
1
4e-04
0.0128
0.002
0
0.5668
4e-04
4e-04
0.001
0.027
0.0316
0.0014
0.1848
6e-04
0.7596
4e-04
0.629
0.2022
0.001
4e-04
0
0.0204
1
4e-04
4e-04
6e-04
0.0084
0.001
8e-04
0.0672
1
1
0
0.0182
2e-04
0.0024
8e-04
4e-04
0.0252
0
0
6e-04
8e-04
0.9414
0.0118
0.0028
0.002
6e-04
0.0268
0.0432
0
4e-04
0.0806
0.0016
0.823
0.0046
0.018
0
0.0042
0.006
0.0736
0.001
0.1982
6e-04
0.015
2e-04
0.008
0.0024
8e-04
0.001
0.0024
0.004
0.2058
8e-04
1
0.0018
0.3322
0
0.9962
0.098
0.005
0.0012
0.0098
2e-04
4e-04
4e-04
0.0216
0.0058
0.0018
0.0028
0.0026
0.0256
0.0016
0.0084
0.5382
0.3556
2e-04
0.0064
6e-04
0.0012
0.077
0.001
0.007
0.005
0
0.0012
0.01
0.0886
0.0012
0.0026
2e-04
0.0016
0
2e-04
0.0248
0.0038
2e-04
2e-04
0
4e-04
4e-04
0.125
0.0016
0.0338
6e-04
0.0074
2e-04
0.0032
0.002
6e-04
0.0012
0.0062
0.6206
0.001
0.0108
4e-04
2e-04
1
0
0.0074
0.0258
2e-04
0.0052
0.002
0.0188
4e-04
6e-04
1
0.001
0.146
0.0434
4e-04
0.0028
0.2246
8e-04
0.0018
0.1192
0
1
0.0016
0.0018
0.0436
2e-04
4e-04
6e-04
2e-04
2e-04
0.0126
0.001
2e-04
0.0072
0.0014
1
4e-04
0.0046
1
4e-04
0
0.0032
0.1004
8e-04
2e-04
0.0176
0.0078
0.0592
0.0348
0
0
4e-04
0
8e-04
2e-04
1
1
0.0048
6e-04
0.0738
6e-04
0
0.0042
0.0048
0
0.0012
0.0986
0.0036
0
2e-04
1
4e-04
0
1
0
0
0.002
0.0016
8e-04
1
0.4726
0
4e-04
4e-04
2e-04
1
0.6836
0.0044
0.0602
1
0
2e-04
0
0.804
0.0116
2e-04
0.001
0.001
4e-04
4e-04
0.0086
1
0.0042
0.0018
0.001
0.0164
0.0038
8e-04
0.0034
0.001
1
0.0854
2e-04
0.001
0.7786
0.0028
0
0
0.0026
0.0032
0.0018
2e-04
0
2e-04
0.0014
0.9974
2e-04
4e-04
2e-04
6e-04
0
1
0.0096
0.0012
4e-04
4e-04
2e-04
0.0262
2e-04
0
0.0032
4e-04
2e-04
0.001
0.0144
2e-04
8e-04
0.001
2e-04
0
4e-04
0.0048
0.009
0.0142
0.017
2e-04
2e-04
4e-04
8e-04
0
0.0194
0.0014
0.0012
2e-04
0
0.0026
0
0.0196
0.0014
0.0034
0.0012
0.0042
0
4e-04
0.0032
0.001
0.001
0
1
0.0162
0.0012
0.0356
4e-04
0.005
1
0.0166
0.0472
0.0502
0.0028
0.0012
4e-04
1
0.0016
4e-04
0.0484
0.0062
0.0044
0.5596
0.9998
0.001
0
0.0018
2e-04
0.0014
0.0016
0.0024
0.3384
0.0188
0.0014
8e-04
0.0752
0.0072
4e-04
0.0734
4e-04
0.0016
2e-04
0.001
0.5276
0.0742
8e-04
2e-04
0.0174
0.0024
2e-04
8e-04
0.1846
0.086
0.0526
0.032
0.002
4e-04
0.1186
0.0036
6e-04
0.0048
0.5566
0.0012
6e-04
8e-04
2e-04
0.0374
8e-04
0.277
0.001
0.0316
1
0
4e-04
0.108
0.001
0.0424
0.0454
2e-04
0.0018
4e-04
0.0356
0.2804
6e-04
0.0204
6e-04
0.0018
2e-04
0.005
0.0012
0.0488
0
6e-04
0.0012
0.0012
0
4e-04
2e-04
0.0014
0
0
0.0046
2e-04
2e-04
0.0018
2e-04
1
0.0034
6e-04
0.002
0.0638
6e-04
6e-04
0.003
0.0068
4e-04
0.001
2e-04
2e-04
4e-04
4e-04
8e-04
2e-04
6e-04
0.001
0.0168
0
0.0048
2e-04
0.0016
6e-04
6e-04
2e-04
0
6e-04
0
0
0.0012
0.0068
0.9954
0
1
2e-04
0
2e-04
0.0014
0.0032
0
8e-04
0
4e-04
1
1
0.0014
0
0
2e-04
0.004
0
0
6e-04
0.0346
0
2e-04
0
0
0.0978
0
6e-04
2e-04
1
0
0
0
0
4e-04
4e-04
0
0
0.0012
4e-04
0.7608
4e-04
2e-04
0
2e-04
0.0064
1
2e-04
4e-04
0
1
4e-04
2e-04
0
0
0
4e-04
0
2e-04
2e-04
2e-04
2e-04
2e-04
2e-04
0
0
0
8e-04
0
4e-04
0.2976
0
0.013
8e-04
4e-04
8e-04
0
0
0
2e-04
0.0092
0
0.0018
8e-04
