0.4002
0.0032
0.0132
0.0186
0.0034
0.0344
1
0.2872
0.2174
0.0458
0.059
0.9998
0.3658
1
0.0074
0.0404
0.0014
0.002
0.0216
0.9984
0.0014
0.991
0.0048
0.01
0.0196
0.0012
0.0018
0.9994
0.01
0.029
0.0012
0.4448
0.9998
0.1014
0.0032
0.0034
0.0044
0.005
0.2572
0.011
0.0032
0.007
0.0054
0.0776
0.8732
0.0422
0.0052
0.0044
1
0.0054
0.0042
0.0054
0.0018
0.009
0.0322
0.0052
0.0062
0.0012
0.005
0.0026
0.0022
0.042
0.0098
0.0122
0.0032
0.0156
0.055
0.2704
0.999
0.0056
0.0048
0.0122
0.0036
1
0.0036
0.0046
0.0026
0.0012
0.0136
0.0042
0.0446
0.0042
0.8682
0.0032
0.0882
0.01
0.0398
0.005
0.0096
0.006
0.0608
0.9112
0.0032
0.0038
0.0414
0.0506
0.0158
0.0654
0.0122
0.0336
0.0224
0.4792
0.0038
1
0.8286
0.0076
0.0032
0.0058
0.0076
0.0042
0.8506
0.0764
0.0014
0.0456
0.0042
0.0014
0.0122
0.7516
0.0138
0.0466
0.2614
0.984
1
0.004
0.0052
0.01
0.0202
0.005
0.1116
0.0104
0.9988
0.6868
0.0064
0.0042
0.0068
0.0276
0.0038
0.0106
0.9896
0.0154
0.0204
0.0118
0.0088
0.9998
0.063
0.0096
0.01
0.0056
0.0056
0.1348
1
0.0326
0.0198
0.0056
0.9742
1
0.0646
0.0706
0.0016
0.0492
0.9332
0.008
0.0928
0.006
0.0112
0.0028
0.0076
0.9948
0.0702
0.9436
0.0422
0.0372
0.0694
0.0454
0.0492
0.9858
0.0542
0.9354
0.2336
0.0542
0.0686
0.0982
0.0064
0.0474
1
0.0016
0.0188
0.1816
0.1636
0.1324
0.0062
0.9986
0.0492
0.9998
0.044
1
0.0802
0.0102
0.0066
0.0698
0.012
0.9996
0.0192
0.018
0.0126
0.073
0.8126
0.085
0.0984
1
0.0088
0.1244
0.0242
0.0118
1
0.0078
0.9772
0.058
0.0668
0.0226
0.9954
0.2476
0.2038
0.1258
0.999
0.157
0.977
0.0964
0.0504
0.0836
0.9302
0.9588
