0.9774
0.971
0.866
0.9002
0.9826
0.9946
0.9862
0.9656
0.9726
0.6986
0.6074
0.9556
0.9802
0.9816
0.7626
0.9286
0.9892
0.9712
0.9694
0.996
0.8124
0.991
0.9358
0
0
0.8648
0.9176
0.012
0.9894
0.9912
0.9806
0.984
0.9816
0.967
0.977
0.8316
0.001
0.891
0.9946
0.9918
0.9822
0.9936
0.8566
0.2942
0.9288
0.9712
0.9832
0.7232
0.9532
0.823
0.9876
0.0014
0.9192
0
0.9624
0.992
0.9654
0.983
0.852
0.958
0.9832
0.7598
0.9298
0.8668
0.9398
0.9962
0.9912
0.87
0.99
0.543
0.9718
0.1904
0.9852
0.9886
0.9868
0.9902
0.9832
0.961
0.858
0.815
0.9748
0.6308
0.953
0
0.975
0.953
0.5336
0.9842
0.9558
0.9944
0.3578
0.991
0.9492
0.973
0.7744
0.9828
0.9808
0.9854
0.966
0
0.9852
0
0
0.833
0.9858
0.9888
0.9638
0.8724
0.8964
0.9886
0.9442
0.8906
0.9944
0.9466
0.9782
0.9772
0.9702
0
0
0.9804
0.993
0
0.9912
0.9886
0.7834
0.7662
0.9852
0.9836
0.833
0.6528
0.007
0.9904
0.982
0.7964
0.774
0.921
0.8214
0.9964
0.6574
0.9844
0.666
0
0.0504
0.9876
0.966
0.99
0
0.9204
0.7616
0.9424
0.7048
0.981
0.9906
0.98
0.9934
0.9846
0.9782
0.9658
0.955
0.8118
0.985
0.985
0
0.9952
0.9576
0
0.8602
0.9928
0.9804
0.9966
0.9596
0.9764
0.9124
0.9916
0.0124
0.9952
0.9866
0.3824
0.9928
0.9856
0
0.9896
0.0778
0.9422
0.116
0.9856
0.8276
0.955
0.4538
0.7996
0.9926
0.9958
0.8718
0.97
0.987
0.8936
0.8698
0.9882
0.9248
0.9862
0.9828
0.096
0.033
0.9908
0.9874
0.9906
0.989
0.9882
0.9948
0
0.3372
0.9888
0.0086
0.9494
0.9762
0.99
0.9882
0.9266
0.9568
0.9664
0.9836
0.9932
0.9288
0.991
0.1054
0.9836
0.9918
0.9806
0.9894
0.9954
0.9916
0.9828
0.0016
0.9958
0.9926
0.9954
0.994
0.9926
0.9878
0.9368
0.9672
0.9944
0.9798
0.977
0.8682
0.4718
0.9754
0.9788
0.984
0.9868
0.991
0.7528
0.9902
0.9924
0.9834
0.9888
0.9862
0.9956
0.9856
0.9916
0.9892
0.9932
0.988
0.9948
0.9628
0.464
0.9558
0.8788
0.9948
0.9962
8e-04
0.992
0.9896
0.9936
0.0788
0.8614
0.9936
0.9814
0.9914
0.9786
0.0034
0.9554
0.9896
0.989
0.985
0.2138
0.9868
0.9772
0.9958
0.9884
0.9788
0.8536
0.9722
0.9958
0.9922
0.8134
0.0524
0.9528
0.9856
0.9886
0.953
0.9926
0.9642
0.9582
0.891
0.983
0.9874
0
0.9884
0.9888
0.9868
0
0.9892
0.8582
0.9924
0.807
0.9686
0.9786
0.9504
0.98
0.97
0.8838
0.987
0.4878
2e-04
0.9956
0.9916
0.9948
0.994
0.9902
0.9848
0.9262
0.9678
2e-04
0.987
0.9066
0.9926
0.9946
0.478
0.9872
0.97
0.9846
0.742
0
0.986
0.9778
0.9894
0.9906
0.9832
0.9878
0.9948
0.9864
0.988
0.668
0.1022
0.9872
0
0.945
0.9752
0.3838
0.3088
0.966
0.9136
0.9858
0.8688
0.9764
0.9228
0.9906
0.9556
0.7998
0.6444
0.9892
0.9938
0.9944
0
0.9848
0
0.995
0
0.9438
0.9932
0.5242
0.9226
0
0
0.392
0.9916
0.1388
0.9164
0.7818
0.9872
0.872
0.9788
0.991
0.9814
0.9914
0.9924
0.413
0.995
0.0056
0.9894
0.9686
0.9896
0.961
0.9928
0.9682
0.9926
0.6748
0.9804
0.9866
0.9876
0.9946
0.9502
0.4166
0.8966
0.989
0.9908
0.8588
0.9874
0.8672
0.9508
0.9968
0.9954
0.958
0.9964
0.9708
0.9622
0.9968
0.9256
0.9858
0.987
2e-04
0.9942
0.9744
0.97
0
0.9746
0.975
0.953
0.784
0.9944
0.9862
0
0.9576
0
0.9858
0.9614
0.8972
0.929
0.846
0.9802
0.9894
0.9916
0.9956
0.506
0.9904
0.9956
0.9708
0.9824
0.9946
0.9782
0.4706
0.994
0.9914
0.9924
0.9374
0.9876
0.6618
0.8992
0.9924
0.9874
0.9814
0.9768
0.9888
0.986
0.9652
0.967
0.9918
0.6772
0.9704
0.9878
0.9878
0.993
0.9904
0.9828
0.9888
0.9954
0
0.9762
0.963
0.9882
0.9896
0.928
0.9784
0.9768
6e-04
0.9908
0.9948
0.1278
0.9776
0.9088
0.973
0
0.9832
0.987
0
0.9802
0.982
0.5314
0.9914
0.9918
0.923
0.9374
0.992
0.992
0
0.9778
0
0
0.9924
0.9304
0.993
0.9578
0.989
0.9798
0.9932
0.9952
0.9826
0.988
0.9946
0.9822
0.9896
0
0.9752
0.9518
0.9956
0.1186
0.9896
0.9962
0.033
0.9964
0.9916
0.9924
0.9938
0.6122
0.9922
0.989
0.9498
0.975
0.9648
0.9938
0.9742
0.9852
0.9376
0.9882
0.949
0.9918
0.9902
0.9518
0
0.9932
0
0.9724
0.9914
0.9878
0.9914
0.9856
0.5206
0.9924
0.9628
0.1558
0.9896
0.9764
0.9712
0.992
0.9902
0.911
0.994
0.9928
0.9582
0.9784
0.9928
0.9916
0.9616
0.993
0.9368
0.9948
0
0.8786
0.71
0.9924
0.9958
0.9542
0.9932
0.9458
0.9676
0
0.9704
0.989
0.9894
0.9916
0.9754
0.9904
0.6592
0.9944
0.8914
0.977
0.9814
0.9884
0.9944
0.992
0.9496
0
0.9488
0.9732
0.0848
0.9954
0.9924
0.9846
0.9794
0.9828
0
0.9532
0.2248
0.335
0.9812
0.9856
0
0
0.3436
0.9928
0.9894
2e-04
0.9944
0.9924
0.972
0
0.9936
0.8846
0.993
0.9714
0.9898
0.9908
0.922
0.9894
0
0.6684
0.9802
0.9856
0.9896
0.9886
0.981
0.988
0.9922
0.9584
0.993
0.9924
0.9816
0.9824
0.9826
0.9874
0.9758
0.967
0.1504
0.9836
0.9784
0.975
0
0.9612
0.7298
0.995
0.9948
0.9892
0.9922
0.99
0.9148
0.996
0
0.003
0.9858
0
0.9936
0.8944
0.9568
0.992
0.984
0.9936
0.988
0.9512
0.8746
0.9906
0.9868
0.9936
0.9946
0.9922
0.9958
0.8648
0.9934
0.9906
0.988
0.0128
0.9948
0.9934
0.9928
0.9902
0.7748
0.9958
0.9582
0.9876
0.995
0.9878
0.982
0.9914
0.9766
0.6442
0
0.9876
0.6228
0.9918
0.8488
0.9426
0.0034
0.9122
0.0136
0.9916
0.9026
0
0.651
0.9924
0.9908
0.9672
0.9258
0.9616
0.9846
0.9896
0.9524
0.8924
0
0.7264
0.9856
0.991
0.9956
0.9592
0.2726
0.984
0.9742
0.9506
0.9848
0.988
0.7838
0.8416
0.9278
0.807
0.1342
0.1774
0.992
0.9308
0.994
0
0.9894
0.9884
0.9128
0.9488
0.8338
0.9906
0.9864
0.9942
0.9822
0.986
0.9954
0.9342
0.9808
0.994
0.991
0.9458
0.9864
0.9942
0.741
0.956
0.9904
0.9814
0.9938
0.9132
0.9774
0.9946
0.9846
0.9968
0.987
0.9346
0
0.585
0.9938
0.9224
0.9922
0.972
4e-04
0.9882
0.9874
0
0.9944
0.9906
0.952
0.9924
0.9936
0.9904
0.8864
0.9914
0.9902
0.9832
0.9926
2e-04
0.9956
0.9886
0.9818
0.9744
0.9872
0.9588
0.9926
0.9972
0
0.9946
0
0.9948
0.9876
0.9962
0
0
0
0.9946
0.002
0.9916
0.9932
0.9858
0
0.9536
0.974
0.9942
0.0014
0.7728
0
0.9798
0.9824
0.972
0.8174
0.9902
0.9884
0.7146
0.8158
0.9944
0.9926
0.9954
0
2e-04
0.9936
0.805
0
0.9562
0.9918
0.9906
0.9914
0.9928
0.9894
0.5674
0.9914
0.9806
0.6768
0.965
0.0016
0.9944
0.5254
0
0.9882
0.9922
0.089
0.994
0
0.5524
0.9934
0.9822
0.9966
0.9784
0.989
0.6014
0.003
0.9938
0.906
0.9416
0.9414
0.9778
0.4308
0.9858
0
0.0162
0.9936
0.9932
0.9754
0.8766
0.9886
0.974
0.957
0.9718
0.9778
0.978
0.9768
0.8688
0.681
0.9274
0.9772
0.9964
0.9766
0.9638
0.993
0.9594
0.9568
0.9938
0.9624
0.9624
0.9936
0.9946
0.9942
0.9678
0.9924
0.9474
0
0.9898
0.9966
0.9744
0.9952
0.9844
0.981
0.9746
0.9836
0.9722
0.9918
0.9872
0
0.9646
0.9142
0
0.9694
0.9492
0.9962
0.9848
0.9944
0
0.9898
2e-04
0.0012
0.9952
0
0.9392
0.9922
0.994
0.9956
0.9936
0.9784
0.9974
0.9942
0.954
0.994
0
0.9784
0
0.995
0.9936
0.9958
0.9752
0.99
0.981
0.993
0.9948
0.924
0.9782
0.9918
0.9914
0.9832
0.9956
0.072
0.0464
0.9958
0.991
0.9776
0.5534
0.993
0.9892
4e-04
0.9938
0.9938
0.9952
0.8374
0.9726
0
0.9522
0.9724
0.9772
0.9794
0
0.9954
0.9934
0.9322
0.9948
0.6182
0.9872
0.8168
2e-04
0.9882
0.9646
0
0.7824
0.8976
0.9904
0.996
0.99
0.7014
0.987
0.9938
0.9772
0.9072
0
0.6034
0.9918
0.9958
0.9944
0.993
0.9896
0.9886
0.9756
0.9944
0.9858
0.988
0.9902
0.994
0.9716
0
0.9922
0.8528
0.996
0.9904
0.9854
0.9816
0.9794
0.709
0.9832
0.01
0.9802
0.9922
0.7592
0.9586
0.017
0.9872
0.873
0.9982
0.9946
0
0.7424
0.9626
0.987
0.8958
0.9892
0.9348
0.971
0.2122
0.9938
0.9936
0.2094
0.9862
0.1862
0.0136
0.9948
0.9948
0.9874
0.996
0.956
0.9738
0.875
0.997
0.996
0.9958
0.0056
0.9864
0.9922
0.9894
0
0.9778
0.0122
0
0.954
0
0.9866
0.9888
0.9948
0.97
0.9912
0.9894
0.9864
0.648
0.0134
0.0644
0.9914
0
0.9966
0.9878
0.994
0.9962
0.992
0.994
0.995
0.989
0.9958
0.9852
0.9894
0.9932
0.9798
0.8828
0.9932
0.9968
0.9958
0.9164
0.9948
0
0.9938
0.9592
0.9928
0.994
0.9948
0
0.8692
0.9818
0.9962
0.9856
0.9912
0.0096
0
0.9958
0.972
0.9806
0.9564
0.993
0.9896
0.9918
0.9956
0.8012
0.9944
0.9896
0.9444
0.992
0.9832
0.982
0.989
0.9874
0.993
0.9856
0.9928
0.8208
0.9898
0
0.9938
0
0.988
0.9938
0.9912
0.9954
0.9966
0.9882
0.9956
0.9762
0.9818
0.9898
0.9952
0
0.9814
0.2338
0.9956
0.9848
0.9916
0.996
0.4524
0.996
0.9774
0.995
0.9956
0.9898
0.9808
0.987
0.0402
0.9456
0.9788
0.9948
0.5332
0.9826
0.9902
0.992
6e-04
0.99
0.9704
0.9962
0.7702
0.9878
0.987
0.938
0.995
0.9928
0.9632
0.9898
0.993
0.946
0.9676
0.9948
0.992
0.9868
0.9938
0
0.9972
0.9956
0.993
0.9928
0.9958
0.9916
0.9966
0.9908
0.9936
0.9794
0.9872
0.9948
0.986
0.1184
0.987
0.995
0.996
0.9908
0.9934
0.9866
0.9956
0.8358
0.981
0.9878
0.9958
0.996
0.6588
0.9566
0.911
0
0.9128
0.9966
0.9382
0
0.9472
0.9944
0.993
0.9526
0.9682
0.9932
0.6164
0.989
0.9886
0.9896
0.9904
0.9868
0.9124
0.995
0.9934
0.9908
0.9946
0.9482
0.6148
0.0364
0.9696
0.9918
0
0.9938
0.0906
0.9934
0
0.9896
0
0.9936
0.9922
0.9906
0.974
0.9946
0.9886
0.9786
0.9926
2e-04
0.9802
0.9964
0.9906
0.8702
0.9838
0.9934
0.9952
0.985
0.0096
0.9882
0.9968
0.9938
0.9938
0.978
0.9038
0.6878
0.9456
0.9942
0.989
0.0512
0.9374
0.9922
0.1678
0.9978
0.9948
0.9926
0.9924
0.9948
0.9958
0.9874
0
0.9938
0.993
0.9972
0.9874
0.9928
0.9896
0.9938
0.993
0.9732
0.9954
0.979
0.9974
0.9916
0.9854
0.9954
0.2904
0.7346
0
0.9938
0.9692
0.989
0.992
0.9938
0.9954
0.997
0.9702
0
0.9788
0.9926
0.9482
0.8684
0.985
0.9974
0.9962
0.9596
0.722
0.84
0
0.9914
0.9974
0.9902
0.924
0.9934
0.9928
0
0.996
0.9944
0.99
0.6394
0.9956
0
0.9958
0.9946
0.9796
0
0.9938
0
0.9888
0.9936
0.003
0
0.9898
0.9944
0.001
0.9502
0.9968
0.9944
0.992
0.9946
0.9276
0.9716
0.9898
0
0.9848
0.7872
0
0.9938
0.9892
0.9922
0.9938
0.8276
0.9956
0.9924
0.774
0.9504
0.975
0.9046
0.9938
8e-04
0.6954
0.9912
0.9746
0.9852
0.9938
0.9824
0.9918
0.996
0.3678
0.9006
0.997
0
0
0.9886
0.8584
0.639
0.995
0.993
0.964
0.996
0.9942
0.993
0.9804
0.9912
0.9958
0.9888
0.9758
0.9852
0.888
0.9968
0.9916
0.96
0.9908
0.9868
0
0
0.9918
0.9934
0.996
0.9846
0.9744
0.993
0.038
0.9806
0.971
0.6242
0.9568
0.967
0.9768
0.9932
0.9924
0.9752
0.997
0.997
0.9902
0.9654
0.9766
0.9
0.3478
0.001
0.992
0.9848
0.9952
0.9732
0.9912
0.9964
0.8426
0.9952
0.9932
0.9838
0.9358
0.9908
0.9958
0.9966
0
0
0.995
0.8652
0.9328
0.981
0.9914
0.995
0
0.9908
0.9878
0.9952
0.9912
0.9948
0.9938
0.9948
0.9506
0.9868
0.1904
0.9952
0
0.9866
0.986
0.9956
0.9922
0.7362
0.0088
0.9888
0.9966
0.9708
0.997
0.992
0.9702
0.9958
0.9938
2e-04
0.9634
0.9932
0.9562
0.9834
0.9888
0.9958
0
0.993
0.9936
0.988
0.8652
0.9912
0.5776
0.9522
0.9944
0.9378
0.9942
0
0.9062
0
0.9892
0.9914
0.9922
0.9926
0.8106
0.991
0.8462
0.9884
0.9948
0.9826
0.9928
0.9944
0.7922
0.9868
0.9464
0.9846
0.9896
0.9694
0.6214
0.9952
0.9828
0.9784
0
0.9928
0
0.9934
0.9942
0.5934
0.8174
0.981
0.984
0
0.1042
0.993
0.9958
0.9826
0.7702
0.9898
0.6142
0.9862
0.8258
0.9928
0.9924
0.0018
0.9932
0.9812
0.993
0.992
0.9744
0.99
0.994
0
0.9904
0.9706
0.9038
0.9904
0.0056
0.9904
0.088
0.9964
0.9828
0.9906
0.9964
0.9676
0.9846
0.968
0.994
0.7626
0.992
0.9934
0.9912
0.9914
0
0.9956
0.7054
0
0.0376
0.988
0.991
0.9898
0.9908
0.9918
0.06
0
0.9568
0.9936
0.9778
0.955
0
0.994
0.9978
0
0.9902
0.995
0.0028
0.992
0.9948
0.9822
0.8994
0.991
0
0.9954
0.995
0.861
0.9452
0.9776
0.991
0.9928
0.9944
0.9824
0.9956
0.9818
0
0.9934
0.994
0.9964
0.9924
0.9594
0.9976
0
0.9816
0.9768
0.9834
0.9948
0.6022
0.98
0.9954
0.9802
0.9902
0.004
0.9802
0.9862
0.9892
0.9956
0.156
0.9948
0.9946
0.9934
0.9924
0.9522
0
0.9912
0.9788
0.9956
0.0158
0.9906
0.9964
0.9894
0.6738
0.9928
0.995
0.772
0.9972
0.9562
0
0.996
0.969
0.979
0.985
0.9926
0.9932
0.9904
0.7448
0.9964
0.9846
0.9942
0.9966
0
0.9878
0.9912
0.878
0.9912
0.994
0.9494
0.9942
0
0.9894
0
0.9938
0.985
0.9938
0
0.9706
0.9936
0.9952
0.954
0.9968
0.942
0.2118
0.9574
0.99
0.9926
0.993
0.9428
0.9954
0.994
0.9764
0
0.9914
0.9974
0.9904
0.991
0.9882
0
0.0328
0.994
0.9902
0.895
0.9958
0.9922
0.9962
0.7618
0.9874
0.9928
0.9912
0.9956
0
0.9934
0.9924
0.9942
0.9896
0.896
0.9922
0
0.9938
0.987
0.9918
0.9944
0.9928
0.9954
0.918
0.9934
0.991
0.9926
0.9968
0.9974
0
0.9788
0
0.9176
0.9944
0.9782
0.6642
0.9806
0.9944
0.995
0.993
0.9106
0.997
0.8296
0.9956
0
0.9854
0
0.9976
0.0062
0.996
0
0.995
0.9968
0.9888
0.4618
0.9954
0.785
0.0792
0.9932
0.9926
0.9958
0.9976
0.993
0
0.9886
0.8944
0
0.9916
0.9968
0.5538
0.9482
0.9872
0.9956
0.9948
0.9788
0.9934
0.9958
0.974
0.992
0.9666
0.9942
0.9914
0.9972
0.9952
0.9924
0.9954
0.9962
0.8686
0.995
0.9954
0.3566
0.9516
0
0.9962
0.9934
0.9922
0.9958
0.9952
0.996
0.9956
0.9958
0.9952
0
0.9948
0.9846
0.9898
0.9938
0.996
0.9962
0.4574
0.019
0.9952
0.9944
0.9954
0.9958
0.946
0.9942
0.9916
0.9964
4e-04
0.9448
0.995
0.9902
0.726
0.9952
0.9942
0.6384
0.995
0.9954
0.0448
0.7388
0.9922
0.993
0.9954
0.9968
0
0.995
