0.0198
0.012
0.0882
0.0418
0.0224
0.0348
0.0268
0.014
0.0372
0.0682
0.016
0.0418
0.0278
0.0104
0.025
0.915
0.0218
0.012
0.1742
0.044
0.0198
0.5386
0.2352
0.0664
0.0852
0.09
0.0302
0.0152
0.8206
0.0172
0.9998
0.2382
0.134
0.2784
0.0124
0.0114
0.0828
0.1638
0.0226
0.014
0.011
0.0238
0.0276
0.0078
0.0192
0.0148
0.0208
0.0574
0.019
0.2118
0.1366
0.0634
0.2816
0.6348
0.019
0.373
0.041
0.1544
0.2602
0.539
0.0388
0.0986
0.3308
0.281
0.0428
0.0124
0.01
0.0122
0.9166
0.011
0.01
0.582
0.0364
0.1578
0.6574
0.018
1
1
0.114
0.4058
0.9984
0.162
0.986
1
0.9998
0.1004
0.8728
0.3858
0.0206
1
0.3768
0.6614
0.893
0.1408
0.8816
0.0474
0.9808
0.5058
0.1154
0.8768
0.8492
0.8926
0.763
0.4624
0.6978
0.9846
0.8632
0.3652
0.0948
1
0.0208
0.046
0.616
0.01
0.013
0.9322
0.9098
0.0978
0.2286
0.0134
0.0712
0.081
0.0104
0.7716
0.9742
0.013
0.0178
0.058
0.7394
0.0682
0.012
0.0126
0.0138
0.0094
0.009
0.0122
0.0254
0.0124
0.0164
0.0244
0.0092
0.0108
0.0092
0.016
0.6956
0.0098
0.0414
0.0134
0.3084
0.0206
0.012
0.0178
0.0112
0.017
0.0194
0.0102
0.0162
0.0452
0.0618
0.0148
0.008
0.014
1
0.0106
1
0.0108
0.0128
0.0126
0.039
0.0088
0.012
0.0118
0.0246
0.0136
0.2148
0.0202
0.0206
0.0552
0.7314
0.0086
0.9972
0.0294
0.0172
0.6446
0.0196
0.0162
0.0202
0.018
0.017
0.0182
0.0124
0.0324
0.0404
0.0264
0.0172
0.0168
0.0078
0.0184
0.0084
0.0696
0.4242
0.0102
0.0402
0.0242
0.0478
0.017
0.0144
0.023
0.2138
0.0084
0.1118
0.0292
0.0346
0.0116
0.0108
0.0436
0.0182
0.0284
0.037
0.0278
0.0112
0.0202
0.0136
0.0116
0.0964
0.0132
0.0174
0.1042
0.1136
0.0114
0.0174
0.0796
0.11
0.0282
0.0202
0.0098
0.1642
0.0096
0.0152
0.0136
0.0198
0.011
0.975
0.0346
0.047
0.0184
0.0358
0.015
0.0476
0.0166
0.0124
0.0074
0.0156
0.0174
0.0194
0.474
0.013
0.014
0.0284
0.0244
0.012
0.0124
0.0132
0.019
0.0788
0.0112
0.0226
0.0094
0.0202
0.0286
0.013
0.0234
0.0176
0.0078
0.01
0.0124
0.0268
0.01
0.0114
0.0522
0.0182
0.0148
0.0366
0.017
0.0542
0.017
0.0128
0.012
0.2348
0.0102
0.0108
0.011
0.0148
0.0112
0.543
0.0112
0.0198
0.0454
0.0314
0.0156
0.015
0.0202
0.0138
0.0184
0.0098
0.0232
0.0256
0.096
0.0234
0.0252
0.023
0.0162
0.0098
0.0132
0.0246
0.0086
0.0162
0.0134
0.0108
0.0318
0.0442
0.0628
0.0126
0.016
0.0136
0.0112
0.1132
0.0154
0.0988
0.0122
0.03
0.0296
0.0174
0.0156
0.0166
0.0214
0.0126
0.0854
0.1452
0.012
0.0704
0.0324
0.0186
0.0198
0.0418
0.028
0.0126
0.0108
0.0122
0.0272
0.014
0.0134
0.017
0.0118
0.0182
0.0326
0.0152
0.0176
0.035
0.0418
0.0246
0.0214
0.0112
0.0322
0.0214
0.0128
0.0152
0.0726
0.0424
0.0168
0.02
0.0738
0.0172
0.031
0.0152
0.009
0.8636
0.0098
0.011
0.0152
0.0174
0.0158
0.0094
0.0972
0.0156
0.1828
0.0156
0.0132
0.0138
0.1428
0.0102
0.018
0.175
0.0142
0.0238
0.0162
0.0132
0.0086
0.0134
0.0088
0.0154
0.0142
0.0206
0.0098
0.088
0.0332
0.016
0.0262
0.0202
0.0348
0.0162
0.013
0.0276
0.0528
0.0162
0.018
0.0298
0.9986
0.0118
0.0106
0.0134
0.0304
0.0144
0.013
0.0128
0.0284
0.0142
0.0744
0.0272
0.0076
0.0102
0.0148
0.2094
0.0164
0.0152
0.029
0.0116
0.0134
0.071
0.0102
0.009
0.0164
0.0118
0.0156
0.0216
0.0136
0.0094
0.0082
0.0204
0.0156
0.0096
0.0638
0.0234
0.0528
0.0094
0.0084
0.0252
0.1628
0.0072
0.0126
0.0128
0.03
0.0166
0.0064
0.0152
0.0544
0.01
0.0112
0.018
0.0136
0.0408
0.0206
0.0144
0.0098
0.012
0.0312
0.011
0.012
0.0132
0.0238
0.0276
0.027
0.0208
0.0168
0.0122
0.0088
0.0188
0.0088
0.0126
0.0104
0.0494
0.1058
0.0138
0.0148
0.0188
0.0118
0.0126
0.011
0.0156
0.0332
0.0134
0.0134
0.0152
0.0166
0.0102
0.0188
0.0132
0.0084
0.0352
0.0196
0.0186
0.0164
0.0114
0.013
0.0364
0.0102
0.0514
0.0232
0.0284
0.0104
0.0106
0.0848
0.0132
0.0214
0.0082
0.0326
0.0122
0.0258
0.0188
0.0206
0.0134
0.0476
0.034
0.0366
0.0636
0.017
0.0118
0.009
0.0122
0.024
0.0182
0.0444
0.0536
0.0242
0.0222
0.0246
0.106
0.012
0.0374
0.0656
0.0126
0.0206
0.01
0.0118
0.0166
0.0274
0.0088
0.0106
0.0172
0.0208
0.0774
0.081
0.0182
0.0194
0.012
0.009
0.0152
0.0114
0.0104
0.0164
0.0124
0.0138
0.0168
0.0166
0.0118
0.098
0.0142
0.0162
0.0186
0.0128
0.009
0.0084
0.01
0.0376
0.2242
0.0394
0.0352
0.0402
0.0418
0.015
0.015
0.0356
0.0132
0.0224
0.0396
0.0094
0.0148
0.0972
0.0166
0.0164
0.0146
0.663
0.0224
0.0858
0.0096
0.0288
0.012
0.0182
0.0122
0.0142
0.0232
0.0154
0.0118
0.0358
0.0182
0.015
0.03
0.0196
0.5132
0.0336
0.0298
0.0138
0.0144
0.0094
0.0118
0.013
0.013
0.0168
0.1022
0.026
0.0102
0.0108
0.6374
0.013
0.0138
0.015
0.0136
0.023
0.0228
0.0192
0.018
0.0238
0.0292
0.0366
0.0286
0.4866
0.0504
0.0134
0.0116
0.027
0.0126
0.0168
0.0136
0.0104
0.0168
0.013
0.0196
0.021
0.9786
0.0192
0.6572
0.0128
0.109
0.0326
0.025
0.012
0.1202
0.9258
0.0164
0.0372
0.0268
0.0128
0.0542
0.0134
0.999
0.0246
0.0186
0.0134
0.0174
0.0198
0.382
0.0204
0.0124
1
0.0092
0.015
0.02
0.0378
0.0266
0.049
0.013
0.0144
0.9992
0.1508
0.0108
0.0218
0.0082
0.3742
0.0114
0.7714
0.9356
0.0334
0.0188
0.0534
0.0462
0.9954
0.0182
0.0254
0.997
0.062
0.0076
0.0216
0.0086
0.0176
0.0154
0.0474
0.0128
0.047
0.1664
0.029
0.043
0.0152
0.971
0.0348
0.017
0.9856
0.1692
0.1768
0.0508
0.0114
0.0114
0.011
0.634
0.0832
1
0.0138
0.9978
0.0178
0.0278
0.0252
0.0652
0.0122
0.073
0.0478
0.0114
0.0942
0.0256
0.0116
0.027
0.0132
0.992
0.0468
0.199
0.0128
0.012
0.0218
0.031
0.0244
0.0134
0.0132
0.074
0.0098
0.0266
0.0118
0.06
0.0132
0.0162
0.01
0.0316
0.021
0.029
0.0208
0.0182
0.8532
0.016
0.0124
0.0122
0.0124
0.015
0.0168
0.0138
0.0108
0.0204
0.0324
0.541
0.021
0.0744
0.0306
0.0754
0.016
0.017
0.01
0.0252
0.0838
0.0184
0.0136
0.0832
0.0078
0.0386
0.266
0.0188
0.0156
0.0234
0.036
0.019
0.0164
0.0434
0.031
0.0262
0.0256
0.035
0.026
0.038
0.0136
0.011
0.0338
0.0088
0.0724
0.0426
0.0124
0.0088
0.0166
0.1226
0.0308
0.014
0.0116
0.0194
0.022
0.0202
0.0396
0.0772
0.009
0.0216
0.0128
0.0162
0.0134
0.044
0.061
0.012
0.0174
0.0106
0.0388
0.017
0.0556
0.0146
0.0902
0.0602
0.018
0.0328
0.0296
0.0816
0.0294
0.0122
0.0228
0.0162
0.0338
0.0202
0.0152
0.077
0.018
0.011
0.012
0.0188
0.0116
0.179
0.0772
0.0142
0.0244
0.0126
0.0128
0.014
0.1848
0.018
0.027
0.0174
0.0388
0.0112
0.2194
0.015
0.0222
0.034
0.0076
0.0266
0.0186
0.031
0.096
0.6694
0.0116
0.0556
0.131
0.0188
0.0246
0.0194
0.0638
0.0224
0.0436
0.0156
0.0624
0.2228
0.0132
0.0144
0.5014
0.0192
0.0088
0.0248
0.0102
0.2442
0.2398
0.02
0.0104
0.0268
0.062
0.0152
0.0118
0.0214
0.036
0.011
0.0372
0.081
0.1326
0.0134
0.0394
0.2872
0.0104
0.056
0.0286
0.0848
0.0208
0.2186
0.0104
0.0724
0.1016
0.0104
0.0124
0.0128
0.0158
0.0336
0.0176
0.977
0.0092
0.0164
0.0264
0.2208
0.0604
0.0222
0.1676
0.0146
0.0114
0.3222
0.0778
0.0126
0.011
0.9224
0.0206
0.0098
0.022
0.0202
0.073
0.0792
0.0828
0.0076
0.0188
0.0178
0.015
0.3156
0.022
0.03
0.0492
0.012
0.0314
0.0374
0.0346
0.0708
0.0108
0.011
0.0436
0.012
0.0166
0.0512
0.0258
0.0388
0.4176
1
0.013
0.2348
0.0216
0.5218
0.2088
0.0226
0.205
0.0726
0.0206
0.8972
0.4448
0.0878
0.0122
0.0184
0.5936
0.1834
0.0412
0.0144
0.0178
0.0504
0.0476
0.032
0.0248
0.9996
0.6962
0.0106
0.016
0.0582
0.0366
0.0248
0.014
0.0444
0.0424
0.023
0.1146
0.0146
0.0424
0.0236
0.9364
0.0156
0.1012
0.0328
0.0714
0.3634
0.136
0.0522
0.0184
0.026
0.0474
0.0328
0.0926
0.2882
0.017
0.0138
0.0186
0.3692
0.0196
0.019
0.3098
0.0154
0.0108
0.1324
0.0096
0.0358
0.0812
0.0098
0.0744
0.013
0.086
0.013
0.6078
0.1008
0.0168
0.965
0.064
0.0238
1
0.0628
0.0572
0.0136
0.0148
0.0134
0.038
0.0194
0.043
0.2248
0.0754
0.7948
0.0126
0.0138
0.0218
0.029
0.0346
0.013
0.0762
0.0172
0.0154
0.0676
0.1222
0.108
0.024
0.9998
1
0.086
0.018
0.1722
0.2016
0.016
0.021
0.0352
0.0194
0.046
0.0494
0.101
0.1638
0.016
0.1438
0.009
0.0174
0.011
0.0116
0.0234
0.0192
0.9846
0.0292
0.0506
0.0164
0.0256
0.0222
0.0172
0.0438
0.0214
0.0772
0.9756
1
0.0366
0.0878
0.0252
0.9996
0.0124
0.027
0.369
0.0378
0.8236
0.1664
0.0102
0.0188
0.9974
0.022
0.0324
0.0156
0.0134
0.986
0.027
0.0196
0.015
0.9894
0.0336
0.0352
0.0108
0.0128
0.0148
0.0234
0.0224
0.0132
0.0356
0.2802
0.0228
0.013
0.0292
0.0112
0.0122
0.2666
0.0516
0.0146
0.0358
0.031
0.0172
0.0204
0.0264
0.3
0.0288
0.0182
0.1022
0.0094
0.01
0.0186
0.0148
0.0144
0.0134
0.0406
0.0238
0.0168
0.2678
0.0338
0.0404
0.0128
0.0134
0.204
0.063
0.0124
0.0638
1
0.6624
0.028
0.633
0.0128
0.0486
0.1906
0.066
0.9506
0.1096
0.0166
0.0526
0.0258
0.6178
0.0096
0.018
0.0736
0.9182
0.1696
0.027
0.0168
0.8048
0.0194
0.9366
0.2258
0.9886
0.6684
0.0124
1
0.4018
0.0194
0.0344
1
0.0224
0.014
0.0166
0.8112
0.0162
0.9998
0.0178
0.0158
0.0224
0.3842
0.0096
0.0124
0.0112
0.9398
0.5396
0.973
0.7422
0.2366
0.0122
0.29
0.3304
0.016
0.026
0.1244
0.652
0.0264
0.0508
0.612
0.8892
0.0832
0.0088
0.0134
0.0256
0.2912
0.1044
0.0104
0.072
0.5576
0.068
0.0138
0.037
0.0212
0.6358
0.0108
0.0908
0.0706
0.1128
0.011
0.07
0.0192
0.0224
0.018
0.014
0.1072
0.0198
0.1142
0.0912
0.0186
0.0106
0.0572
0.014
0.0188
0.1886
0.0126
0.0128
0.0348
0.5192
0.0494
0.0174
0.028
0.0172
0.0942
0.0098
0.1
0.1212
0.0184
0.0128
0.0316
0.0148
0.0278
0.0652
0.1006
0.009
0.2614
0.0168
0.0302
0.0156
0.023
0.0428
0.129
0.0118
0.0362
0.0096
0.1106
0.038
0.0162
0.025
0.0736
0.016
0.1504
0.197
0.0128
0.012
0.026
0.094
0.011
0.0106
0.0292
0.9352
0.0106
0.7594
0.0202
0.1398
0.0184
0.0368
0.0124
0.0634
0.0756
0.012
0.0118
0.032
0.0716
0.0434
0.0094
0.0112
0.0406
0.0258
0.0258
0.4536
0.0206
0.0896
0.076
0.0476
0.1192
0.189
0.4034
0.102
0.753
0.0254
0.8452
0.8962
0.0352
1
