0
0
0.0144
0.0018
0
0
0
0
0
1
0.9564
2e-04
2e-04
0
0.0368
0.0044
0
2e-04
0
0
0.0016
0
0.0024
1
1
0.0042
1
1
0
0
0.9656
0
0.9966
0.9998
0
0.6274
1
0.0156
0
0.6134
0
0
0
0.9954
4e-04
0
0
0
0
0.0112
0
1
2e-04
1
0.0168
0
4e-04
0
0.0274
4e-04
0
0.012
2e-04
0.0054
0
0
0
0.085
0
0.0996
0
0.9896
0
0
0
0
0
0.6682
6e-04
0.0248
0
0.9916
0
1
0
0.9986
0.0058
0
0.9096
0
0.995
0
0
2e-04
0.0142
4e-04
0
0
1
1
0
1
1
0.0072
0
0
0
8e-04
1
0
2e-04
0.0036
0
2e-04
0
0
0
1
1
0
0
1
2e-04
0
6e-04
0.0262
0.5468
0
0.9746
1
1
0
0
6e-04
0
0.9642
0.0046
0
0.887
0
0.0342
1
1
0
0
0
1
0
0
0
0.0066
0.0042
0
0
0
0
0
0
2e-04
4e-04
0
0
1
0
0
0.9996
0.0022
0
0
0.9736
0
0
0.0416
0
0.9998
0
0
0.078
0
0
1
0
1
0.999
0.3892
0
0.0732
0
1
0.07
0
0
0.058
0
0
0
0.0042
0
0
0
0.9988
0.9998
1
0
0
0
0
0
2e-04
1
0.0014
0
1
0
0
0
0
0.9376
1
0
0
0
0
0
1
0
0
0
0
0
0
0
1
0
0
0
0
0
0
0.0016
0
0
0
0
0
0.2242
0
0
0
0
0
0.0126
0
0
0
0
0
0
0
0
0
0
0
0
6e-04
1
0.0024
1
0
0
1
2e-04
0
0
0.9526
0
0
0
0
0
0.9998
0
0
0
0
0.9082
0
0
0
0
0
0
0
0.9752
0
0
0.5324
0
0
0
0
0
0
0.001
0.0018
0
0
1
0
0
0
1
0
0.9994
0
0
0
0
0.3318
0
0
0.0416
0
0.0042
1
0
0
0
0
0.0114
0
0.0044
0
0.9948
0
4e-04
0
0
0
0
0
0
1
1
0
0
0
0
0.9848
0
0
0
0
0.5912
1
0
1
2e-04
0
0
0
0
0
0
0
0
0
0
4e-04
0.9322
0
0
0
0
1
0
1
0
0.9994
0
0
1
0
1
1
0
0
1
0
0
0
0
0
0
0
0
0
1
0
1
0
0
0
8e-04
0
0
0
1
0
0
0
0
0
0
0
0
0
1
0
0
0
0
0
0
0
0
0
0
0.9956
0
0
1
0
0
0
0.9884
0
0
0
4e-04
0
0
1
0.9954
1
0
0
0.0016
0
0.0038
0
0
0
0
0.5384
0
0
0
0
0
2e-04
0.0032
0
0
0
2e-04
0
0.0014
0.0154
0
0.9992
0
0
1
0
0
0
0
0.376
0.9602
0
0
0
0
0
0
0
1
0
2e-04
0
0
6e-04
0
0
1
0
0
1
0
0.0022
2e-04
0.9998
1
0
1
0
0
0.9984
0
0
4e-04
0
0
0
1
0.9996
1
0.9998
0
0.0018
0
6e-04
0
6e-04
0
0
0
0
0
0.7782
0
1
0
0.0236
0
1
0
1
0.7472
0
0
0
0
0.137
0
0
0
0
0.9984
0.9976
0
0
0.001
0
8e-04
0
0
4e-04
1
0
1
0
0
0
0
0
0.0048
0
0
1
0
0
0
0
2e-04
8e-04
0
0
0
0
0
0
6e-04
0
0
0
1
1
0.999
0
0
1
0
0.0078
0
1
0
0
0
0
0
0
0.033
0
0.0102
0
0
0
0
0
0.9798
1
0.001
0.054
1
0
0
0
0
0
1
0
0.998
0.9932
0
0
1
1
0.9606
0
0
0.9998
0
0
0
1
0
4e-04
0
0
0
0
0
0
1
0.4696
0.6042
0
0
0
0.7228
0
0
0
0
0
0
0
0
0
0
0
0.9988
0
0
0
1
0
1
0
0
0
0
0
0
0
1
1
0
1
0
2e-04
0.9976
0
0
0
0
0
0.0016
0
0
0
0
0
0
0.9954
0
1
0
0.9998
0
0
0
0
0.0084
0
2e-04
0
0
0
1
1
0
1
1
0
0.9978
0
1
0
1
0
1
0
0.0094
1
1
0
0
0
0
0
0
0
0
0
1
0.0094
0
0
0
0.0016
0.0072
0
0
0
0
0
0.598
0
2e-04
1
1
1
0
0.0018
0
1
0
0
0
4e-04
0.0014
0
0
0
2e-04
0
0
0.001
0
0
1
1
0
0
0
0.8938
0
0
0.1084
4e-04
0
0
0
0
0
0
1
0.989
0
0
0
0.9964
0.9998
0
0
1
0
1
8e-04
0
0
0
0.9996
0
0
0
0
1
0
0
0
1
0
0
0
0
1
0
1
0
1
0
1
1
1
0
1
0
0
0
1
0
0
0
1
0.0036
1
0
0
1
0.0012
0
0
1
0.1936
0
0
0
1
0.9998
0
0
1
0
0
0
0
0
0
1
0
0
0.4072
2e-04
1
0
1
1
0.9982
0
0.9984
0
1
1
0
0
0
0
0
0.015
1
0
0
0.0036
1
0
0
0
1
1
0
0
0
1
0
0.9882
0
0
0
0
0
0.0104
0.0244
1
0
0
0
0
0
0
0
0
0.0012
0
0.0074
0
0.0356
0
0
0
1
0
0
0.0616
0
4e-04
0
0.9994
0
0
0
0
1
0
0
1
0.2124
0
0
0
0
1
0
1
0.9996
0
1
0
0
0
0
0
0
0
0
0
0
1
0
1
0
0
0
0
0
0
0
0
0.8142
0
0
0
0
0
1
1
0
0
0
2e-04
0
0
1
0
0
0
0
0
1
0
0
0
0
1
0
0
0
0
0
0
0.0232
1
0
0
1
0
0
0
0
0
0.9622
0.6608
0
1
0
1
1
0
0
0
0
0
0
0
0
0
0.0016
0
0
0
1
0
2e-04
0
0
0
0
0
0
0
0
0.9992
0
0.9974
0.9912
0.987
0
0
0
0
1
1
0
0
2e-04
0
1
0
1
0
0
0.9998
0
0
1
0
0
0
0
0
0
0
0
0
0
1
0
0
0
1
0
1
1
1
1
0.9988
0
0
4e-04
0.5604
0
0
0.7532
0.9986
1
0
1
0
0.0458
0
0
0
0
0
0
0
0
0
0
0
1
1
0
0
8e-04
0.9958
1
0
0.002
0
0
0
1
1
1
0
0
0
0.9996
1
0
0
0
0
0
0
0
0
0.022
0
0
0
0
0
8e-04
0
0
0
0
0
0.023
0
1
0
1
0
0
0
0
0
0
0
0
0
0
0
1
1
1
0
0
0
0
0.0468
0
0
0
0
0
0.9998
0
1
0
0
0.9984
0
0
0.989
0
1
0
0
0
0.0796
0
1
0
0
0
0
0
0
1
0
0
0.9942
0
0
1
0
0
0
0
0
0
0
0
0
0
0
0
0
0.8338
0
0
0
0
0.923
0
0
0.02
0
0
0
0
0.0168
0
1
1
1
0
0.0146
1
0
0
0
0
0
0
0.0912
0
0
0
0.9996
0
0
0
0
0
0
2e-04
0.9746
1
0
0.0138
1
0
1
0
1
0
1
0
0.0344
0
0
0
0
0
0
1
0.9974
0
0.9994
0.0098
0
2e-04
0
0
1
0
0.9726
0
0.0504
0
0.0142
0.0614
0
0
0
1
0
0
0.365
0
0
0
0
0
0
0.5196
1
0
0
0
0
0
0
0
0
1
0
0
0
0
0.9958
0
0.9964
0.9992
1
0
0
0
0
0
0
0
0
1
0
0
1
0.0194
0
0
0
0
0
0.0652
1
0
0
0
0.0412
0
0
1
0
0
0
0.1224
0
1
0.9994
0
0
1
0
1
0
0
1
1
0
0
1
0
0
0
0
0
0
0
0
1
0.0518
0.0034
1
0
0
0
0
0.9766
0
0
0.177
0
0
0.0122
0
1
1
0
0
0
0
0
0
0
0.0136
0.9988
0
0.9998
1
0
0.027
0.9944
0
0
0
0
0
0
0
0
0
0
0
0
4e-04
0
0
4e-04
0
0
1
1
0
0
0
0
0
0
0
0
0
0
0
0
0
0.9998
0
0
0
0
0
0
0.998
0
0.994
1
0
0
0
0
0
0.5732
0
0
0
0
0.0276
0
0
0
1
1
0
0
0
0
0
0
1
0
0
0
0
0
0
0
0
0
1
0
1
0.9954
0.005
0
0
0.9996
1
0
0
0
0
0
0
0
0
1
0
0
0.001
0
0
0
1
0
0
0
0.004
0.9816
0
0.8718
0
0
0.91
1
0.0032
1
0
0
0
0
0.0142
0
0
0
0
0
0
0
0.0098
0
0
0
0
1
1
0
0
0
1
0
1
0
0
1
0.0016
0
0
1
0.9996
0
0
0
0.9946
0
1
0
6e-04
0
0
1
0
0
0
0
0
0.9998
0
1
0
0.9982
0.7416
0
1
0
1
0
0
0
0.201
0
0
2e-04
0
1
0
0
0
0
1
0
1
1
1
0
0
1
0
1
1
1
0
0
0
0
1
0
0
1
2e-04
0
1
0
0
0.9994
0.0026
0
1
0
0
0.999
0
0
0
0
0
0
0
0
1
0
0
0.2212
0
8e-04
0
1
1
0
0
0
0.9988
0
0
0
0
1
8e-04
0
0
0
0.4486
0
0
0
0
2e-04
1
0
0
0.9998
1
0
0
0
0
0.9594
0
0.9996
0
0.9996
1
0
0
0
0
0
0
0
0.005
0
0
0
0
1
0
0
0.0024
0
0
2e-04
0.9872
1
0
1
0
0
0
1
0
0
0
0.011
0
2e-04
0.471
2e-04
0.851
0
0
0.0014
0
0
1
0.997
4e-04
0.8198
0
0
0
1
0.9998
0
0
0
0
0
0
0.0168
0
0
0
0
1
0
0
0
0
0.0068
0
1
0
0
0
0
0
0
1
0
0
0
0
0
1
0
1
0.9752
0
0
1
0
0
0
0
0
0
2e-04
0.9942
1
0
1
0
1
0
1
0
0
0
1
0
0.9568
1
0
0
1
0
1
1
0
6e-04
1
0
0
1
0
0.9998
0.9992
0
0
1
0
1
0.4996
0
0
0
0
0
0
0
0
0
0
0
1
0
1
0
0
0
0
0
0
0
0
0
1
0
0
0
0
1
0
1
1
0
0
0
0
0
0.63
0
0
1
2e-04
0
0
0
0
0
0
0
0
1
0
0
0
0
0
1
0
