0.897
0
0.9504
0
0
0.9824
0.9632
0
0
0
0.9632
0.0628
0.9968
0.9814
0.995
0.9814
0
0.9988
0.9572
0
0.9834
0.9956
0.9984
0
0
0.907
0.9966
0.9772
0.6082
0.9542
0
0.008
0.9862
0.9924
0.9634
0.9984
0.9884
0
0.9956
0.9586
0.9904
0.992
0.9944
0.4272
0.9948
0.9962
0
0.9654
0.9918
0.9932
0.9784
0.9826
0
0.9966
0.9982
0
0.984
0.997
0.4024
0.9982
0.9964
0.8302
0.9936
0.9244
0.8406
0
0.9984
0.9708
0
0.9954
0.991
0.995
0.9798
0.9728
0.9968
0.8622
0
0
0.9716
0.9952
0.9958
0.9922
0
0.9612
0.9818
0.9816
0.9538
0.981
0.869
0.997
0.9958
0.9952
0
0.9638
0.9948
0.987
0.9894
0
0.992
0
0.9968
0
0
0.99
0.9966
0.9794
0
0.008
0
0.997
0
0.9964
0
0.9982
0.995
0
0.9948
0.0086
0.9806
0
0.9946
0
0.5622
0.8534
0.9962
0.9856
0.9844
0
0.9972
0.9858
0
0.9736
0
0.0012
0.9978
0
0.99
0.9978
0.9912
0.9128
0.9926
0.9804
0.9794
0.9976
0.9808
0
0.9654
0
0
0
0.9948
0.9808
0.0062
0
0.5702
0
0
0.9958
0
0.9932
0.985
0.9826
0.9806
0
0.8768
0.9896
0.9772
0.9962
0.988
0.9762
0.9194
0
0.9778
0
0
0.9936
0.9874
0.994
0
0.9918
0
0.9918
0.9888
0
0
0.9618
0
0.9668
0
0.9922
0.9892
0.9748
0.9976
0
0.9738
0.9954
0.991
0.9034
0.9948
0.985
0.995
0.6596
0.9506
0.0506
0.3598
0.4316
0.2618
0.9942
0.0226
0.9886
0.4848
0.9458
0.9986
0
0.9956
0
0
0.9828
0.9928
0.9794
0
0.9892
0.5202
0
0.9982
0.7708
0.989
0.9922
2e-04
0.985
0.905
0.9918
0
0.9982
0.9494
0.989
0.9868
0.9966
0.9682
0.9974
0.9696
0.9758
0.9848
0.0378
0
6e-04
0.9892
0.9954
0.9934
0.9776
0.9976
0.9816
0.951
0.984
0
2e-04
0.9938
0.9942
0.9928
0.9954
0.9862
0.991
0.276
0.9582
0
0.9134
0.9862
0.9954
0.9886
0.9984
0.9928
0.9798
0.9174
0.9814
0.9928
0.5924
0.9956
0
0.9908
0
0.9996
0.9698
0
0.993
0.966
0
0.0722
0
0.9946
0.8004
0.0462
0.9926
0.9888
0.993
0.8242
0.0028
0.998
0.9924
0
0.876
0.9938
0.9258
0
0.974
0
0
0.9984
0.9468
0
0
0.9902
0.992
0.6992
0
0.9978
0.9972
0.2394
0.6322
0.9912
0
0.955
0.963
0.8822
0.9762
0.978
0.9984
0.0168
0.9924
0.9336
0.964
0.8932
0.0032
0
0.9402
0.9966
0
0.9932
0.9894
0.9488
0.9942
0.9918
0
0
0.982
0.9932
0.18
0.9904
0
0.9384
0.9422
0.9924
0.9918
0.9526
0
0.5248
0
0
0.9946
0.7752
0.9614
0
0.9956
0.9786
0.9644
0.018
0.9804
0.988
0.9836
0.993
0.9962
0.311
0
2e-04
0.9968
0.8974
0.9912
0.9958
0.9968
0
0.9818
0.9944
0.9756
0
0.9082
0.5114
0
0.9948
0.9828
0.984
0.988
0.995
0.9936
0.9956
0
0.9732
0.9918
0.9922
0.9902
0.8248
0
0.9952
0.9954
0.9916
0.983
0.9924
0.981
0.989
0.9968
0.9882
0.9916
0.9866
0
0.8434
0.994
0.9962
0.9982
0.9948
0.7122
0.9028
0.9298
0.9978
0.9976
0.9956
0.9954
0.9982
0.1098
0
0
0.9958
0.9946
0.996
0
0.9914
0.9818
0
0.9746
0.9104
0.9964
0.998
0.9964
0.991
0.9776
0.986
0.996
0
0
0.9486
0.995
0.1018
0.9884
0.874
0
0.9776
0.1152
0.9976
0.9832
0
0.992
0.9092
0.9668
0
0.9786
0.9908
0
0
0.9772
0.217
0.817
0.9912
0.9956
0
0.997
0.9748
0.99
0.9426
0.9954
0.9936
0
0.9984
0.9964
0
0.9684
0.9506
0.9972
0.9904
0.162
0.9946
0.2058
0.994
0.9954
0
0.9964
0.937
0.9706
0.9984
0.9992
0.9682
0.9936
0.9828
0.9944
0.999
0
0.941
0.4664
0.9882
0.9942
0.991
0.9942
0.9948
0.9858
0.998
0.9754
0.993
0.9928
0
0.9956
0
0.9962
0.9978
0.9748
0.9628
0.9968
0.996
0.9926
0.9562
0.946
0.9932
0.9976
0.9158
0.097
0
0.9916
0
0.0034
0.9944
0.9908
0
0.9966
0.3356
0.9982
0.0278
0.9856
0.9984
0.9132
0.9986
0
0.0318
0.997
0.9948
0.9942
0.8974
0.9942
0.9862
0.9856
0.9928
0.9972
0.9954
0.9522
0.9978
0.9822
0.972
0.9976
0.9934
0.9862
0.9908
0.9928
0.9496
0.9914
0.9838
0.9756
0.9926
0.038
0.9894
0.9974
0.9782
0.9704
0.996
0
0.9976
0.2078
0.9946
0.9954
0.9826
0.9974
0.9766
0
0.996
0
0.9932
0
0.9896
0.9958
0.9968
0.997
0.9962
0.9952
0.999
0
0.993
0.9934
0
0.99
