0.5328
0.004
0
0.973
1
0.978
0.0266
0.008
0.8832
0.9986
0.0344
0.003
1
0.9994
0.0086
0.1058
0.0446
0.0084
0.0156
1
0.9676
0
1
0.9408
0.0186
0.9998
0.007
0.9784
0.9998
0.2666
0.5702
0.0108
0.92
0.1028
0.58
1
0.2198
0.9966
8e-04
0.9782
1
1
0.037
0.9984
2e-04
0.049
0.0056
1
0.8486
0.1398
0.9998
2e-04
1
0.9306
0.003
0
0.0094
0.34
0.9938
0.0122
0.0054
0
1
0.9996
0.9998
0.59
0.9982
0.9994
0.001
0.0538
0.9828
0.9926
0.004
2e-04
0.9994
0.0246
1
2e-04
0.9994
0.5028
0.3142
0.9998
0.0014
4e-04
0
0.9952
2e-04
0.994
1
0.0016
0.9964
0.9996
1
0.9998
0.0016
0.9932
0
0.9998
0.9748
0.999
0.0842
0.0348
0.0156
0.0418
0.1852
0
1
0
0.0054
0.012
2e-04
0
1
1
0.0126
0
2e-04
1
0.999
0.9374
0.9992
0
1
0.2212
0.8644
1
0.0016
0.042
0.8318
0.9304
0.9998
0.9962
1
0.0016
0.933
0.999
0.0082
0.9998
0.129
0.1266
0.0252
1
0.999
4e-04
0.9688
1
0.995
0.9992
0.2696
0.9746
0.022
0.9996
4e-04
0.4892
0.0024
0.9922
0.7706
0.9978
0.01
0.0076
0.9992
1
1
0.001
6e-04
1
0.0182
0.0886
0.3584
0.9884
0.9182
1
0.9556
0
0.1918
0.1276
0.0774
0
0.0252
0.0226
0.0042
0.9998
1
0.0056
0.2454
0.0104
0.9822
0.9638
0.4396
0.9998
0.9998
1
0.9994
0.5588
0
0
0
0.73
0.9812
0.9988
0.0012
0
0.9466
0.9022
1
0.0118
1
0.0026
0.9576
0.788
0.0402
0.9162
0.005
0.4522
0.3002
0
0
0.9998
0.9652
0.273
0.0042
0.0086
0.6128
0.998
0
0.4354
4e-04
0.9858
1
0.9908
1
0
0.0012
0.662
0.0182
0.9944
0
0.001
0.011
0.933
0
0.9696
0.9998
0
0.0054
0.0014
1
0.7736
0.84
0.9998
1
0.9996
0.0028
0.987
0
8e-04
0.9758
0.9984
0.0028
2e-04
0.7822
0
0.9746
0.002
0.055
0.029
0.9804
1
0.0202
0
0.9998
0.9988
2e-04
0.9174
0.8844
0.0114
1
0.001
0.858
0.9452
0.952
0.0018
1
0.6156
0.9714
2e-04
0.0034
0.957
0
0.9928
0.3528
0.0344
0.9996
0.9562
0.9998
0.9746
0
1
0.062
0.939
0
0.066
0.0304
0.9346
0.0202
0.2252
0.9998
0.0152
4e-04
0.1156
0.919
0.9384
0.013
0.0222
0.0014
0.5068
0.9994
0.0034
1
0.9994
0.0536
1
0.0722
0.9768
0.9996
0.9982
0.1266
0.7884
0.029
1
0.4274
0.9994
0.0134
0.5764
0.0064
0.9998
0.9992
8e-04
0.078
0.3662
0.1746
1
0.0706
0.0326
0.004
0.8776
0.0152
0.9906
0.0212
0.9962
1
0.9998
1
0.0018
0.007
0.9978
1
4e-04
8e-04
0.0066
0.9768
0.9722
2e-04
1
0.0078
0.0442
0.0036
0.9982
0.0016
2e-04
0.9984
0.9996
0.1284
0.02
0.9998
0.0656
0.7898
0.0108
0.0848
0
0.6438
0.0174
0.9984
0.9992
0
0.9998
0.0046
0.8946
1
1
0.9994
0.0014
0.9884
0.9898
0.9744
0
0.029
0.9002
0.9954
0.9972
0.9426
0.075
4e-04
0.0172
0.2814
0
0.9996
1
0.0012
0.999
0.0638
0.0026
0.6798
1
0.1922
0.0032
0.0072
0.0034
0.9986
0.999
1
1
0.9962
1
2e-04
0
0
0.9958
1
4e-04
1
0
0.0618
0.9986
0.0034
0
0.0152
0.9976
4e-04
0.9976
0.002
6e-04
0.0708
0.0064
0.0142
0.027
4e-04
0.0854
0.0018
0.7774
0.003
0.9956
0.9972
0.2302
0
0.9896
0.9982
0.209
0.9998
1
0.0246
0.9328
0
0.0046
0
0.9998
0
0.014
2e-04
0.9992
0.9944
0.9992
2e-04
8e-04
1
0.9258
0.999
0.002
1
0.0042
0.001
1
0.001
0.0346
0.1788
0.0898
2e-04
6e-04
0.0012
0.0244
0.0568
0.9788
0.9472
0
0
0.004
0.001
0.9736
2e-04
0
0
0.0028
0.9634
0.1892
0.9936
0.0016
0
0.0018
0.004
0.4644
0.048
0.2156
0.7998
0.966
6e-04
0.013
0.9946
0.0056
0.9998
0.9988
0.9998
0.4034
6e-04
0.8974
2e-04
0.0314
0.819
0.0596
2e-04
1
0.0024
0.9994
0.0036
0.8368
0.975
1
0.0082
0.9424
0.995
0.9852
0.5368
0.8054
0.9998
0.0022
0.0106
0.0056
0.9314
0.0916
0.0412
0.015
0.8842
0.858
0.9506
0.4098
0.001
1
1
0
0.9994
0.6906
0.767
0.6864
0.0064
0.3394
0.9066
0.99
0.05
0
1
0.721
0.9984
0.986
6e-04
0.9876
6e-04
1
0.1838
0.001
0.0022
1
0.9994
0.008
0.0614
0.9766
0.998
0.6564
0.0346
0.0074
0.0014
0.0148
1
0.0014
6e-04
0.0472
4e-04
1
2e-04
0.001
0.9996
1
0.9982
0
0
0.696
0.9978
0.9976
0.0868
2e-04
0.1186
0.0114
0
0.6774
0.0036
0.0034
0.0014
0.9906
0
0.747
0.5814
2e-04
0.0014
0.0248
0.0914
0.2138
0.0054
0.1036
0.9998
0
0.9994
0.0612
0.3924
0.064
0.002
0.3342
0.3558
0.0322
0.9988
0.001
0.0078
0.9404
1
0.4386
0.9948
0.5284
1
1
0
2e-04
0.001
0.4466
0.0032
0.0528
0
4e-04
1
0.9516
0.9994
0.0138
0.0026
0.6402
0.9202
0.9998
0.0014
0.0798
2e-04
0.9432
0.989
0.9884
0.3862
0.014
0.918
0
0.9996
0.109
0.9962
2e-04
0.998
0.0922
0.0076
1
1
0.015
0.0012
0.0052
0.2334
0.0192
0.9992
0.072
0.9892
0
2e-04
0.906
0.8144
0
0.995
0.9996
1
0.0026
1
0.1262
0.9858
0.7888
1
0.9604
0.893
0.0538
6e-04
0.029
1
0.0046
4e-04
4e-04
4e-04
0
0.0142
0.0052
1
0.004
0.9998
0.9998
0.3552
1
0.0518
0
1
0.8696
4e-04
0.999
1
0
0.9914
0.9996
0.0142
0.9992
0.999
0.3652
0.9838
0.8042
0.005
0.6054
0.9958
0.524
0.0108
0.0116
0.356
0.8432
0.0014
0.995
0.4926
4e-04
6e-04
0
0
0.0188
2e-04
