0.2054
0.9086
0.4452
0.8566
0.819
0.001
0.1182
0.8556
0.9174
0.0226
0
0.9058
4e-04
0.034
8e-04
0.0504
0.9094
0
0.0268
0.9388
0.0552
0.0046
2e-04
0.9462
0.524
0.3896
4e-04
0.077
0.736
0.1128
0.9246
0.3184
4e-04
0.0012
0.1706
2e-04
0.0178
0.0436
0.0014
0.2948
0.0074
0.0058
0.0016
0.291
2e-04
8e-04
0.9082
0.2428
0.004
6e-04
0.1104
0.064
0.888
8e-04
0
0.9214
0.0294
4e-04
0.4748
8e-04
0.0018
0.8136
8e-04
0.5496
0.9082
0.9414
0
0.0054
0.9154
4e-04
0.0012
8e-04
0.0564
0.0346
4e-04
0.8456
0.1796
0.3726
0.0478
0.0012
2e-04
0.0016
0.7562
0.432
0.0388
0.062
0.0518
0.086
0.764
0
6e-04
4e-04
0.9246
0.348
4e-04
0.0012
0.0038
0.9374
0.0034
0.9402
2e-04
0.9412
0.9342
0.0102
4e-04
0.0248
0.8702
0.0034
0.8604
2e-04
0.9248
0.001
0.8942
6e-04
4e-04
0.9302
0.0026
0.681
0.0208
0.9084
0.0014
0.9486
0.2192
0.8422
0.0018
0.0032
6e-04
0.9394
0
0.0016
0.4042
0.0018
0.9368
0.9192
4e-04
0.9026
0
0
0.0094
0.688
6e-04
0.0082
0.0208
8e-04
0.053
0.9396
0.3344
0.9032
0.9346
0.931
2e-04
0.0306
0.806
0.9384
0.9028
0.9342
0.9196
0.001
0.9142
0.0052
0.0832
0.0304
0.0616
0.9126
0.8498
0.0092
0.093
8e-04
0.012
0.114
0.5222
0.9296
0.0486
0.8828
0.9174
0.0028
0.0168
0.0018
0.0224
8e-04
0.9296
0.0166
0.011
0.9288
0.9078
0.067
0.0064
0.3
0.9104
0.005
0.008
0.1176
4e-04
0.8698
0.155
4e-04
0.0098
0.7262
0.0018
0.0236
0.0016
0.0458
0.2066
2e-04
0.0028
0.7256
0.9044
0.002
0.007
0.0074
0.8062
0.0566
0
0.7012
4e-04
0.7106
0.3078
0.0332
0.0066
0
0.0572
0.011
0.8572
0.7234
0
4e-04
0.005
0.0084
0.002
0.0454
0.6984
4e-04
0.8472
2e-04
0.5942
0.0192
0.0044
6e-04
0.1344
0.0018
0.107
0.0676
0.0434
0.0104
0.9238
0.4148
0
0
0.017
0.0412
4e-04
0.0328
0.1608
0.0012
0.021
0.9262
0.0108
6e-04
0.0096
0.0012
0.0132
0.0174
2e-04
0.224
0.915
0.0662
0.0042
2e-04
0.0184
4e-04
0.0052
0.0758
0.7928
0.029
0.0024
0.1208
6e-04
0.018
0.005
0.9188
2e-04
0.244
0.9174
0.0038
0.0032
0.9354
4e-04
0.0418
0.0024
0.907
8e-04
0.0052
0.017
6e-04
0.0016
0.0872
2e-04
0.0058
0.9346
0.4188
0.0028
0.0032
0.0112
0.0196
0.9098
0.901
0
0.0022
0.8758
0.8544
0.0024
0.0038
0.788
0.9058
4e-04
2e-04
0.0012
0.0096
0.0052
0.9152
0.1118
0.0808
0.4366
0.0506
0.0952
0
0.6842
0.0122
0.0138
0.3058
0.683
0.0036
0.9384
0.3186
0
0.2762
0.0018
0.0072
0.106
0.0014
0.0012
0.9298
0.8758
2e-04
6e-04
0.0042
0.005
0.4634
0.4532
0.1772
0.002
0.0056
0.2554
0.0278
0.7398
0.9182
0.8708
0.002
0.8714
0.2238
0.6692
2e-04
0.0382
0.1716
0.0284
0.1222
0.0216
0.0256
2e-04
4e-04
8e-04
0.001
0.6842
0.0012
0.6104
0.016
4e-04
4e-04
0.0744
0.166
0.0018
0.0598
0.901
0.4676
0.094
0.3172
0.001
0.0298
0.0158
0.0144
4e-04
0.0014
4e-04
0.0158
0.1194
0.0062
0.011
0.0156
0.0034
0.4644
2e-04
4e-04
0.008
0.0218
0.0034
0.0916
0.0142
0
0.0154
0.0058
0.0234
0.0182
0.9086
4e-04
2e-04
0
0.0022
0.8998
0.4778
0.5514
0
0
0.001
0.0078
4e-04
0.001
0.5902
0.5034
0
0.0016
0.002
0.156
0.0026
0.0022
0.864
4e-04
0.004
4e-04
2e-04
6e-04
0.0084
0.0836
0.0342
0.001
0.8528
0.9018
0.3778
0
0.003
0.0084
0.8258
0.9318
0.0822
0.0078
2e-04
0.0214
0.6218
0.0048
0.6046
0.2438
0.9068
0.0366
0.0118
0.898
0.0774
0.086
0.0046
0.0032
0.0018
0.0028
0.8804
8e-04
0.0366
0.0208
0.3244
4e-04
0.001
0.9198
0
8e-04
0.9336
2e-04
0.4526
2e-04
0.0212
0.918
0.002
2e-04
0.0018
4e-04
2e-04
2e-04
0.018
0.0948
0
0
0.0924
0.0058
0.0158
4e-04
0
0.9364
0.3764
0.0024
0.0136
0.0012
0.0142
0.0034
0.0014
0.0364
0
0.1194
0.0056
0.007
0.0096
0.0018
0.9216
0.001
0
0
0.0828
0
0.0024
0.004
0.6656
0.0692
0.0018
0
0.401
0
0.0452
0.0028
0.5116
0.6182
0.0014
0.007
0.012
6e-04
0
2e-04
0.9116
0.0012
2e-04
0.6544
4e-04
0.0512
0
0
0.001
4e-04
0.111
8e-04
0.0504
0.0022
8e-04
0
4e-04
0.2684
6e-04
2e-04
0.0714
4e-04
0.0056
0.049
0.011
2e-04
0.287
0.009
0.0478
0.0098
0.0018
4e-04
0.0152
2e-04
0.1218
0.1002
2e-04
0.013
8e-04
8e-04
0
0.0022
0.0574
6e-04
0.0244
0.8532
6e-04
0.65
0.002
0.916
0.0128
4e-04
4e-04
6e-04
4e-04
6e-04
4e-04
0.1232
0.0014
0
0.5374
0.0016
