0.594
0.9966
0.996
0.9938
0.9966
0.9896
0
0.9234
0.9216
0.9878
0.9888
0
0.8252
0
0.9976
0.9752
0.9982
0.9976
0.992
0
0.9988
0
0.9994
0.999
0.994
1
0.9992
0
0.9982
0.9876
0.9994
0.7842
0
0.9692
0.9988
0.9984
0.9964
0.9982
0.3372
0.998
0.998
0.9994
0.9998
0.9766
0.0082
0.9856
0.9984
0.9986
0
0.9968
0.999
0.9986
0.9998
0.9966
0.9958
0.9994
0.9986
0.9994
0.9958
0.9992
0.9992
0.9976
0.9978
0.9942
0.999
0.9948
0.9704
0.8026
0
0.9986
0.9984
0.9874
0.9988
0
0.9994
0.9966
0.9972
0.9994
0.9952
0.9976
0.991
0.998
0.0114
0.9994
0.975
0.994
0.9898
0.999
0.999
0.9982
0.9844
0.001
0.9988
0.9984
0.9924
0.9864
0.9972
0.99
0.996
0.983
0.9912
0.0176
0.9988
0
0.002
0.9982
0.9992
0.9988
0.9954
0.9968
0.0308
0.9366
0.9996
0.9932
0.9992
0.9998
0.9942
0.0232
0.995
0.9932
0.9308
0.0014
0
0.9982
0.997
0.9968
0.9978
0.9984
0.9784
0.9974
0
0.0026
0.998
0.9984
0.9988
0.9938
0.9978
0.9986
8e-04
0.9964
0.9916
0.9988
0.9962
0
0.9792
0.9956
0.9982
0.9986
0.9936
0.9742
0
0.9954
0.9944
0.9978
0.0014
0
0.9894
0.985
0.9996
0.975
0.0022
0.9976
0.9856
0.9986
0.9952
0.9986
0.9962
2e-04
0.9724
6e-04
0.9694
0.993
0.9666
0.9792
0.9774
0.002
0.9844
0.0254
0.9524
0.9826
0.957
0.9426
0.9972
0.9882
0
0.9998
0.9934
0.8578
0.9724
0.5882
0.9972
4e-04
0.9854
0
0.9846
0
0.9576
0.9992
0.999
0.9576
0.9948
0
0.995
0.9962
0.9974
0.9758
0.003
0.9776
0.9538
0
0.997
0.9608
0.9808
0.9796
0
0.805
4e-04
0.99
0.9618
0.9956
2e-04
0.9206
0.946
0.9778
0
0.9632
0.019
0.9486
0.9792
0.9346
0.0336
2e-04
