0.087
0.0126
0.015
1
0.0168
0.0296
0.0136
0.0192
0.012
1
0.012
0.0104
0.0196
0.0646
0.0102
0.0156
0.0434
0.0158
0.0346
0.0172
0.012
1
0.0152
0.0162
0.021
0.0118
1
0.0444
0.0198
0.0338
0.0126
0.0114
0.0122
0.0132
1
0.029
0.014
0.0842
0.03
0.0164
0.0212
0.0192
0.0098
0.0136
0.0114
0.0134
0.0122
0.0388
0.8324
0.0166
0.0144
0.0108
0.0464
0.0116
0.0138
0.0096
0.8318
0.0112
0.015
0.0142
0.0112
0.012
0.011
0.0148
0.0136
0.0344
0.0144
0.0114
0.3136
0.0164
0.011
0.0148
0.02
0.0458
0.012
0.029
0.0334
0.0146
0.0128
0.0094
0.0132
0.1494
0.0188
1
0.016
0.038
0.0328
0.011
0.0148
0.013
0.0334
0.0366
0.014
0.014
0.192
0.0434
0.0208
0.0224
0.0116
0.0128
0.0278
0.0178
0.0172
0.0142
0.0146
0.0114
0.0148
0.0098
0.0312
0.0298
0.0156
0.026
0.0208
0.0324
0.012
0.0162
0.0178
0.012
0.0146
0.0144
0.014
0.0146
0.0114
0.0486
0.0112
0.012
0.0104
1
0.0366
1
0.4528
0.0144
1
0.0138
0.0106
0.0106
0.021
0.0216
0.0114
0.0254
0.0202
0.0198
0.2534
0.0256
0.0216
0.0222
0.0116
0.0098
0.0206
0.0088
0.0102
0.0148
1
0.0118
0.0388
0.0438
0.0648
0.0238
0.0118
0.0236
0.0148
1
0.0174
1
0.0114
0.0112
0.0124
0.0164
0.0166
0.033
1
0.108
1
1
0.0342
0.0096
0.0148
0.0146
0.0608
0.0182
0.0188
0.0368
0.0146
1
0.0272
0.0328
0.0102
1
0.0158
0.0116
0.0192
0.0434
0.013
0.029
1
0.0306
0.0126
0.027
0.0394
0.03
0.0244
0.0366
0.8738
0.0116
0.0182
0.0132
0.019
0.0176
0.0182
0.013
1
0.0114
0.0304
0.0118
0.0188
0.0142
0.017
0.017
0.0226
1
0.0204
1
0.0118
1
0.0102
0.027
0.0138
1
0.0298
0.0272
0.011
0.0284
0.0264
0.0128
0.0264
0.024
0.0296
0.0122
0.017
0.0274
0.0314
0.056
0.036
0.013
0.016
0.0138
0.0142
0.0134
0.0096
0.017
0.132
1
0.0922
0.0168
0.0306
0.8242
0.04
0.0382
0.0158
0.0312
0.0218
0.0142
0.0124
0.0138
0.0152
0.0524
0.028
0.0122
0.0178
0.031
0.0142
0.0222
0.0124
0.0212
0.032
0.0162
1
0.0154
1
0.0186
1
0.0164
0.0156
0.0224
1
0.021
0.0142
0.0124
0.01
0.011
1
0.0164
0.126
0.1554
0.027
1
0.0416
0.0174
0.037
0.0548
0.0142
0.0304
1
1
0.0096
0.0364
0.0136
0.0734
0.0194
0.0262
0.016
1
0.0116
0.0132
0.0228
0.0164
0.016
0.0234
0.0164
0.021
0.0994
0.0354
0.0232
0.0134
0.0126
0.0922
0.0208
0.0244
0.0306
0.0144
0.0132
0.1392
0.0186
0.0122
1
0.0344
0.0192
0.012
0.0094
0.0126
0.0602
0.0112
0.0276
0.0206
0.9998
0.0262
0.0182
0.0814
1
0.047
0.026
0.0114
0.013
0.013
0.03
0.0214
0.0234
0.03
0.0142
0.999
0.0142
0.0444
0.0144
0.0148
0.067
0.0224
0.0166
0.0228
1
0.0172
1
0.0374
0.3666
0.0166
1
0.0144
0.0328
0.0088
0.0128
0.015
0.0152
0.0266
0.0208
0.0102
0.0144
0.0122
1
0.0126
0.0208
0.0126
0.0362
0.9452
0.0134
0.0194
0.0084
0.0118
0.017
0.016
0.0202
0.0188
0.0102
0.0124
0.0156
0.0186
0.0134
0.026
1
0.0182
0.1382
0.0178
0.0148
0.0254
0.0094
0.854
0.0674
0.0124
0.0136
0.0346
0.9836
0.0176
0.0114
0.0128
0.1244
1
0.0096
0.0106
0.1186
0.0122
0.0204
0.025
0.01
0.0266
0.0312
0.0322
1
0.019
0.0234
1
0.0124
0.9992
0.015
0.011
0.0104
0.016
0.0186
0.018
0.0144
0.0102
0.0328
0.0132
0.0184
0.014
0.03
0.008
1
0.0668
0.0152
0.016
0.013
0.0126
0.0108
0.0158
0.013
0.0234
0.0134
0.0132
0.3978
0.0508
0.0144
0.0424
0.017
1
0.0426
0.0096
0.0126
0.023
0.0148
1
0.0148
0.0146
0.03
0.027
0.0268
0.043
0.0142
0.0122
0.018
0.0108
0.0334
0.3668
0.0118
0.0126
0.0142
0.0212
0.014
0.0132
1
0.0122
1
0.0272
0.0158
0.0156
0.0332
0.0138
0.011
0.0268
0.0142
0.0106
0.014
0.0248
0.03
0.0196
1
1
0.038
1
0.0288
0.0516
0.0636
0.021
0.06
0.041
0.0124
0.19
1
1
0.012
0.0176
0.029
0.0126
0.0272
0.0136
0.0226
0.0206
0.0146
0.0282
0.0442
0.0136
0.0222
0.0152
0.019
0.0276
0.1024
0.014
0.0152
0.9856
0.0208
1
0.0106
1
0.014
0.0136
0.1902
0.015
0.9764
0.0956
0.0334
0.0282
0.03
1
1
0.0124
0.0128
0.0094
0.0264
0.0126
1
0.022
0.025
0.0698
1
0.0268
0.0112
0.109
0.0284
0.0222
0.0174
0.0116
0.9398
0.0128
1
0.0232
0.0122
0.2746
0.0406
0.0102
0.0144
0.997
1
0.0096
0.0136
0.0118
0.0338
1
0.0164
0.1688
0.0904
0.0178
0.0148
0.0182
0.051
0.0176
0.0136
0.0214
1
0.0192
0.0368
0.0256
0.0122
0.0118
0.0158
0.0694
0.0176
0.0108
0.01
0.0774
0.0236
0.1076
0.0666
0.0144
1
0.0108
0.017
0.0316
0.6696
0.0126
0.0124
0.013
0.023
0.016
0.016
0.0118
0.5322
0.0276
0.028
0.0156
0.1074
0.0488
1
0.0232
0.0124
0.0174
0.0144
0.0614
0.0146
0.026
0.0166
0.011
0.0114
0.0132
0.0216
0.0856
1
0.0246
0.0186
0.0196
1
0.0344
0.2144
0.9094
0.012
0.0276
0.0316
0.6802
0.0248
0.0124
0.0168
0.021
0.0168
0.0446
0.0142
1
0.0136
0.0678
1
0.0126
1
0.0122
0.01
0.0114
1
0.0144
0.0152
0.0162
0.0158
0.0246
0.1222
0.0176
0.013
0.0104
0.0144
0.0102
1
0.0142
0.0144
1
0.0414
0.0098
0.016
0.0186
0.0122
0.0518
1
0.8878
0.0152
0.0156
0.0132
0.0258
0.0846
1
0.009
0.0192
0.0126
0.0234
0.021
0.2504
0.0142
0.0144
0.012
0.023
0.0274
0.1104
0.019
0.0198
0.1048
0.0134
0.0122
0.0156
0.1188
0.026
0.0194
0.0288
0.0556
0.0146
0.0296
0.0146
0.0118
0.073
1
0.0136
0.1006
0.1346
0.0168
0.1876
0.0236
0.0242
0.0136
0.0148
0.0182
0.0134
0.0132
0.0136
0.0096
0.0138
0.7466
0.0254
0.0316
0.0108
0.0138
0.0154
1
0.0126
0.0232
0.022
0.0208
0.996
0.1218
0.0654
0.0112
0.0158
0.0246
0.0156
0.0118
0.0332
0.9944
0.0088
0.0152
0.0116
0.0302
0.0568
0.0316
0.0112
0.026
0.0286
0.012
0.0128
0.0138
0.0274
1
0.0164
0.0148
0.0128
0.0304
0.0118
0.0316
0.016
0.0242
0.009
0.0126
0.0156
0.0118
0.0138
0.0174
0.9856
0.0354
0.0174
0.0126
1
0.0102
0.2324
1
0.012
0.011
0.0178
1
0.0104
0.0228
0.0088
1
0.0116
0.2454
0.8464
1
0.1078
0.9504
0.0118
1
0.018
0.0302
0.0132
0.0528
1
0.0886
0.0648
1
0.029
0.018
0.0414
0.0144
0.025
0.0754
0.0406
0.051
1
1
0.0252
0.011
0.0118
0.0158
1
0.0906
0.047
0.071
0.0378
0.0162
0.0608
0.0324
0.0466
0.87
0.02
0.9984
0.0116
0.0108
0.0196
0.0226
0.0152
0.0128
0.0548
0.08
1
1
0.011
0.0138
0.017
0.0302
0.0622
0.0126
0.0182
0.013
0.0124
0.0126
0.879
0.031
0.419
1
0.0154
0.012
0.0302
0.0114
0.0452
0.3806
0.108
0.6676
0.0128
0.0252
1
0.0344
0.0408
0.0288
0.0492
0.0188
0.0154
0.0172
0.0288
0.0126
0.9994
0.0112
0.9972
0.0136
0.9618
0.0206
0.0554
0.0164
0.0608
0.3696
0.017
0.0228
0.0424
0.0202
1
0.0194
0.0104
1
0.0104
0.0228
1
0.0114
0.0156
0.0296
0.0276
0.0136
0.2414
0.0626
0.0288
0.014
0.0146
0.0204
0.0152
0.0164
0.0142
0.0144
0.0142
0.1548
0.0126
0.3306
0.0146
0.0692
0.0128
1
0.0372
0.0112
1
0.024
0.0238
0.0166
0.0166
0.0112
0.0334
0.0944
0.1188
1
0.0138
0.0676
0.0214
1
0.2498
0.016
0.0154
0.0238
0.0356
0.0098
0.062
0.0658
0.0156
0.7034
1
1
0.0144
0.3038
0.0102
0.0168
0.016
0.0346
0.9742
0.4812
1
0.0144
0.0328
0.0148
0.193
0.4654
0.0224
0.0194
0.0224
0.0122
0.1352
0.0808
0.0584
0.0342
0.0364
0.0112
0.0186
1
0.0138
0.014
0.0542
0.0182
1
0.0148
0.0162
0.0396
0.0136
0.0128
0.0142
0.0106
0.0096
0.0154
0.0422
0.018
0.0778
0.0132
0.0256
0.0254
1
0.0156
0.0208
0.0164
0.0596
0.0196
1
0.0112
0.0128
1
0.026
0.0192
0.0164
0.015
0.008
1
0.0162
0.9956
1
0.0108
0.0158
0.0944
0.019
0.0712
0.0166
0.012
0.0116
1
0.0994
0.8598
0.0176
0.0228
0.0114
0.0102
1
0.0592
1
0.0166
0.0408
0.9998
0.0124
0.0128
0.014
0.0234
0.012
1
0.0358
0.0152
0.0104
0.0168
0.0132
0.0116
1
0.0166
1
0.0122
0.0114
0.0106
0.0102
0.0106
0.0216
0.1206
0.0142
0.017
0.0422
1
1
0.0718
0.0248
1
0.0172
1
0.0124
0.0106
1
0.0156
0.0146
0.0154
0.0174
0.0354
1
0.0172
0.1136
0.0392
1
0.0696
0.0358
0.026
0.019
0.0524
0.016
1
0.0148
0.012
0.0806
0.02
0.0502
0.0182
0.0186
0.0184
0.0112
0.0114
0.0356
0.0118
0.0122
1
0.0324
0.1182
0.0156
0.016
0.014
0.1482
0.0732
0.0328
0.0174
0.0296
0.0192
0.0454
0.8968
0.0192
0.0118
0.183
0.016
0.0114
1
0.0098
0.025
0.0172
0.0116
1
0.0484
0.1344
0.0212
0.0164
0.015
0.0134
0.0198
0.0162
0.6782
0.012
0.0144
0.0096
0.0212
0.0136
0.015
0.0206
0.0196
0.965
0.0146
0.022
0.0106
0.0696
0.0112
0.0174
0.0126
0.0126
0.0106
0.0094
0.0232
0.0166
0.0152
0.0196
0.0394
0.0098
0.0134
1
0.0156
0.2522
0.0288
1
0.0336
1
0.0846
0.014
0.0164
0.0106
0.0152
0.0894
0.0116
0.0388
0.9956
0.0364
0.0148
0.0632
0.0118
0.0164
0.0308
0.0148
0.0118
0.0448
0.0276
0.0136
0.9998
0.0296
0.303
0.023
1
0.1398
0.0104
0.0142
1
0.0646
1
1
0.0232
0.0142
0.0108
0.0184
0.0208
0.0168
0.022
0.0188
0.0254
1
0.0194
0.0254
0.0128
0.208
0.0128
1
0.0174
0.01
1
0.0416
0.0204
0.0182
1
0.0178
0.0236
0.0212
0.0126
0.0154
0.0118
0.0194
0.043
0.1528
0.0752
0.0202
0.109
0.0232
0.0136
0.015
0.0184
0.0126
0.0274
0.0172
0.9984
1
0.0188
0.0158
0.0334
0.8096
0.214
1
0.7842
0.0266
0.0182
0.9894
0.0526
0.0178
1
0.0284
0.0278
0.0204
0.0196
0.0376
0.0164
0.02
0.02
1
0.0124
0.011
0.0142
0.9916
1
0.0178
0.0114
0.466
1
0.0268
1
0.0148
0.0134
1
1
0.378
0.0438
0.0276
0.0224
0.0136
0.0172
0.0266
0.0184
0.032
1
1
1
0.012
0.013
0.016
0.2024
0.0146
0.0142
0.032
0.0132
1
0.0102
0.0182
0.0142
0.0134
0.6178
0.0358
0.0468
0.0116
0.0604
0.0126
0.0138
0.1716
0.0124
0.0292
0.0098
0.0466
0.0268
0.0138
0.0182
0.0254
0.787
0.0118
0.1046
0.9604
1
0.017
0.0132
0.0364
1
0.0142
0.0138
1
0.0178
1
0.0116
0.0126
1
0.0158
0.0702
0.0198
0.032
0.0178
0.9682
0.0238
1
0.7076
0.1292
0.6658
1
1
0.0192
0.0122
0.0142
0.0158
0.0232
0.0124
0.0174
0.0148
1
0.026
0.0208
0.0254
1
0.011
0.013
0.0144
1
0.0458
0.0172
0.2244
0.0116
0.0338
0.0142
0.0264
1
0.0656
0.0378
0.0242
0.0206
0.039
0.027
0.0414
0.0114
0.7704
1
0.9822
0.0166
0.0124
0.2824
0.011
0.0162
0.028
0.6232
0.02
0.0472
0.3886
0.0162
0.055
0.1246
0.0202
0.0196
0.0168
0.0278
0.0136
0.0206
0.0118
0.0212
0.4904
0.968
0.117
0.0128
1
0.0114
0.0198
0.0178
0.044
0.014
0.0168
0.3986
0.0114
0.0144
0.0164
0.0162
1
0.0154
0.0142
1
0.0126
0.014
0.0146
0.03
0.036
0.0168
0.021
0.036
0.0162
0.0108
0.0118
0.9176
0.013
0.0188
1
0.0122
0.0222
0.0238
0.009
0.1496
0.0654
0.0184
0.0188
0.0128
0.9972
0.0682
0.0114
0.0132
0.0146
0.0116
1
0.0132
0.0236
0.0178
0.0202
0.016
0.0564
0.0222
0.1306
0.0134
0.029
1
0.0958
0.0164
0.831
0.011
0.1854
1
0.1068
1
0.0198
0.009
0.033
0.0374
0.0126
0.0134
1
0.0156
0.0216
0.0126
0.0162
0.0124
0.0136
0.147
0.0126
0.0132
0.0192
0.0136
0.0816
0.0128
0.0138
0.0096
0.9992
0.018
0.0122
1
0.0196
0.0112
0.0118
1
0.015
0.0216
0.0144
0.0308
0.0116
0.0368
0.0162
0.986
0.999
0.8796
0.9912
0.0344
0.026
0.0122
0.016
0.012
0.0924
0.0226
0.0626
0.036
0.0164
0.0128
0.029
0.0158
0.012
0.015
0.0272
0.011
0.1522
0.0176
0.02
0.0154
0.0176
0.0222
0.016
0.013
0.0176
0.0204
0.0184
0.0192
0.0222
0.0104
0.0234
0.0132
0.017
0.0124
0.0252
0.0154
0.0102
0.015
1
0.0106
0.0086
0.0162
0.0276
0.0126
0.0442
0.0168
0.0476
1
0.3658
0.0536
0.0144
0.0122
0.0106
0.0128
0.0336
0.483
0.0116
0.0164
0.012
0.0168
0.939
1
0.0242
0.012
0.5884
1
0.012
0.0196
0.0296
0.0142
0.0276
0.0124
0.0146
0.0148
0.0308
1
0.0204
0.0092
0.0188
0.0356
0.037
0.0116
0.0112
0.0436
0.047
0.0134
0.0704
0.0402
0.0412
0.02
0.065
0.0114
0.0172
0.0156
0.0234
0.013
0.015
0.0312
0.0136
0.0126
0.0156
0.949
0.0172
0.0496
0.031
0.018
0.053
0.009
0.0176
0.0182
0.02
0.011
0.029
0.0152
0.033
1
0.032
0.0104
0.0112
0.0276
0.012
0.0228
0.01
0.0112
0.9996
0.5216
0.0456
0.8834
0.0198
0.9994
0.009
0.0228
0.38
0.1132
0.024
0.3384
0.0138
0.0116
0.0156
0.0416
0.0132
0.1034
0.0136
0.0152
0.0386
0.0132
0.0134
0.0108
0.0174
0.0184
1
0.0344
0.0136
0.0108
0.0114
0.029
0.018
0.3082
0.0248
0.0184
0.0274
0.0338
0.02
0.025
1
0.014
0.0488
0.0144
1
0.0144
0.0172
0.0304
0.0134
0.0244
0.0118
0.013
1
0.0314
0.0304
1
0.0138
0.014
0.018
0.0218
0.0342
0.0266
0.0156
0.0174
0.013
0.0104
0.0158
0.0328
0.0108
0.0246
0.0214
0.0226
0.017
0.0148
0.0864
1
0.0396
0.0126
0.0456
0.0164
0.0142
0.0118
0.0352
0.016
0.018
0.0256
0.016
0.0132
0.0118
0.0158
0.0098
0.0162
1
0.014
0.0152
0.0132
1
0.012
0.0146
0.0196
0.0176
0.013
0.017
0.031
0.0126
0.0386
0.017
0.934
0.066
1
0.0134
0.1044
0.1072
0.011
0.0104
0.0156
0.0906
0.0294
0.012
1
0.0218
1
0.2382
0.07
1
0.0458
1
0.016
1
0.0166
0.0148
0.2472
0.0126
0.0162
0.0544
0.025
0.0236
0.93
0.0106
0.1056
0.014
0.0172
1
0.024
0.1084
0.0596
0.0228
0.019
0.0138
0.0172
0.0162
0.0134
0.0186
0.014
0.0122
0.0178
0.0118
0.1286
0.0128
0.0118
0.0606
0.023
1
0.0248
0.0268
0.016
0.9802
0.013
0.315
0.0612
1
0.0124
0.0246
0.7712
0.288
0.0162
0.012
0.0152
0.6368
0.0182
0.0204
0.0104
0.0268
0.016
0.021
0.9978
1
0.0136
0.0168
1
0.0148
0.0162
0.0184
0.0186
0.0126
0.9774
0.0126
0.047
0.232
0.0114
1
0.2836
0.0192
0.0194
0.0122
0.01
0.0108
0.0138
0.0262
0.0138
0.0154
0.0188
0.0134
0.0104
0.0144
0.998
1
0.012
0.0158
0.0076
0.4688
0.0138
0.015
0.0496
0.0398
0.0296
0.0236
0.0576
0.0264
0.0142
1
0.022
0.0248
1
0.02
0.0122
0.0452
0.0142
1
1
0.0228
0.0116
0.011
0.9984
0.0096
0.0358
0.0168
1
0.0248
0.2262
0.0136
1
0.0102
0.013
0.0268
0.015
0.0128
0.0212
0.011
0.0164
0.017
0.0146
0.0108
0.0128
0.0128
0.0106
1
0.0104
0.013
0.0108
0.0116
0.0652
0.9994
0.0118
1
0.0108
0.0154
0.0184
1
0.015
0.0126
1
0.0134
0.0346
1
0.0182
1
0.0114
0.986
1
0.0114
0.01
0.0108
0.0118
0.0118
0.012
1
0.0158
0.0146
0.0134
0.023
0.0294
0.1366
0.0128
0.024
0.0144
0.0236
0.0118
0.0196
1
0.136
0.63
0.1708
0.0236
1
0.1148
0.1576
0.0192
0.0122
0.0128
0.0112
0.0214
0.0232
1
0.014
0.037
1
0.0098
0.0084
0.0308
0.0494
0.0196
0.0228
0.0468
0.0098
0.0176
0.0132
0.0208
0.021
1
0.1038
0.0668
1
0.017
0.031
0.023
1
0.0202
0.0102
0.0136
0.0146
0.0136
0.01
0.0128
0.0324
0.0174
0.0156
0.015
0.0126
0.0358
0.0162
0.0144
0.0132
0.0128
0.0174
0.0118
1
0.0414
0.02
0.0268
0.0198
0.017
0.0204
0.0144
0.0158
1
0.0168
0.025
1
1
0.0172
1
1
0.0388
0.0112
0.0152
0.0238
0.027
0.0182
0.0228
1
0.01
0.3104
0.0312
0.0346
0.0114
0.0132
0.0288
1
0.0598
1
0.0526
0.0182
0.0184
0.0242
0.0232
0.0126
0.0302
0.1546
0.032
0.0348
0.487
0.013
0.0364
0.0368
0.0208
0.0134
0.9992
0.0246
0.0304
0.0366
1
0.0258
0.0228
0.0384
0.0444
0.0156
1
0.033
0.0472
0.0144
0.0402
0.0142
0.0198
0.011
0.5032
0.0128
0.0114
0.0122
0.0174
0.0166
0.0298
0.013
0.0166
0.0128
0.7732
0.0154
0.0148
0.0154
0.016
1
0.339
0.9768
0.0142
0.0594
0.0168
0.0182
1
0.0102
0.0116
0.0188
0.0156
0.95
1
0.017
1
0.0134
1
0.0132
0.7868
0.0334
0.0308
0.0132
0.024
1
1
0.0114
0.0122
0.0154
0.0132
1
0.0312
0.021
0.0386
0.0128
0.0248
0.013
0.0114
0.0264
0.0114
0.032
0.1046
0.0798
0.0132
0.0144
0.011
0.0412
0.5802
1
0.013
0.028
1
0.0382
0.0206
0.0144
0.0502
0.016
0.0132
0.0166
1
1
1
0.0508
0.4684
0.0134
0.0272
0.2666
0.0188
1
0.0246
0.0148
0.0132
0.0222
0.011
0.0208
0.0118
1
0.049
0.0272
0.0188
0.0162
0.0324
0.018
0.0164
0.015
0.02
0.02
0.0124
1
1
0.2882
0.0248
0.018
0.0152
0.0216
0.017
0.0142
0.0148
1
0.0782
0.4088
0.0202
0.0238
0.0154
0.9928
0.053
0.0878
1
0.0284
0.0498
0.0152
0.0148
0.0196
0.0854
0.0126
0.0104
0.0322
0.0114
1
1
0.0136
0.0114
0.0176
0.0852
1
0.0288
1
0.1658
1
0.0112
1
0.4188
1
1
1
0.0264
1
0.0302
0.0152
0.0234
0.5094
0.0248
1
0.0118
0.0116
0.014
1
0.0678
0.0172
1
0.015
1
0.0188
0.0236
1
1
0.0246
0.018
0.0222
0.0176
0.1374
0.0152
1
0.013
0.0132
0.0208
1
0.0138
0.0144
0.0242
0.0156
0.0152
0.0536
0.017
0.9992
0.0134
0.0512
0.0214
0.0144
0.0212
0.021
0.0156
0.016
1
0.0674
1
0.0142
0.0122
0.1126
0.0194
0.0148
1
0.0214
0.0184
1
0.034
0.0164
0.0094
0.0116
0.4464
0.012
0.0172
0.0152
0.0208
0.0232
0.012
0.0428
0.9988
0.5412
0.0206
0.0238
1
0.312
0.0124
0.5616
0.0194
0.7858
1
0.057
0.167
0.0616
0.0134
0.0136
0.01
1
0.168
0.1998
1
0.0324
1
0.0374
0.0168
0.5464
1
1
0.031
0.0156
0.0614
0.2584
0.0394
0.0108
0.1188
1
0.0988
0.0184
0.0108
0.0402
1
0.3906
0.94
1
0.043
0.0912
0.0686
1
0.0176
0.0134
0.0132
1
0.011
0.0144
0.0118
1
0.0156
0.024
0.0266
0.0154
1
0.0532
0.0096
0.0108
1
0.0254
0.0248
0.011
0.0228
0.0128
1
0.043
0.0858
0.1284
0.116
0.432
0.205
0.089
0.0554
0.0754
0.9192
0.1296
0.014
1
0.0114
0.0206
0.9088
0.0192
0.0126
0.9974
0.0142
0.018
0.0082
0.017
1
0.0164
1
0.0196
0.012
0.098
0.0124
0.011
0.014
0.0396
0.0212
0.0232
0.0112
0.0098
0.031
0.0114
0.053
0.0148
0.0134
0.0136
0.0128
0.015
0.0314
0.0574
1
0.087
0.0178
0.0636
0.0158
0.964
0.0114
0.014
0.0114
0.0156
0.0094
0.0136
0.0166
0.0114
0.0174
0.0118
0.0098
0.0162
0.012
0.1084
1
1
0.0568
0.645
1
0.0106
1
0.0404
0.0158
0.0152
0.0152
0.015
1
1
0.013
0.0134
0.056
0.0226
1
1
0.0152
0.015
0.0214
0.8798
0.0188
0.047
0.0172
0.0124
0.0154
0.014
0.015
0.0132
0.0266
1
1
0.1242
0.0814
0.0364
0.0152
0.04
0.1068
0.026
0.016
0.2294
0.1202
0.018
0.0126
0.019
1
1
0.4138
0.0188
0.0118
0.0218
0.1222
0.0312
0.0634
0.0412
0.0094
0.753
