0.0138
0.0388
0.0074
0.0098
0.2638
0.9018
0.016
0.0308
0.0112
0.0082
0.0146
0.0094
0.0094
0.0172
0.0102
0.01
0.0842
0.033
0.112
0.0148
0.0234
0.0826
0.063
0.0862
0.0092
0.017
0.0114
0.0172
0.0276
0.0164
0.0106
0.0422
0.0128
0.0096
0.0126
0.0088
0.0076
0.013
0.0102
0.0112
0.0174
0.0082
0.0132
0.0438
0.0108
0.0092
0.0144
0.0094
0.0086
0.0112
0.0078
0.0106
0.0158
1
0.0358
0.026
0.0134
0.2358
0.01
0.009
0.011
0.0154
0.0106
0.009
0.019
0.0078
0.1052
0.0156
0.0092
0.0134
0.0498
0.0888
0.0286
0.0418
0.0138
0.029
0.0878
0.0122
0.0096
0.007
0.012
0.0062
0.0164
0.0156
0.0086
0.0094
0.0116
0.0116
0.0096
0.0502
0.0682
0.0268
0.0236
0.0126
0.015
0.0172
0.0248
0.009
0.015
0.0406
0.011
0.01
0.0072
0.0104
0.0136
0.0114
0.0142
0.0108
0.0094
0.0116
0.0066
0.0114
0.0118
0.0078
0.008
0.0094
0.0124
0.3342
0.1922
0.0202
0.0576
0.0082
0.0214
0.025
0.012
0.0238
0.0084
0.0168
0.009
0.0406
0.011
0.0076
0.0124
0.017
0.0224
0.0104
0.0112
0.0088
0.024
0.0094
0.0154
0.0192
0.0332
0.0144
0.0152
0.01
0.0064
0.0096
0.0092
0.0088
0.014
0.0176
0.0198
0.009
0.0392
0.0154
0.0374
0.0266
0.011
0.0112
0.0134
0.01
0.0058
1
1
0.0258
0.0172
0.0086
0.0226
0.026
0.0102
0.0066
0.079
0.0092
0.0526
0.0512
0.0318
0.0378
0.0288
0.0356
0.0194
0.0184
0.0152
0.0134
0.0192
0.9996
0.048
0.0386
0.0402
0.0086
0.0176
0.9044
0.0176
0.0086
0.0088
0.0594
0.0098
0.0622
0.02
0.0176
0.0172
0.0224
0.2454
0.0396
0.017
0.446
0.9974
0.0094
0.071
0.0244
0.0092
0.0068
0.0096
0.014
0.0088
0.0246
0.0106
0.0096
0.0254
0.0166
0.0244
0.031
0.0262
0.0094
0.0588
0.011
0.01
0.0068
0.9448
0.3488
0.0284
0.0246
0.021
0.0412
0.02
0.9488
0.0088
0.0098
0.014
0.0092
0.01
0.0252
0.0092
0.0078
0.0146
1
0.0148
0.0154
0.0334
0.0108
0.0298
0.0144
0.1886
0.0156
0.0124
0.016
0.011
0.0116
1
0.014
0.007
0.0136
0.0106
0.0092
0.013
0.0436
0.0088
0.013
0.0288
0.009
0.0122
0.021
0.0172
0.01
0.0136
0.0112
0.0132
0.2022
0.0138
0.0108
0.0136
0.02
0.011
0.0096
0.0178
0.9994
0.0122
0.1076
0.0202
0.012
0.034
0.0152
0.014
0.0164
0.035
0.0178
1
0.0186
0.0582
0.0322
0.0082
0.012
0.0086
0.0114
0.0096
0.03
0.0328
0.0154
0.0104
0.493
0.9978
0.0092
0.0096
1
0.0084
0.023
0.017
0.017
0.0094
0.0132
0.0596
0.0148
0.1584
0.0086
0.0218
0.0144
0.0082
0.0136
0.0542
0.0088
0.0082
1
0.0142
0.01
0.0356
0.0194
0.0104
0.012
0.0084
0.0098
0.0318
0.0374
0.059
0.0206
0.0142
0.0092
0.0124
0.0158
0.0124
0.0112
0.0134
0.016
0.008
0.0104
0.0088
0.0086
0.028
0.262
0.0084
0.0074
0.0296
0.0298
0.8848
0.0088
0.0128
0.0184
0.0094
0.009
0.0292
0.0328
0.153
0.0162
0.0094
0.104
0.0098
0.0112
0.0084
0.008
0.0144
0.0078
0.0096
0.0106
0.01
0.0602
0.0192
0.1222
0.0128
0.0102
0.1576
0.0088
0.0082
0.0322
0.0362
0.0172
0.0842
0.0136
0.011
0.0094
0.0088
0.0086
0.0696
0.0144
0.015
0.0102
0.0194
0.0168
0.0108
0.0152
0.0102
0.0124
0.0066
0.0602
0.0184
0.0192
0.4474
0.0332
0.009
0.045
0.0124
0.0998
0.0082
0.0262
0.0174
0.0564
0.029
0.0226
0.0104
0.0148
0.0122
0.0132
0.0088
0.0184
0.0128
0.0678
0.0088
0.0578
0.0118
0.021
0.0658
0.0098
0.0196
1
0.9986
0.0118
0.0122
1
0.0118
0.0092
0.0108
0.0334
0.0198
0.0376
0.0884
0.0088
0.0192
0.015
0.0126
0.982
0.0112
0.007
0.4446
0.0172
0.964
0.0332
0.0098
0.007
0.0076
0.008
0.0156
0.0152
0.021
0.0322
0.8612
0.014
0.0082
0.0318
0.0114
0.0278
0.008
0.0134
1
0.041
0.0102
0.0318
0.179
0.2066
0.0592
0.0188
1
0.0232
0.0162
0.0464
0.0076
0.0228
0.0148
1
0.0218
0.023
0.0668
0.1102
0.0482
0.0094
0.01
0.0246
0.0202
0.0344
0.0588
0.0466
1
0.018
0.0456
0.1048
0.0136
0.0114
0.0118
0.0096
0.0148
0.0088
0.0132
0.0516
0.0366
0.0152
0.0082
0.0108
0.0106
0.0124
0.0198
0.048
0.0146
0.0514
0.0108
0.0136
0.0112
0.0384
0.0254
0.0348
0.0154
0.0912
0.8658
0.0186
0.0144
0.0084
0.0536
0.0308
0.0126
0.027
0.018
0.0108
0.0222
0.028
0.0128
0.2028
0.0354
0.0574
0.0472
0.0116
0.9852
0.013
0.9472
0.0352
0.0198
0.0096
0.0218
0.01
0.027
0.0426
0.04
0.6094
0.0278
0.0198
0.5696
0.7806
0.094
0.0116
0.0134
0.6122
0.6676
0.021
0.0184
0.0092
0.0086
0.0098
0.0086
0.0082
0.2942
0.0632
0.8836
0.0112
0.8618
0.137
0.0268
0.0092
0.011
0.0126
0.011
0.009
0.0132
0.0228
0.1118
0.0124
0.0108
0.018
0.0102
0.0228
0.0114
0.2696
0.0132
0.089
0.0188
0.0138
0.0186
0.0218
