0.0098
0.0108
1
0.0104
0.0112
0.0086
0.0152
0.0072
0.0072
0.0144
0.0074
0.0114
0.0062
0.0096
0.0124
0.9538
0.0186
0.0486
0.9932
0.0112
0.007
0.022
0.0094
0.2004
1
0.0254
0.0168
0.0178
0.0074
0.01
0.0124
0.0082
0.0082
0.0554
0.0336
0.009
0.943
0.0062
0.016
0.0082
0.0084
0.3872
0.0088
0.0514
0.0108
0.027
0.0122
0.9996
1
0.007
0.012
0.0072
1
0.0076
0.0116
0.0412
0.0102
0.0086
0.0526
0.0996
0.0192
0.015
0.0822
0.0084
0.0102
0.0852
0.0066
0.019
0.0182
0.012
0.0092
0.007
0.0614
0.0078
0.0116
0.005
0.0086
0.0082
0.0256
0.0078
0.009
0.0782
0.8642
0.0232
0.007
0.0038
0.0264
0.0172
0.0082
0.04
0.0274
0.0944
0.0066
0.4964
0.0144
1
0.0164
0.0624
0.0388
0.0724
0.038
1
0.0084
1
0.0098
0.0092
0.0198
0.0394
0.055
0.006
0.008
0.0098
0.0086
0.0096
0.0062
0.999
0.0084
0.0056
0.0058
0.0054
0.007
0.0066
0.0106
0.0112
0.018
0.0068
0.0038
0.0052
0.015
0.0284
0.0092
0.0164
0.0056
0.0228
0.013
0.0144
0.9994
0.0112
0.877
0.0146
0.0152
0.0154
0.0064
0.0078
1
0.007
0.0054
1
0.0122
0.0068
0.0078
0.0064
0.066
0.0132
1
0.011
0.0154
0.0094
1
0.0116
0.008
0.015
0.013
0.013
0.098
0.0268
0.0092
0.0086
0.004
1
0.0084
0.0058
0.0086
0.011
1
0.0072
0.0078
0.0168
0.0078
0.0084
0.007
0.0106
0.0092
1
1
0.0154
0.038
0.7216
0.01
0.0106
0.0074
0.0398
0.0084
0.0108
0.0112
0.0066
0.0158
0.0256
0.0118
1
0.0554
0.012
0.0194
0.0136
0.0144
0.0072
0.0072
1
0.0072
0.0126
0.0096
0.0254
0.9994
0.031
0.0064
0.6078
0.0094
0.017
0.01
0.0132
0.0054
0.0134
0.0146
0.0162
0.5058
0.0056
0.0106
0.0228
0.012
0.0092
1
0.0114
0.012
0.008
0.1728
0.0158
0.0114
0.0112
0.0076
1
0.0126
0.0064
0.0104
0.0132
0.0146
0.0264
0.0112
0.0052
0.0068
0.0076
0.0126
0.006
0.0068
1
0.0274
1
0.0104
1
0.0076
0.008
0.0074
0.0114
0.0104
0.0062
0.0162
0.0062
0.0074
0.013
0.0072
0.0064
0.0096
0.017
1
0.0072
0.0126
0.0364
0.0076
0.0106
0.0076
0.0158
0.0208
0.0084
0.0086
0.0194
0.0062
0.0118
0.36
0.0176
1
0.01
0.016
0.0224
0.0146
0.008
0.0142
0.0044
0.011
0.9772
0.007
0.0102
0.0112
0.013
0.0082
0.0086
0.0082
0.0214
0.0078
0.0058
0.0114
0.0118
0.0124
0.0082
1
0.0088
0.0102
0.0106
0.007
0.0138
0.0056
0.014
0.0106
0.019
0.0172
0.0152
0.0626
0.0074
0.0064
0.0068
1
0.018
1
0.5966
0.0082
0.076
0.0486
0.013
0.0146
0.0108
0.0048
0.9758
1
0.0064
0.009
1
0.0096
0.0046
0.0112
0.0156
0.0092
0.0142
0.0082
1
0.0068
0.0074
0.008
0.0088
0.0142
0.9998
0.0078
0.0076
0.0124
0.0058
0.008
0.0122
0.0052
0.0122
0.009
0.0096
0.0074
0.008
0.0582
0.008
0.0102
1
0.0084
0.0168
0.0082
0.0074
0.0082
0.0082
0.0286
0.0328
0.0104
0.0162
0.0072
0.0068
0.01
0.0092
0.0076
0.0262
0.0834
0.024
0.0068
0.0096
0.0066
0.0094
0.0078
0.0214
0.009
0.0066
0.0092
0.074
0.0086
0.013
0.1972
0.0084
0.0082
0.0092
0.0198
1
1
0.0198
0.0074
0.0106
0.009
1
0.0416
1
0.0176
0.0122
0.0688
0.0068
0.0732
0.0112
0.0156
0.0246
0.03
0.011
0.007
0.013
1
1
0.0106
0.0088
0.0264
1
0.0094
0.1006
0.0082
0.0084
0.5806
0.0122
0.0306
1
0.0048
0.0252
0.0282
0.0046
0.0282
1
0.9696
0.0084
1
1
0.015
0.0162
1
1
1
1
0.0126
1
0.0106
0.0144
0.0186
0.014
0.0158
0.032
0.0096
0.21
0.0102
0.006
1
0.0172
0.0076
0.0162
0.0106
0.0198
0.016
0.2102
0.0062
0.0674
0.1036
0.031
0.0172
0.0094
0.0202
0.0096
0.0122
0.0064
0.023
0.0188
1
0.085
0.0142
0.299
1
0.023
0.01
0.0248
0.0258
0.008
1
0.0072
0.0118
0.007
0.0078
0.0094
0.836
0.0114
0.054
0.006
0.0404
0.0342
0.024
1
0.0104
0.0768
0.0138
0.008
0.0078
0.0062
0.0136
0.0404
0.9996
0.0266
1
0.0134
1
0.0282
0.0218
0.006
0.0054
0.0148
1
0.0146
0.0224
0.9972
0.0048
0.1124
1
0.2368
0.0078
0.0142
0.012
1
0.0168
0.0552
1
0.0144
0.0198
0.0082
0.055
0.0114
0.017
0.0072
0.0268
0.0056
1
0.0408
0.0072
0.0458
1
0.011
