0.015
0.0014
0.0046
0.097
0.0024
0.021
0.0626
0.0024
0.0054
0.0042
0.001
0.0018
0.1388
0.001
0.0036
0.0442
0.0014
0.0018
0.1338
0.0018
0.0018
0.0022
0.0022
0.014
0.005
0.0028
6e-04
0.0016
0.0296
0.002
8e-04
0.0746
0.0014
8e-04
2e-04
0.0426
0.0794
0.0042
0.0014
0.1058
0.012
0.0084
0.0246
0.0022
0.0026
0.012
0.02
0.0024
8e-04
0.0016
0.0226
0.0038
0.0174
0.001
0.0188
0.0016
0.0046
0.0044
0.0188
0.0034
6e-04
0.0012
0.0036
8e-04
0.0052
0.0148
0.0068
0.0032
0.0024
0.0036
0.0036
0.0098
0.0018
0.0028
0.0012
0.002
0.008
6e-04
0.0032
0.0174
6e-04
0.0014
0.003
0.002
0.0086
0.003
0.0012
0.0024
0.001
0.0014
8e-04
0.0018
0.0024
2e-04
0.001
0.0024
0.0088
0.0014
0.0024
0.0032
0.0312
0.003
6e-04
0.001
0.0012
6e-04
0.0014
0.001
6e-04
6e-04
0.0022
6e-04
0.0022
0.0078
4e-04
0.002
0.0026
0.0014
0.0014
0.0026
0.0032
0.0132
0.0014
0.0032
0.0048
0.001
0.0016
0.0022
0.0024
0.0024
0.0024
8e-04
0.0038
4e-04
8e-04
8e-04
0.0018
0.0014
0.0016
0.002
0.021
0.0016
0.0026
0.002
0.0454
0.004
4e-04
0.008
0.0018
0.019
0.0024
0.0038
0.0014
0.0614
0.0016
0.1448
6e-04
0.003
0.0032
0.0034
0.0016
0.0092
0.002
0.0018
0.075
0.0022
0.046
0.0036
0.0026
0.002
0.0048
0.0012
0.002
0.0212
0.0044
0.0026
8e-04
0.012
0.0026
0.006
0.0044
0.0046
0.1388
0.0114
0.021
4e-04
0.0082
0.0044
0.0022
0.0016
0.003
0.0016
0.0012
0.0038
0.0018
0.0026
0.01
0.0106
0.003
0.0034
0.004
0.0072
0.001
0.002
0.0028
0.0032
0.0028
0.0024
0.0034
0.042
0.0014
0.0012
0.0034
0.0018
0.0032
0.0066
0.0036
8e-04
0.002
0.0012
0.0046
0.0034
8e-04
0.0022
0.0034
4e-04
0.0022
0.0016
8e-04
0.0048
0.0042
0.002
0.9994
0.0686
0.0014
0.0586
0.003
0.005
0.0024
8e-04
0.005
6e-04
0.001
0.0102
0.0094
0.0012
0.0024
0.0064
0.0078
0.0328
0.0084
0.0078
0.6994
0.0182
0.0244
0.0012
0.0056
0.0014
0.0048
6e-04
0.0134
0.0022
0.0198
0.0024
0.0012
8e-04
0.0014
0.0038
0.001
6e-04
6e-04
0.0196
0.0112
6e-04
0.003
0.0012
0.0014
0.001
0.0032
8e-04
6e-04
6e-04
0.001
4e-04
0.0346
6e-04
0.0014
0.001
0.002
0.0074
0.0012
0.0032
0.0018
4e-04
0.0014
0.006
0.001
0.0052
0.0014
0.002
0.0016
4e-04
0.004
0.0028
0.0018
0.004
0.0014
0.0026
0.001
0.0028
0.016
0.002
0.0026
2e-04
0.0022
0.0022
0.0024
0.0138
0.0024
2e-04
8e-04
0.0012
0.0038
0.002
0.0018
0.0084
0.0016
0.0016
4e-04
0.0322
8e-04
0.001
0.0056
0.002
0.0018
0.053
0.0022
0.0056
0.0026
0.0022
0.0076
0.0092
0.0016
0
0.0014
4e-04
0.0038
0.0016
0.0136
0.0016
0.001
0.001
0.004
0.004
0.0014
8e-04
0.0082
0.003
0.0022
0.014
0.0024
0.0012
6e-04
8e-04
6e-04
0.0016
6e-04
0.0022
0.0012
0.0172
0.0278
0.0496
0.0014
0.0032
0.0014
0.0056
0.0098
0.0014
0.003
0.0866
0.0024
0.0022
0.0032
0.0026
0.04
0.0234
0.0018
0.004
0.0014
0.0046
0.0202
8e-04
0.0138
0.0014
8e-04
0.02
0.0014
6e-04
0.0058
0.0012
0.0034
0.0022
0.0062
0.001
0.0026
0.0094
0.0036
0.0026
0.0018
0.0022
0.0012
0.0026
0.0012
8e-04
0.0026
0.0084
0.018
0.001
0.0014
0.0414
4e-04
0.0018
0.005
0.0016
0.0022
0.0058
0.0014
0.0016
0.0016
0.0092
0.002
0.0024
0.0016
0.0088
0.0012
0.0108
0.002
0.001
8e-04
0.0018
0.0016
0.0012
0.0064
0.0044
0.0012
0.0018
0.001
0.0018
0.0016
0.0018
0.0012
0.001
0.0018
0.0022
0.0018
0.0142
0.0036
0.0042
0.002
0.0382
0.025
0.001
0.0012
0.0014
0.0094
0.0112
0.0012
0.0024
0.001
0.0012
0.0022
0.0244
6e-04
0.0014
0.0012
0.0022
0.0024
0.0018
8e-04
8e-04
0.0022
0.0012
0.003
0.0114
0.0018
0.0024
0.0016
0.0154
0.0036
2e-04
0.0224
0.0096
0.0272
0.0096
6e-04
0.002
0.0014
0.0024
0.0028
0.0234
0.0016
0.0022
0.001
0.0294
0.024
0.0012
0.0012
0.0106
0.0374
8e-04
0.0032
0.0046
0.0242
0.0032
0.002
0.003
0.001
0.0028
0.0416
0.0084
4e-04
0.0076
0.002
0.0016
0.0022
0.018
0.001
0.0142
0.0012
0.001
6e-04
0.011
0.0344
0.0012
0.0064
0.017
0.0156
0.0426
4e-04
0.0088
0.0012
0.0146
0.001
0.0012
8e-04
0.002
0.0316
0.001
0.0128
0.0208
0.006
0.0018
0.001
0.0026
0.007
8e-04
0.0018
0.0014
8e-04
0.0014
6e-04
0.009
0.006
0.064
0.0288
4e-04
0.01
0.0014
8e-04
8e-04
0.0044
8e-04
0.0032
0.0388
0.0078
0.0118
0.023
0.0018
0.002
0
0.0018
0.0022
0.0014
0.002
0.012
0.0018
0.0026
0.014
4e-04
0.0022
0.0018
6e-04
0.004
0.0024
0.0018
0.0026
0.001
0.001
0.012
0.9742
0.001
0.0018
0.001
0.0014
0.0012
8e-04
0.001
0.017
4e-04
0.0062
0.0026
0.0022
0.0016
0.002
0.0202
4e-04
0.0012
0.0434
4e-04
0.001
0.0014
0.0044
0.006
0.001
0.0012
0.0014
0.0014
8e-04
0.002
0.0136
0.005
0.0038
0.002
0.0014
6e-04
0.0018
0.001
0.0016
0.0024
0.0018
0.0016
0.001
0.001
0.0082
0.019
0.0076
0.0012
0.0016
0.0012
0.001
8e-04
0.002
0.0012
0.0014
0.002
0.0062
0.0012
8e-04
0.0012
0.014
6e-04
0.0034
0.002
0.0024
0.0022
0.0012
6e-04
0.0222
8e-04
0.145
0.0016
0.002
0.0014
0.0022
0.0024
0.0016
0.0016
0.001
8e-04
0.0148
0.0182
0.0012
8e-04
0.003
0.0228
8e-04
0.0054
6e-04
0.0014
0.0016
0.0016
0.0014
4e-04
0.0016
6e-04
4e-04
0.003
0.001
0.0012
0.0038
0.0022
0.0122
0.0024
0.0018
0.0042
0.0024
4e-04
0.0012
0.0018
0.002
4e-04
0.0012
6e-04
0.002
0.0168
0.0016
0.0022
0.0508
0.001
0.0012
0.001
8e-04
0.0024
0.0028
0.019
0.0394
0.002
1
6e-04
0.0016
0.002
0.0698
8e-04
0.0022
0.0056
0.0064
0.0012
0.0022
0.0036
4e-04
0.002
0.0022
0.001
0.0016
0.003
0.0018
0.0042
0.0026
4e-04
0.001
0.0402
8e-04
0.002
0.0014
8e-04
0.001
0.0014
0.0166
8e-04
8e-04
0.0046
0.0028
0.0016
0.0026
0.0936
0.0022
0.0026
0.0032
0.0032
8e-04
0.0016
0.003
4e-04
0.004
0.0014
0.0112
0.0088
0.0046
0.0064
4e-04
0.0018
0.002
0.0014
0.0036
0.0052
0.0028
0.002
0.0024
0.0074
0.0018
0.009
0.011
8e-04
4e-04
0.0016
0.0012
0.002
0.0012
0.0044
0.0074
0.0016
0.0016
0.0044
0.0016
0.0048
0.001
0.0278
8e-04
0.003
0.0016
0.0364
0.0012
0.0018
0.0018
0.0024
0.0062
0.001
4e-04
0.0014
0.0032
0.014
6e-04
0.0014
0.0016
8e-04
0.002
0.002
0.0022
0.0154
0.0018
0.01
0.0022
0.0014
0.003
0.0024
0.0034
0.003
0.0032
0.002
6e-04
4e-04
0.032
6e-04
0.001
8e-04
0.0018
0.0018
0.0022
8e-04
0.0012
0.0154
0.0032
0.002
0.0324
0.001
8e-04
0.0016
0.002
0.002
0.0016
0.0016
0.002
0.002
0.0014
0.0082
0.0014
0.0022
0.009
0.004
0.0122
0.0068
8e-04
0.0098
0.0014
8e-04
0.0036
0.0012
0.001
0.0014
0.0052
0.0064
0.0918
0.0156
0.001
0.0014
8e-04
0.0018
0.0014
0.0012
0.001
0.0326
0.0024
0.0016
0.0022
0.0016
0.0166
0.002
0.0026
0.001
8e-04
0.0016
0.0016
0.0062
0.0012
6e-04
0.0018
0.002
0.0194
0.0022
0.0302
0.0016
0.0082
0.0012
0.0012
0.0368
0.02
0.0016
0.0018
0.0014
0.004
0.0044
0.0102
2e-04
0.0018
0.0184
0.0338
0.002
0.003
0.0048
8e-04
0.0014
8e-04
0.0032
0.0084
0.0014
0.0042
8e-04
0.0024
0.0148
0.002
0.9824
0.0026
0.0024
0.0012
6e-04
0.0016
8e-04
0.001
0.0018
0.001
0.002
0.0012
0.0152
0.0014
0.0168
0.0014
8e-04
6e-04
0.0014
0.002
0.0068
0.0012
0.0014
0.0028
0.001
0.0022
0.002
4e-04
0.153
0.001
4e-04
0.2996
0.0012
0.0026
0.0012
0.0356
0.001
0.0024
0.0024
0.0348
0.0016
0.0032
0.0034
2e-04
0.0038
0.0026
0.02
0.0014
0.001
0.0076
0.0012
6e-04
8e-04
6e-04
0.0014
0.0038
0.0012
0.0034
0.001
8e-04
6e-04
0.0018
0.0016
0.0012
0.0064
0.0018
0.0074
0.0014
0.0014
2e-04
0.001
0.001
0.0068
0.0018
0.0012
0.019
0.0034
0.0108
0.0014
0.0012
8e-04
0.001
0.0012
0.0168
8e-04
0.0016
8e-04
0.0022
0.0024
0.0018
0.002
0.011
4e-04
0.0012
0.0028
0.0182
0.0012
0.0016
0.0028
0.0066
0.0018
0.0012
0.0028
0.0012
8e-04
0.0016
0.005
0.0012
0.0018
0.0102
0.0018
0.001
0.0026
0.0014
0.0016
8e-04
0.0204
0.0012
0.001
0.0032
0.0018
0.0066
0.0184
0.0056
0.0026
8e-04
0.0016
4e-04
0.0882
0.0012
0.001
0.0204
1
8e-04
0.0016
0.0022
0.0016
0.002
0.0018
0.038
0.0016
0.0018
0.0168
4e-04
0.0064
0.0036
6e-04
0.014
0.0026
4e-04
0.0112
0.001
0.0016
0.007
8e-04
0.001
0.0016
0.0288
0.0022
6e-04
0.0138
0.0012
0.0088
0.0022
0.0012
6e-04
0.0014
0.0028
8e-04
0.0048
0.0022
0.0022
0.0124
0.0152
6e-04
0.0224
0.0018
0.001
0.0018
0.0016
0.001
0.0014
0.095
0.0018
0.001
0.0142
4e-04
0.0014
0.0068
0.001
0.0026
0.0012
0.0018
0.015
0.0012
0.0232
0.1464
0.0012
0.004
0.0518
0.0016
0.0016
8e-04
0.0024
0.0012
0.001
0.0022
0.066
0.0014
0.9538
0.0018
0.0014
0.0054
0.0156
0.0282
0.0028
0.0054
0.001
0.0022
0.0122
0.001
0.002
0.0232
0.0016
0.0246
0.0014
0.0028
0.0724
0.0012
0.0016
0.0292
0.0014
0.0014
0.0182
0.0016
0.0044
0.0202
0.0012
0.0256
0.0012
0.0128
0.012
0.0014
0.0014
0.0018
0.0016
4e-04
0.0012
0.0246
0.0018
0.0108
0.0016
0.0012
0.003
0.0018
0.0016
0.001
0.0014
0.0022
0.0022
0.0196
0.0014
0.0014
0.003
0.0012
0.0018
0.0016
0.0016
0.1154
0.0304
0.0198
0.0014
0.0024
0.0018
0.0026
8e-04
0.0012
0.4258
8e-04
6e-04
0.0182
0.0018
6e-04
0.0138
0.999
0.0018
0.03
6e-04
0.0014
0.0022
0.0016
0.0676
0.0016
6e-04
0.002
0.0046
0
0.001
0.0032
0.0182
0.0026
0.0024
0.0044
0.0014
8e-04
0.003
0.0018
0.001
0.0014
0.0438
0.008
0.0032
8e-04
0.0176
0.002
0.0116
0.0026
0.0082
0.0024
0.0016
8e-04
0.0018
0.003
0.0036
8e-04
0.0028
0.0014
0.0058
0.0018
0.015
0.0014
0.0016
8e-04
0.0078
0.0026
0.0154
0.0024
0.0018
0.003
0.001
0.0044
0.0024
8e-04
0.0016
0.0016
0.0012
0.001
0.0128
0.0044
0.0014
0.0018
0.005
0.0122
0.0018
0.002
0.0032
6e-04
0.003
0.0022
6e-04
0.0122
0.158
8e-04
0.0014
0.0018
0.005
0.002
4e-04
0.0016
0.0024
0.0132
0.0044
0.0022
0.004
0.0014
0.0136
0.0246
0.0018
0.0018
0.001
4e-04
0.0018
6e-04
8e-04
0.0306
0.0024
0.0018
0.001
4e-04
0.0022
0.002
0.0026
0.0102
0.0028
6e-04
0.0022
0.0044
0.001
0.0016
0.5376
0.0018
0.0012
0.0012
8e-04
0.0018
0.0038
0.003
0.006
0.001
0.0018
0.0014
0.003
0.012
0.0012
0.0014
6e-04
0.002
0.003
0.004
4e-04
8e-04
0.0016
0.0014
0.0012
0.0112
0.0012
8e-04
0.0074
0.0478
0.0012
8e-04
0.944
0.0036
0.0022
0.0018
0.0048
0.0014
0.0074
0.002
0.001
0.0014
0.0046
0.0016
0.0204
0.0174
0.002
0.0014
0.0016
0.4512
0.002
0.0092
0.0018
6e-04
0.0014
0.0024
0.0014
0.005
4e-04
0.002
0.008
0.023
0.001
0.0538
0.0026
8e-04
0.0058
0.003
0.0058
0.0024
0.0042
0.004
0.0018
0.0046
0.002
0.0026
0.0338
0.0016
0.0026
0.0036
0.0018
0.0022
6e-04
0.001
6e-04
2e-04
0.0014
0.0198
0.0012
0.0014
0.0106
8e-04
2e-04
8e-04
0.0024
8e-04
0.0018
0.0024
6e-04
0.1802
0.0014
0.0014
0.0016
0.001
8e-04
0.0012
0.0012
0.0012
0.0032
8e-04
0.0056
0.0022
0.0012
6e-04
0.0042
0.0072
0.0012
0.003
0.0016
6e-04
0.0012
4e-04
0.001
0.0012
0.0014
8e-04
0.0024
0.0012
0.001
0.0322
8e-04
0.0016
0.0022
8e-04
0.002
0.0018
0.011
0.0026
0.001
0.001
0.0012
0.0014
0.0072
0.0016
8e-04
0.005
0.002
0.0016
0.0032
0.0072
0.0014
0.0068
0.9972
0.0024
0.0024
6e-04
0.0016
0.0016
0.0042
0.0012
0.0036
0.002
0.036
0.001
0.003
6e-04
0.018
0.0084
6e-04
8e-04
8e-04
0.0014
0.002
0.0016
0.0928
0.0016
0.0022
0.0094
6e-04
0.0298
0.0016
0.0016
0.0012
0.003
0.0072
0.0032
0.0036
0.006
0.0036
4e-04
0.0024
0.001
0.0158
0.0692
0.0114
0.0016
0.9998
0.031
0.0048
0.002
0.007
0.0162
0.0082
0.013
0.0234
0.2812
0.0044
0.049
0.0078
1
0.0066
0.0034
0.6442
0.012
8e-04
0.3054
0.0026
0.0234
0.7278
0.0212
4e-04
0.0046
0.0138
6e-04
0.038
0.0188
0.0028
0.0084
0.0034
0.0028
4e-04
0.001
0.0314
0.0024
0.0022
0.002
0.0022
0.0024
0.9996
0.0028
0.0144
0.014
0.001
0.0104
0.0194
0.0012
0.0012
0.0028
0.0034
0.007
0.0014
8e-04
0.0168
0.1068
0.001
0.0224
0.0046
0.0054
0.0014
4e-04
0.001
2e-04
0.0062
0.0028
0.0016
0.0042
0.0026
0.0132
0.001
8e-04
0.0014
0.0044
0.0018
0.0022
0.001
0.0046
0.005
0.0012
0.0024
0.0132
0.0042
0.0238
0.0016
0.0024
0.0024
0.003
0.018
0.0012
0.0012
0.001
6e-04
0.001
0.0026
0.0354
0.0094
0.0178
0.0092
0.0022
0.0136
0.0202
0.0016
0.001
0.0052
0.0016
0.0082
0.0026
0.0018
0.028
8e-04
8e-04
0.0066
1
0.0348
0.003
0.0186
0.0026
0.0014
0.0156
0.0602
0.2878
8e-04
0.014
0.0418
0.0086
0.0034
0.0028
0.0014
0.016
0.0012
0.001
0.0012
0.0016
0.001
6e-04
8e-04
0.0012
4e-04
6e-04
0.0016
0.0016
0.0018
0.0012
0.003
0.0012
0.3828
0.001
0.0034
6e-04
0.0112
0.0032
0.001
0.002
0.0014
0.006
0.0012
0.002
0.022
0.0306
0.002
0.0452
0.004
0.006
0.0038
0.001
0.005
0.0016
0.0012
0.0032
0.504
0.001
8e-04
8e-04
0.0014
0.014
0.0178
0.0016
0.0026
0.001
0.0032
0.0016
0.0044
0.0034
0.004
0.0042
0.0098
0.0112
0.0012
0.0018
0.0016
0.0016
0.0056
1
1
0.0058
0.024
0.0262
0.0092
0.0426
0.0046
0.0102
1
0.0082
0.0038
0.0018
0.0796
6e-04
0.001
2e-04
0.002
0.0214
6e-04
0.002
1
0.0014
0.001
0.001
0.05
0.002
0.0014
0.0764
6e-04
0.0458
0.0146
0.0098
0.0642
0.0016
0.0752
0.0146
0.0044
6e-04
0.001
8e-04
0.001
4e-04
0.116
0.0204
0.008
0.2684
0.0166
0.0042
0.002
0.0044
0.0078
0.0028
0.0086
0.0268
2e-04
1
0.082
8e-04
0.0042
0.001
8e-04
0.0194
0.021
0.0108
6e-04
0.0156
0.0592
0.0404
0.0014
0.0436
0.004
0.0464
0.0012
0.0016
8e-04
0.0022
0.0632
1
0.0012
0.0114
0
0.0198
0.0088
0.0012
0.001
0.005
0.0146
0.027
0.009
0.0284
8e-04
0.0014
0.0054
0.029
0.0106
0.0316
0.0258
0.0188
0.0302
0.004
0.0032
0.0026
0.0058
6e-04
0.004
0.0012
0.0014
0.0018
8e-04
0.0232
0.0848
0.0042
0.0044
0.002
0.0776
0.001
0.001
0.003
0.0374
0.006
0.0042
0.0034
0.0052
0.009
0.0016
0.0016
0.0012
0.0012
0.0012
0.0056
0.9998
0.0564
0.1558
0.0022
0.0076
0.0014
4e-04
0.0278
0.0052
0.0482
0.0264
0.001
0.0012
0.0012
0.0012
0.0012
0.0016
0.0024
0.001
0.002
0.0042
0.001
0.002
0.0012
0.454
6e-04
0.0024
0.0012
0.0208
0.117
0.0018
0.003
0.0016
0.011
0.2136
0.001
4e-04
0.001
0.002
0.0022
0.0976
0.001
0.0558
0.012
0.0182
0.0022
6e-04
0.002
0.0026
0.0096
0.0012
0.002
8e-04
0.009
0.2306
0.0632
0.0056
0.0068
0.0072
0.0034
0.0016
0.0452
0.0752
0.0012
0.0246
4e-04
0.2046
0.0068
0.7792
