0.0042
1
0.0264
0.0114
0.0188
0.006
0.0066
0.0566
0.0046
0.0022
0.007
0.0046
0.0062
0.0056
0.0152
0.0094
0.0078
0.0044
0.0064
0.0048
0.0058
0.01
0.0034
0.0062
0.0258
1
0.0054
0.0048
0.0338
1
0.0194
0.0152
0.1248
1
0.0142
1
0.0054
0.0034
0.0036
0.0044
0.0062
0.0218
0.0206
1
0.0042
0.0082
0.007
0.035
0.0144
0.0046
0.0022
0.0052
0.0558
0.0272
0.0112
0.0064
0.0064
0.9992
0.0296
0.0166
0.0108
0.0034
0.0094
0.0062
0.006
0.1438
0.0136
0.0028
0.0068
0.0092
0.0028
0.0106
0.004
0.016
0.007
0.0352
0.0098
0.0044
0.0344
0.0028
0.0146
0.0052
0.3954
0.0096
1
1
0.0038
0.0034
0.0072
0.0102
0.847
1
0.0316
0.0062
0.0054
0.009
0.0082
0.0318
0.0048
0.0144
0.079
0.0054
0.0238
0.0382
0.0036
0.0044
0.3774
0.024
0.0086
0.0856
0.0056
0.0286
0.0052
0.0032
0.0052
0.005
1
0.0318
0.008
0.0032
0.0122
0.003
0.0294
0.0082
0.0026
0.0116
0.074
1
0.0066
0.0104
0.0054
0.0142
0.0044
0.0122
1
0.0266
0.0292
0.0058
0.0038
0.0058
0.009
0.0054
0.0026
0.0052
0.005
0.0356
0.004
0.0046
0.0038
0.0134
0.0024
0.0042
1
0.0234
0.0164
0.004
0.003
0.0406
0.0108
0.0052
0.0274
0.0196
1
0.004
0.023
0.0384
0.0058
0.0052
0.9996
0.0048
0.0152
0.0088
0.019
0.0046
0.0146
0.0166
0.0142
0.0066
0.081
0.0084
0.013
0.004
0.0056
0.005
0.0054
0.009
0.0568
0.0046
0.005
0.0032
0.0044
0.0074
0.993
0.1628
0.0064
0.0088
0.0206
0.069
0.0408
0.005
0.003
0.0052
0.0064
0.0062
0.0162
1
0.1634
0.0028
0.0044
0.0246
0.0082
0.0092
0.0048
0.033
0.004
1
1
0.0186
0.0042
0.0208
0.0036
1
0.0048
0.0034
0.086
0.0082
1
0.0054
1
0.0062
0.058
0.0012
0.0364
0.032
0.0204
0.007
0.0044
0.003
0.0282
0.0492
1
0.0134
0.0134
0.0048
0.005
0.008
0.02
0.0042
0.0024
0.0146
0.0038
0.017
0.0126
0.0084
0.0302
0.0028
0.0032
0.004
1
0.0062
0.0268
1
0.0092
0.0036
0.0066
0.0032
0.0058
0.0046
0.0222
0.0042
1
0.0098
0.0626
0.004
0.0068
0.0034
0.0022
0.0064
0.0064
0.004
0.0036
1
0.0058
0.007
0.004
0.0062
0.006
1
0.0394
0.0042
0.0036
0.0056
0.0078
0.004
0.0036
0.003
0.0052
0.0038
1
0.004
0.007
0.0046
0.0032
0.0068
0.0044
0.0042
1
0.0102
0.005
0.0042
0.006
0.0036
0.003
0.0046
0.0034
0.0738
0.0042
0.0066
0.0064
0.0036
0.0024
0.0264
0.0134
0.0158
0.01
1
0.0076
0.006
0.0076
0.0052
0.0048
0.005
0.015
1
0.0042
0.1318
0.013
0.0022
0.0524
0.0722
0.0028
0.0068
0.0214
1
0.0414
1
0.1242
0.0106
0.033
0.0042
1
0.0042
0.0152
0.0738
0.0044
0.0032
0.0036
0.0198
0.0086
0.008
0.0038
0.0054
0.036
0.0076
0.0066
1
0.0064
1
0.0156
1
0.0326
0.046
0.0054
0.0052
0.0034
0.0282
0.0772
0.0244
0.0066
0.004
0.008
0.0026
0.0038
0.1014
0.0314
0.006
0.0256
0.0076
0.0694
0.0062
0.004
0.032
0.0096
0.005
0.0034
0.0018
0.0144
0.3002
0.0046
0.0056
0.007
0.0166
0.0046
0.0108
0.006
0.0244
0.025
0.018
1
0.0034
0.0038
0.0042
0.003
0.0242
0.003
0.004
0.0512
0.006
0.006
0.0438
0.0054
0.0504
0.004
0.0048
0.0056
1
0.0028
0.005
0.0038
0.0058
0.004
0.0306
0.064
0.0038
0.0192
0.0066
0.0044
0.0314
0.0942
0.015
0.0074
0.0408
0.0064
0.0434
0.005
0.0068
0.0044
0.0068
0.0168
0.0186
0.0046
0.0084
0.006
0.0332
0.0076
0.0048
0.075
0.0046
0.0046
0.0266
0.0068
0.0054
0.0158
0.005
0.004
0.0066
0.0026
1
0.004
0.0088
0.0046
0.0046
0.0212
0.008
0.0042
0.0614
0.0064
0.0462
1
0.013
0.0042
0.0048
0.0032
0.0356
0.0034
0.044
0.0032
0.0032
0.0058
1
0.0484
0.0152
0.006
0.006
0.0188
0.0098
0.0052
0.0046
0.0052
0.0048
0.0256
1
0.0038
0.0366
0.0044
0.7276
0.0052
0.0408
0.0208
1
0.0062
0.0028
0.0054
1
0.0028
0.0286
0.007
1
0.0042
0.9042
0.1968
0.0326
0.0088
0.0086
0.0808
0.0086
0.9852
0.0042
0.006
0.0424
0.005
0.0748
0.0282
0.0084
0.0034
0.0036
0.0064
0.0038
0.0062
0.9922
0.0034
0.0068
0.007
0.004
0.0058
0.0034
0.0076
1
0.0048
0.0056
0.0126
0.0342
0.0136
0.8584
0.038
0.0104
0.0156
0.0066
0.0046
0.004
0.0334
0.0248
0.0036
0.025
0.0922
0.005
0.005
0.0028
0.0058
0.0118
0.0072
0.0502
1
0.006
1
0.0044
0.0066
1
0.0066
0.005
0.0308
0.005
0.0046
0.0036
0.0044
0.0032
0.0118
0.0052
0.0374
0.0062
0.005
0.0032
0.0058
0.0036
0.0416
0.9996
0.0038
0.0066
0.0092
0.0204
0.005
0.0062
0.0888
1
0.0056
0.005
1
0.005
0.0054
0.0046
0.1884
0.0074
1
0.0064
0.008
0.0026
0.9148
0.0364
0.029
0.0206
0.006
0.0034
0.0032
0.0102
0.0068
0.005
0.0828
0.0158
0.0064
0.016
0.004
0.005
0.0084
0.0074
0.0048
0.0034
0.0172
0.0032
0.0126
0.0078
0.0072
0.0036
0.0846
0.0488
0.0044
0.0054
0.0598
0.0056
0.0194
0.0574
0.0044
0.0154
0.0048
0.9998
0.0042
1
0.0068
0.0024
0.0828
0.0046
0.0038
0.0058
0.0062
0.006
0.0056
0.0048
0.0052
0.0692
0.006
0.0044
0.0142
0.0048
0.0038
1
0.0052
0.0048
0.0046
0.0096
0.0032
0.0496
1
0.0076
0.0516
0.0242
0.0048
0.005
0.0046
0.0058
0.0044
0.0036
0.0046
0.0408
0.0064
1
0.012
0.0058
0.0042
0.0052
0.0024
0.0102
0.0084
0.0046
0.006
0.007
0.0084
0.0044
0.0234
0.0056
0.0042
0.0154
0.0046
1
0.0072
0.0096
0.0074
0.014
0.0082
0.053
0.0066
0.0324
0.0044
0.0038
0.011
0.0046
0.0022
0.0514
0.0058
0.9888
0.003
0.0088
0.0066
0.0066
0.0062
0.0032
1
0.9876
0.007
0.0148
0.004
0.009
1
0.0066
1
0.005
0.0364
0.0146
1
0.0354
0.0038
0.0034
0.0036
0.9894
0.0028
0.0086
1
0.0274
0.0028
0.0032
0.0038
0.0358
0.0028
0.0068
0.0098
0.0056
0.0752
1
0.0048
0.0352
0.004
0.0052
0.0132
0.0108
0.008
0.2366
0.199
0.1546
0.0046
0.0048
1
0.0034
0.0944
0.1082
0.004
0.0042
0.0206
0.0092
0.004
0.0034
0.0622
0.0088
0.0034
0.0062
0.0028
0.0182
0.0084
0.004
0.0092
0.0254
0.0044
0.008
0.004
0.0044
0.008
0.0078
0.0058
0.0616
1
0.008
0.0348
0.9982
0.0502
0.004
0.0306
0.0422
0.0032
0.0064
0.0056
0.0376
0.0428
0.0032
0.0106
0.0068
0.9996
0.2346
1
0.0032
0.0034
0.0074
0.0054
1
0.0038
0.0308
0.018
0.008
0.0036
0.0038
0.0094
0.0086
1
0.0046
0.004
0.0226
0.0116
0.0056
0.0084
1
0.0054
1
1
1
0.0066
0.0818
0.0048
0.012
0.0028
0.0478
0.2846
0.0052
0.0042
1
0.0092
0.006
0.0102
0.0068
0.0042
0.9912
0.006
0.0072
0.0294
1
0.0046
0.0162
0.006
1
0.015
0.0042
0.0034
0.0328
0.1314
0.004
0.0032
1
0.9994
0.0024
0.0022
1
0.0042
0.005
0.0044
0.0194
1
0.004
0.0044
0.0056
0.0034
1
0.0032
0.0054
0.0196
0.004
0.0036
0.0054
0.0028
0.007
0.0026
0.0036
1
0.003
0.009
0.0064
0.0054
0.004
0.0096
0.0114
0.0064
1
0.1268
1
0.0044
0.0462
0.0048
0.0044
0.0046
0.0032
0.004
0.0074
0.0084
0.0048
0.0614
0.0066
0.0032
0.0084
0.1046
0.003
0.0712
0.031
0.0048
0.0034
0.0082
0.004
0.023
0.0052
0.081
1
0.0072
0.0266
0.0096
0.0264
0.0284
0.0514
1
0.0106
0.0036
0.2682
0.0052
1
1
0.048
0.0034
0.0116
0.1184
0.0314
0.0054
0.0142
0.0036
0.0152
0.0038
0.0118
0.0058
0.0026
1
1
0.0054
0.0052
0.0056
0.0044
0.0298
0.0254
0.0112
0.0064
0.0572
0.0038
0.0134
0.031
0.0082
0.0028
0.0054
0.0088
0.0056
0.0832
0.0082
0.0034
0.0046
1
0.0078
0.0064
1
1
0.0072
0.0044
0.0126
0.0568
0.0036
1
0.005
0.0094
0.0036
0.0064
0.0692
0.0046
0.233
0.0048
0.005
0.0044
0.0058
0.0028
0.005
0.0058
0.1958
0.0052
0.006
0.0218
0.004
0.0048
0.0174
0.007
0.0032
0.0038
0.0792
0.0062
0.055
0.0124
0.006
1
0.0022
0.0124
0.0046
0.0658
0.0196
0.0282
0.0022
0.0028
0.0058
0.0218
0.0408
0.913
0.0198
0.0094
1
0.0054
1
1
1
0.0658
1
0.011
0.0046
0.048
0.0588
0.0036
0.0078
0.0054
0.0034
0.003
0.004
0.0044
0.0214
0.0026
0.0046
0.0132
0.0402
0.0042
1
0.02
1
0.0062
0.0054
0.0074
0.0088
0.0062
0.0094
0.0252
0.002
0.0042
0.0172
0.0092
1
0.0108
0.0028
0.0186
0.039
0.0056
0.006
0.003
0.0212
0.005
0.0072
0.004
1
0.004
0.1044
0.0028
0.0076
0.835
0.0208
0.0034
0.0292
0.016
0.0036
0.0052
0.0028
0.0102
0.0114
0.2374
0.026
0.0086
0.0044
1
0.0024
0.0096
0.004
1
0.9998
0.0226
0.0222
0.018
1
0.0026
0.0244
0.0042
1
0.01
0.0078
0.0138
0.0046
0.007
0.005
0.0034
1
0.006
0.0604
0.0084
0.0178
0.006
0.0058
0.187
0.112
0.0302
0.3266
1
0.0022
0.0332
0.0038
0.0056
0.0194
0.0054
0.0154
0.0084
0.0098
1
0.098
0.0118
0.0054
0.0122
0.0078
0.0064
0.0314
0.019
1
0.007
0.0124
0.0044
0.0038
0.0108
0.0392
0.0044
0.0198
0.024
0.0054
0.0114
0.0034
0.0122
0.0036
0.0056
0.0818
0.0058
0.0032
0.021
0.0114
0.0054
0.1038
0.0024
0.4338
0.004
0.0026
1
0.9998
0.0142
0.0042
0.0526
0.003
0.0394
0.014
0.0368
0.0052
0.0062
0.012
0.064
0.006
0.008
0.0138
1
0.0226
0.0046
0.0036
0.0098
0.0336
0.0226
0.0034
0.0174
1
0.0344
0.003
0.0106
0.0046
0.0166
0.0076
0.0048
0.0088
0.0852
0.0092
0.0036
0.1336
1
0.0044
0.004
0.0054
0.8652
0.0092
0.004
0.9734
0.0096
0.0056
0.9314
0.0068
0.951
0.0226
0.0032
0.0364
0.0234
0.0298
0.8204
0.0186
1
0.0276
1
0.0164
0.0364
0.0308
0.0052
0.003
0.0056
0.0296
0.007
0.0048
0.0054
0.0044
0.0122
0.008
0.0276
0.0056
0.9996
0.0156
0.019
0.8502
0.0034
0.008
0.0142
1
0.0248
0.0038
0.0042
0.4144
0.9998
0.0094
0.0052
0.0024
0.0046
0.029
0.5396
0.0112
0.0422
0.004
1
0.0888
0.0042
0.0146
0.026
0.0024
0.0268
0.006
0.0054
0.0052
0.004
0.0212
0.0042
0.0226
0.0276
0.0156
0.0194
0.0354
0.003
0.006
0.0038
0.0032
0.0022
0.0038
0.0032
0.0044
0.0064
0.0068
0.0094
0.0052
0.0056
0.0018
1
0.2556
0.0052
0.0048
0.0034
0.007
0.0124
0.16
0.0038
0.0036
0.0342
0.0028
0.0148
0.0234
0.0024
0.0064
0.0046
1
0.0048
1
0.0038
0.0142
0.0062
0.0104
0.014
0.0056
0.0038
0.0052
0.0042
0.0088
0.8842
0.0082
0.003
0.0388
0.004
0.0132
0.0036
0.0356
0.006
0.0082
0.0026
0.0036
0.0146
0.0096
1
0.0036
0.0172
1
0.0364
0.0292
0.0036
0.0256
0.013
0.014
0.0222
0.0102
0.9936
0.0056
0.0118
0.0536
0.0444
1
0.0032
0.008
0.0262
0.003
0.0046
0.0282
0.9996
0.0308
0.0082
0.0136
0.0084
0.0052
1
0.0344
0.037
1
1
0.2428
1
0.0376
0.0034
0.0116
0.0238
0.0076
1
0.0156
1
0.0056
0.0058
0.0138
0.0172
0.006
0.0038
0.0054
0.005
0.992
0.0292
1
1
0.0036
1
0.0128
0.012
0.0036
0.0274
0.1146
0.0044
0.0066
0.0028
0.1992
0.0044
1
0.9976
0.0032
1
0.2416
1
0.0026
0.0042
0.0488
0.0042
0.0038
0.0034
0.0016
0.0144
0.0152
0.0096
0.007
1
0.0088
0.0034
0.0014
0.0054
0.0036
0.016
0.0048
0.0154
0.1704
0.0104
0.023
0.0226
0.0196
0.0098
0.0042
0.9976
0.0026
1
0.0046
0.0378
0.0216
0.0172
1
0.01
0.0038
0.001
0.0178
0.006
1
0.0026
0.0146
0.0066
0.0032
0.0416
1
0.0026
0.0058
0.0302
0.026
0.0042
0.0036
0.0054
0.0038
0.002
1
0.0062
0.011
1
1
0.0054
1
0.0046
0.004
1
0.008
0.0048
0.0096
0.008
0.004
0.0056
0.021
0.0054
0.0076
0.9414
1
0.018
0.0036
0.0052
0.0046
0.0178
0.0172
0.0216
1
0.023
0.0038
0.0046
0.0078
0.03
0.006
1
0.008
0.014
0.0036
0.004
1
0.015
0.0072
0.884
0.0048
0.0052
0.0032
1
0.0062
0.0026
0.0038
0.0048
0.0046
0.0032
0.0044
0.0054
0.011
0.0052
1
0.0328
1
0.0022
1
0.9944
0.0552
0.0344
0.0112
0.005
0.0444
0.9796
0.0468
0.0474
1
1
0.0042
1
0.0198
0.0332
0.0028
0.005
0.0288
0.0036
0.0042
0.0052
0.0134
0.0138
0.0562
1
0.0256
0.0332
1
0.004
0.006
0.004
0.003
0.0678
0.0516
1
1
0.003
1
0.0038
0.016
1
0.0454
0.0048
0.0032
1
0.0336
0.0078
0.0182
0.0182
0.0042
0.0048
1
0.011
0.005
0.009
0.0078
0.0052
0.0046
1
0.0072
1
0.0074
1
0.0072
1
0.0336
1
0.0048
0.0028
0.0046
0.9886
1
0.0032
0.0358
0.0046
0.0044
1
0.682
0.0024
0.0032
0.0224
0.0198
1
0.0062
0.004
0.0044
1
1
0.0068
0.016
0.0042
1
0.9924
0.0038
1
0.04
0.0046
0.0054
0.0048
0.0068
0.0154
0.0044
0.0106
0.0072
0.1648
0.01
0.0086
0.0508
0.0052
0.0116
0.0096
0.008
0.0976
0.0474
0.0094
0.0406
0.0128
0.0056
0.003
0.055
0.0058
0.003
0.0416
0.0192
0.0642
0.0524
0.0352
0.037
0.0408
0.031
0.2402
0.0736
0.0052
0.0032
0.0072
1
0.0818
0.0172
0.0066
0.0204
0.0174
1
0.023
0.0262
0.0032
1
0.0272
0.0388
0.0036
0.0166
0.0028
0.835
0.0064
0.9978
1
1
0.0192
0.2142
1
0.0044
0.0168
0.0102
0.0052
0.0044
0.0108
1
0.0042
0.0158
0.022
0.984
0.9148
0.0178
0.025
