0.0766
4e-04
0.0662
4e-04
0.0384
0.0758
4e-04
0.0426
2e-04
4e-04
0.0038
2e-04
0
0.0764
0.0018
2e-04
0
0.0756
6e-04
6e-04
4e-04
0.0026
0.0014
2e-04
0.0016
0
2e-04
2e-04
0.0768
0
0
6e-04
0
4e-04
2e-04
6e-04
2e-04
0.001
2e-04
2e-04
0
4e-04
4e-04
0.002
0
0.001
2e-04
8e-04
2e-04
0.008
0
2e-04
0.0756
0.001
8e-04
2e-04
0
0.0012
6e-04
0.0012
2e-04
2e-04
6e-04
2e-04
0
0.0016
0
6e-04
2e-04
0
0.0756
6e-04
0.001
2e-04
2e-04
0.0016
2e-04
0.001
0.0028
2e-04
2e-04
0.0026
8e-04
2e-04
4e-04
4e-04
0.0024
2e-04
4e-04
0.055
8e-04
0.0604
8e-04
0.0024
8e-04
0.0016
8e-04
0.0012
4e-04
2e-04
0.0018
0.0022
0.0012
0.0026
0
0.0754
0
0.001
2e-04
0.0538
8e-04
0.0024
0
0.0016
0.0558
0.001
8e-04
2e-04
0.0012
0.0056
0.0012
6e-04
0.001
0.0388
2e-04
0.0016
6e-04
0
0
6e-04
0.0762
6e-04
0.0758
4e-04
2e-04
0.001
0.0016
0.0026
6e-04
2e-04
0.0032
0.0014
8e-04
0.001
0.0014
0.0018
0
0.0016
6e-04
0.002
0.0774
6e-04
6e-04
0.077
0.0756
2e-04
8e-04
4e-04
6e-04
0.0016
8e-04
0.001
0.0196
0
0.002
0.0178
0.0062
2e-04
0.0758
0.0092
0.0044
0.001
0.0012
0.0022
2e-04
0.0072
0.0032
4e-04
0.0012
0.014
0.0762
0.0734
0.0768
4e-04
0.0236
2e-04
0.0076
4e-04
4e-04
0.0038
2e-04
6e-04
0
0.0026
0.0126
6e-04
0.001
0.0452
8e-04
4e-04
6e-04
6e-04
8e-04
0.0086
0.0026
0.0066
6e-04
0.0526
0.004
0
0.004
6e-04
2e-04
8e-04
4e-04
8e-04
0
4e-04
0.0754
0.0038
0.001
4e-04
0
0
6e-04
0.0042
0.0064
0.0034
0.003
0.0018
0.0016
0.0758
0
0.0022
0.0012
0.0014
6e-04
4e-04
0.0012
4e-04
0.0766
0.076
0.003
6e-04
0.077
4e-04
0.002
0.0014
4e-04
0.0764
0
6e-04
8e-04
8e-04
0.0012
0.0742
0.0056
0.0766
4e-04
4e-04
6e-04
0.0014
2e-04
6e-04
0
2e-04
2e-04
0.0768
0.0026
0.0034
4e-04
2e-04
0.0756
0.0012
0.077
4e-04
4e-04
4e-04
0.001
0
4e-04
8e-04
0.0762
0.0758
0
0.0754
0.0046
4e-04
0
0.0748
0.0764
0.0756
4e-04
2e-04
2e-04
2e-04
2e-04
0.0764
0
0.0754
0
2e-04
0
2e-04
2e-04
0.0766
0.0762
4e-04
0.002
2e-04
0.0286
8e-04
0
6e-04
4e-04
0
6e-04
0
0
6e-04
0.0766
2e-04
0.0024
4e-04
0
0
0.077
4e-04
0.0014
2e-04
0
0
0.003
0.0072
6e-04
2e-04
6e-04
0
0
0
0
4e-04
0.0602
0.0764
0.0762
4e-04
2e-04
0
4e-04
0.0012
0.0092
0.0326
4e-04
0
2e-04
0.0012
0.0752
2e-04
2e-04
0
0.0012
0
0.0758
0
0.001
0.0022
0.0726
8e-04
0.0766
6e-04
0.0762
2e-04
0.0294
2e-04
4e-04
0.076
4e-04
2e-04
0.076
0
0
2e-04
0.0764
2e-04
4e-04
2e-04
0
0.076
0
2e-04
0.0756
2e-04
6e-04
0
4e-04
0.0018
0.077
0.0024
0.0014
0
4e-04
0.0018
0.0014
8e-04
0
2e-04
0
0.0082
0.0012
0.0766
2e-04
4e-04
0.0012
2e-04
0.0258
0.003
0.002
6e-04
2e-04
0.0024
0
0.0756
0.0044
0.0026
0.0026
0.0756
0.075
0.003
4e-04
6e-04
8e-04
0.0756
0.0034
0
0.0118
0.0758
6e-04
0.0102
0.0138
0
0.0762
0.0412
0.069
6e-04
0.075
0
0
0.0758
0
8e-04
2e-04
0
0
0.0752
0.0012
0.0048
0.0758
8e-04
0.0026
2e-04
0.0012
0.0016
0.0738
0.0766
0.0012
0.0752
4e-04
2e-04
0
0
0.061
0
0
0.0768
0
6e-04
6e-04
0.0012
8e-04
0.001
0.076
0.0016
0
0
0.0754
0.0064
0.0116
6e-04
0.001
0.002
0
6e-04
0
0.075
2e-04
4e-04
0
8e-04
0
0
0.0752
8e-04
0
0.076
4e-04
0
6e-04
2e-04
0.001
0.003
4e-04
0.0764
0.0014
0.0012
0.0012
2e-04
0.0026
0.0016
2e-04
0.0046
0.002
0.0754
0.001
8e-04
4e-04
0.0024
0.0764
0
4e-04
2e-04
6e-04
0.0754
0.0012
0.0756
0.0752
0.0026
0.0022
4e-04
0.001
0.076
2e-04
2e-04
0.0014
0.0012
0.0762
0.0762
2e-04
0.003
0.0758
0.0024
2e-04
8e-04
6e-04
0.076
0
0
2e-04
2e-04
0
0
0.0694
6e-04
0.0758
0.077
2e-04
0
0.076
2e-04
0.0756
0.0766
0
8e-04
0.0756
0.0748
0.0762
0.0018
0
0.002
0.003
0
0
2e-04
4e-04
0
8e-04
0
0.001
4e-04
0.0022
0.0074
6e-04
0.0018
4e-04
2e-04
0.0022
0.0764
6e-04
0.0752
0.0758
6e-04
