0.037
0.01
1
0.011
1
0.011
0.0018
0.0112
0.0024
0.0124
0.0216
0.0026
0.0338
0.0152
0.0072
0.0122
0.006
0.0066
0.004
0.0026
0.0072
1
0.0112
0.0108
0.0046
0.0034
0.0168
0.0022
0.0174
0.0036
0.9978
0.004
0.0028
0.0058
0.0088
0.017
0.0044
0.003
0.003
0.002
0.0038
0.0246
0.0024
0.009
0.0774
1
0.0188
0.0076
0.0208
0.0038
0.0242
0.0044
0.0024
0.0048
0.0066
0.0158
0.0112
0.9994
0.0114
0.0618
0.0104
0.0042
0.0226
0.044
0.0052
0.0268
0.0136
1
0.0022
1
0.0122
0.0022
0.0284
0.0044
0.1148
0.0214
0.5388
0.014
0.01
0.0444
0.0456
0.0076
0.0154
8e-04
0.0094
0.0198
0.0014
1
0.0118
0.4444
0.004
0.0082
1
0.0028
1
1
0.0046
0.0142
0.7166
0.011
0.0196
0.004
0.017
0.004
0.0068
0.1198
0.014
0.0042
0.011
0.0104
0.0026
0.0076
0.0026
1
0.0176
0.005
0.0032
0.0092
0.0086
0.2084
0.0052
1
0.009
0.0276
0.001
0.0144
0.0062
0.0016
0.0142
0.0032
0.0024
0.0068
0.02
0.0256
0.0022
0.016
1
0.0566
0.091
0.0118
1
0.0022
8e-04
0.0092
0.0014
0.0014
0.001
0.0016
0.0114
0.0804
0.0026
0.002
0.003
0.0038
0.016
0.0032
0.002
0.003
0.0398
0.0374
0.0114
0.0024
0.004
0.005
0.0024
0.0088
0.0018
0.0026
0.0026
0.005
0.0032
0.0022
0.001
0.004
0.014
0.0212
0.021
1
0.021
0.0112
0.0012
1
0.0044
0.0058
0.0102
1
0.0038
1
0.0028
0.0038
0.0024
0.0116
0.0022
0.163
0.9998
0.0042
1
0.0186
0.034
0.0218
0.412
0.0092
0.0852
0.0038
0.0502
0.0038
0.0408
0.0234
0.0022
0.0078
0.0024
1
0.0074
0.0076
0.0034
1
0.0206
0.013
0.023
0.0014
4e-04
0.0022
0.0264
1
0.0054
0.0038
0.0284
0.0038
0.0186
0.0016
0.0034
0.0382
0.0034
0.013
0.0022
0.0028
0.0068
0.0062
0.0594
0.0164
0.0056
0.0104
0.0118
0.003
0.017
8e-04
0.0018
0.0048
0.0028
1
0.003
0.0248
0.005
0.0414
0.0018
0.0028
0.0038
0.0028
0.052
0.0092
1
0.0014
1
0.0048
0.0232
1
0.0042
1
8e-04
0.0018
0.0026
1
0.0024
8e-04
0.002
0.003
0.0022
0.0024
0.0258
0.0014
0.0066
0.0094
0.0052
1
0.0022
0.0032
0.0248
1
1
1
0.0094
1
0.0042
0.0024
0.0028
0.0032
0.0084
0.0026
0.0044
0.003
0.001
0.0038
0.011
1
1
0.0034
0.0094
0.0074
0.0192
0.0066
0.0052
1
6e-04
0.0028
0.0024
0.0046
0.001
0.0014
0.005
0.0016
0.0016
0.0058
0.0048
0.001
0.0102
0.0052
0.2178
0.2936
1
0.006
0.0082
8e-04
0.0104
0.0034
0.0202
0.0138
1
1
0.2572
1
0.0022
0.0322
0.0224
0.1004
0.027
8e-04
1
0.0012
0.0054
0.0072
1
0.0116
0.0234
0.015
0.0018
0.0014
0.0076
0.0088
0.017
0.005
0.0044
0.9188
0.0282
0.0146
0.017
1
0.0196
0.012
1
0.003
0.0156
1
0.0118
0.9918
0.0024
0.004
0.0118
0.0014
0.0176
0.9972
0.0096
0.0128
1
0.0018
0.0048
1
0.6028
0.0102
0.0066
0.0222
0.011
0.0024
8e-04
0.002
0.0154
0.002
0.0024
0.0184
0.0096
0.0086
0.0138
0.0116
0.0144
0.0074
0.0024
0.0012
0.0146
0.0014
0.0034
0.0052
0.0246
0.0128
0.0166
0.002
0.0118
0.0044
0.0214
1
0.0026
0.002
0.0152
0.0684
0.004
0.0218
1
1
0.0058
0.0172
1
0.001
0.0116
0.002
1
0.019
0.0018
0.0028
0.0166
1
0.934
0.0074
0.0028
1
0.0396
0.0054
0.0012
0.0038
0.0016
1
0.0014
0.0022
1
0.0016
0.0026
1
0.0354
1
0.0026
0.0052
0.0028
0.0058
8e-04
1
0.002
0.0102
0.0236
0.0144
0.0016
1
0.0032
0.699
1
0.021
1
8e-04
0.0138
0.0216
0.0162
0.0016
0.0016
0.0932
0.005
0.011
0.0014
0.0418
0.0038
0.0028
1
0.0016
0.0018
0.0012
0.012
1
0.006
0.0134
0.0016
0.0196
0.9998
0.0448
0.003
0.0116
1
0.0036
1
0.0048
0.025
0.003
0.9954
0.0034
0.9856
0.002
0.0032
0.0024
0.0078
0.002
0.6784
0.0034
8e-04
0.004
0.0056
0.004
0.0046
0.0052
0.1894
0.017
0.0222
0.0028
0.039
0.033
0.4946
6e-04
0.0012
6e-04
0.0042
0.0118
0.019
0.0296
0.0338
0.0026
0.001
0.0056
0.0094
0.0198
0.0052
0.0184
1
0.0018
1
0.001
0.033
0.021
1
0.0274
0.0152
0.9996
0.0016
0.003
0.0036
0.0136
0.0142
0.001
1
0.0026
0.0046
0.0016
4e-04
0.0264
0.0296
0.0164
0.0088
0.004
0.0044
0.0046
0.0174
0.003
0.0022
0.0186
1
0.0136
0.0222
0.002
0.0148
0.0038
0.1306
0.0014
0.0044
0.0018
0.5882
0.001
0.0032
0.0052
1
1
0.013
0.0026
0.9084
0.0024
1
0.0016
1
0.0016
0.9932
0.2394
0.0022
0.0014
0.0036
0.0028
0.0186
0.0124
0.008
0.0208
0.0642
1
0.0022
0.0014
0.023
0.0722
0.0016
0.0022
0.0018
0.0022
0.0032
0.0012
0.6886
0.0018
0.0068
0.0024
0.0678
8e-04
0.0048
0.0028
0.0024
0.0984
0.0016
0.002
0.0052
0.0116
0.0324
0.0018
1
1
0.002
0.0162
0.0132
0.0022
0.0012
1
0.0144
0.0014
1
0.8946
0.002
0.0122
1
0.0068
0.0124
0.0014
0.0144
1
0.022
0.0244
0.0054
0.0256
0.0018
0.0014
1
1
0.007
1
0.0082
0.004
0.0064
0.0016
0.051
0.0014
1
0.0016
0.0026
0.0176
0.016
0.0102
0.0016
0.0024
0.0026
0.002
0.001
0.0082
0.0078
8e-04
0.004
0.9944
1
0.0048
0.0114
0.059
0.02
0.9998
0.0014
4e-04
0.003
0.0012
0.367
1
1
1
0.023
1
0.0036
0.0288
0.0384
0.02
1
0.0044
8e-04
0.0026
0.0168
0.0032
0.0144
0.0126
0.014
0.0246
0.9996
0.0042
1
1
1
0.0302
0.0206
1
0.0074
1
0.0094
0.9808
1
1
1
0.0036
0.0132
0.0174
0.0016
1
0.0012
0.0158
8e-04
0.0034
0.002
0.0068
0.973
1
1
0.0016
1
0.0028
0.1702
0.0174
0.0086
8e-04
8e-04
6e-04
2e-04
0.0014
0.002
1
0.039
0.0014
0.0032
1
1
0.0016
1
0.9998
0.9978
0.0014
0.0016
0.0034
1
0.0144
0.001
0.0044
