0.003
0.0016
1
0.001
2e-04
1
8e-04
0.0012
0.0022
0.001
0.001
8e-04
6e-04
0.0026
6e-04
0.0016
0.001
6e-04
0.001
0.001
0.002
2e-04
0.0026
0.0026
0.001
0.0016
0.0016
8e-04
0.012
0.0014
8e-04
6e-04
0.0018
0.0014
4e-04
0.0018
6e-04
0.001
8e-04
0.0014
2e-04
2e-04
6e-04
0.0012
0.0016
0.001
6e-04
0.0022
0.001
0.0014
0.002
0.0014
0.0024
8e-04
6e-04
0.0012
0.001
0.001
4e-04
8e-04
4e-04
6e-04
0.0014
0.0024
0.0016
4e-04
0.0018
0.001
0.0014
0.001
8e-04
0.0016
6e-04
0.0032
0.0016
0.0024
0.0016
8e-04
8e-04
0.001
0.001
8e-04
0.0168
0.0024
6e-04
6e-04
4e-04
8e-04
0.001
0.0034
0.0026
0.0016
0.001
0.001
0.002
0.0012
8e-04
0.001
6e-04
8e-04
0.0018
4e-04
4e-04
0.0014
0.0024
0.001
0.0018
6e-04
0.0024
6e-04
8e-04
0.001
6e-04
0.0026
0.0214
6e-04
0.0014
0.0054
0.0014
0.0014
2e-04
6e-04
2e-04
0.0014
8e-04
8e-04
0.0016
0.0016
0.0034
6e-04
8e-04
4e-04
8e-04
0.0014
0.0012
0.001
6e-04
0.0022
6e-04
0.0028
0.0018
4e-04
8e-04
4e-04
0.0014
6e-04
0.0012
0.0024
0.0036
4e-04
8e-04
0.0022
0.001
0.001
6e-04
0.0024
8e-04
0.0028
0.0012
0.001
0.0012
0.0076
4e-04
6e-04
4e-04
0.0018
0.0012
0.0018
8e-04
2e-04
8e-04
8e-04
0.0018
0.0028
0.0022
0.001
8e-04
8e-04
0.0142
8e-04
0.0014
0.0014
4e-04
0.0014
0.001
0.0052
8e-04
0.0026
2e-04
0.001
8e-04
0.0012
0.0014
0.0014
4e-04
8e-04
0.004
8e-04
0.0026
8e-04
0.001
0.0016
0.0014
0.0124
8e-04
0.0014
8e-04
8e-04
8e-04
0.0024
0.001
0.0022
0.001
0.0024
0.0018
0.0162
0.001
0.0022
0.0062
0.0012
0.0142
0.001
0.0026
0.0016
0.0016
6e-04
0.0012
0.0012
4e-04
8e-04
0.001
0.0022
0.0016
0.001
0.001
6e-04
4e-04
0.0018
0.0016
0.0012
0.9654
0.0018
8e-04
0.0014
0.9982
8e-04
2e-04
8e-04
0.0028
1
0.0024
0.0012
0.0012
8e-04
0.001
0.0028
0.0088
0.9998
8e-04
8e-04
0.001
0
0.0012
0.0228
0.0014
8e-04
6e-04
8e-04
6e-04
0.0022
0.001
6e-04
0.0016
0.0022
0.0022
0.0014
6e-04
0.0014
8e-04
6e-04
0.001
6e-04
0.0076
0.001
0.0022
6e-04
0.001
0.0026
0.0014
6e-04
0.0018
4e-04
8e-04
0.0012
0.0016
0.0012
0.0036
0.0016
0.001
6e-04
2e-04
0.004
2e-04
0.0018
2e-04
0.0012
6e-04
0.0012
6e-04
4e-04
6e-04
0.0016
0.0026
0.0012
0.0018
0.0016
0.0028
0.0024
0.0018
0.0016
0.0188
0.003
4e-04
8e-04
0.0024
0.002
0.0062
0.0018
8e-04
0.0014
4e-04
0.002
0.0044
0.001
0.0016
4e-04
0.003
0.0016
8e-04
0.0018
0.0022
0.0018
0.0012
0.0016
0.0016
8e-04
0.0016
0.002
8e-04
8e-04
0.01
0.0048
0.001
0.0178
8e-04
8e-04
0.0012
0.0012
8e-04
8e-04
8e-04
0.002
4e-04
6e-04
4e-04
4e-04
0.0074
0.012
0.0012
0.0026
0.0028
2e-04
0.001
2e-04
0.0014
6e-04
4e-04
0.0026
8e-04
0.0028
0.0018
0.0012
0.0022
8e-04
0.0014
0.0014
8e-04
0.006
0.002
0.0016
0.0022
0.0014
0.0012
0.0022
0.0022
0.0012
0.3266
6e-04
0.0036
0.0012
0.0014
0.0032
0.001
0.0016
0.0026
0.0014
0.0026
0.0018
0.0016
8e-04
0.0012
8e-04
8e-04
0.0022
8e-04
0.0106
0.002
0.0082
0.0026
0.0026
0.0022
0.0206
2e-04
0.0014
0.0058
0.003
6e-04
0.0016
0.001
6e-04
0.0034
0.0012
8e-04
0.0014
0.007
2e-04
4e-04
2e-04
0.0022
0.0016
0.0022
6e-04
0.0018
0.0012
0.001
0.002
0.0026
8e-04
0.0012
0.002
8e-04
4e-04
0.0012
0.0016
6e-04
6e-04
1
8e-04
8e-04
2e-04
6e-04
0.0014
4e-04
0.132
8e-04
0.001
0.0032
0.0016
0.001
8e-04
0.002
0.0012
0.001
0.108
0.0014
4e-04
0.0016
0.0024
6e-04
0.0046
0.0014
0.0012
8e-04
0.0048
0.004
0.0016
4e-04
4e-04
0.0014
0.0014
0.0036
0.0014
4e-04
6e-04
0.0014
0.001
8e-04
0.0926
0.001
0.001
0.0086
4e-04
6e-04
8e-04
8e-04
0.0012
4e-04
4e-04
0.008
8e-04
0.0076
0.0036
0.0104
4e-04
0
0.0022
0.0012
0.001
4e-04
6e-04
0.001
0.0012
0.0014
0.0032
0.0014
0.0014
0.0426
0.0016
0.0012
0.004
8e-04
0.0018
6e-04
0.029
0.0014
6e-04
0
2e-04
0.0022
0.0018
0.0018
6e-04
8e-04
6e-04
6e-04
0.0012
4e-04
2e-04
0.0012
0.0036
6e-04
6e-04
0.0058
8e-04
0.0018
0.0018
0.001
0.002
0.0016
0.0024
0.0022
0.0012
0.0012
0.005
0.001
0.001
0.7924
0.0014
0.0024
0.002
0.0022
0.011
0.002
0.001
0.009
0.011
0.002
8e-04
0.001
0.0016
8e-04
0.0018
0.0018
0.0042
0.0024
0.0036
0.0076
0.002
0.0026
0.006
0.001
8e-04
0.001
6e-04
0.0014
0.0022
0.0012
0.0012
0.002
8e-04
