0.0242
0.0202
1
1
1
0.3956
0.0116
1
1
0.9998
0.1742
0.0242
0.276
0.0142
0.0222
0.0354
0.0294
0.0136
0.0412
1
0.0176
0.0196
0.2174
1
0.06
0.043
0.0126
0.8918
0.9992
0.0386
0.0158
1
0.0082
0.04
0.0682
0.0118
1
0.0116
0.0472
1
0.0228
0.1804
0.0342
0.2274
0.0168
0.2466
0.0956
1
0.0128
0.0114
1
0.0794
0.019
0.0148
0.1354
0.0256
0.035
0.0132
1
0.0358
0.0194
0.011
0.0144
1
1
0.0148
1
0.0524
0.016
0.0418
0.0094
1
1
0.0438
0.0108
0.8958
0.0094
0.0126
0.0244
0.169
0.1094
1
0.3318
0.0224
0.0154
0.0074
0.0564
0.0104
0.015
0.012
0.0144
0.0104
0.0108
0.016
0.0142
0.4336
0.008
0.0166
0.0122
0.0126
0.0124
0.01
0.014
0.0286
0.0108
1
0.0124
0.0124
0.0202
0.01
0.0104
0.0154
0.0092
0.017
0.0166
0.0182
0.0204
0.0148
0.0172
0.0118
0.9978
0.0212
0.013
0.0126
0.9998
0.0152
1
1
1
1
0.0138
0.012
0.0138
1
0.0142
0.0114
0.0094
0.0108
0.0134
0.0146
0.0138
0.0096
0.022
0.0126
0.0614
0.028
0.0128
0.0272
0.0122
0.0144
0.0132
0.038
0.0128
0.0228
0.0122
0.2598
0.0194
0.0166
0.0176
0.013
0.0098
1
0.1136
0.4464
0.0362
0.0096
0.0152
1
0.0102
0.0092
0.0164
0.0096
1
0.0222
1
1
1
1
1
0.0192
0.0106
0.0076
0.0364
0.0194
0.0992
1
1
0.0106
0.0084
0.0352
0.0262
0.0116
0.235
0.2942
0.0184
0.0178
0.5748
1
0.014
0.0128
0.0112
0.012
0.0212
0.224
0.0102
0.0112
0.0242
0.0316
0.0372
0.0106
0.8588
0.0224
0.0086
1
0.0128
0.0398
0.0142
0.013
1
0.0176
0.9994
0.0104
0.0156
0.0816
0.0118
0.0116
0.011
0.0202
0.0398
0.0108
0.0346
0.0096
0.0204
0.0102
0.0664
1
0.0326
0.0218
0.0106
0.008
0.025
0.0132
0.0116
0.0092
0.1266
0.0272
0.0104
0.1214
1
0.0972
0.0284
1
0.0124
0.0096
0.0152
0.0186
1
0.0142
0.0638
0.0192
0.0168
0.9996
0.0112
0.0108
0.008
0.0086
0.0552
0.8214
0.0124
0.0238
0.0116
0.0144
0.0148
0.0246
0.0286
0.0154
0.0252
0.0096
0.0166
0.0178
0.0078
0.0142
0.444
0.0108
0.0146
0.012
0.014
0.0186
0.0116
0.5576
0.0112
0.0144
0.0132
0.0168
1
0.0166
0.0222
0.0152
0.0168
0.0084
0.042
0.014
0.0162
1
0.0124
0.3668
0.0084
0.011
0.017
0.2032
1
0.035
0.0116
0.0114
0.0116
0.0096
0.0222
0.01
0.0194
0.0094
0.0098
0.0274
0.0184
0.5818
0.0098
0.0154
0.0084
0.2912
0.0178
0.0156
0.0106
0.0172
1
0.0224
0.0116
0.0148
0.91
0.5572
0.0136
0.0158
0.0258
0.0146
0.0098
0.0194
1
0.011
0.0128
0.0136
0.8846
0.0082
0.0334
0.0098
0.0196
0.0278
0.0134
0.0114
0.028
0.3962
0.6438
0.0258
1
0.9646
0.0138
0.6244
0.0202
0.1016
0.1952
0.109
0.0176
0.0362
0.0174
0.0438
0.0176
0.0152
0.0272
0.0098
0.0082
0.0128
0.0112
0.0236
0.0236
0.021
0.0182
0.1538
0.0132
0.0112
0.0176
0.0144
0.0114
1
0.0136
0.0126
1
1
0.011
1
0.01
0.0162
0.026
0.0148
0.8688
0.0104
0.012
0.0122
0.0098
0.0144
0.0276
1
0.0336
0.0374
0.0182
0.0154
0.014
0.0394
0.023
0.0196
0.0126
0.0098
0.0186
1
0.012
0.0188
0.0096
0.013
0.1326
0.0426
0.0158
0.0142
0.011
0.0422
1
0.0278
0.0328
1
1
0.4002
1
0.5808
0.0306
0.0114
0.0118
0.0152
0.0096
0.0104
0.0116
0.0194
0.0118
1
0.0144
0.0114
0.0146
0.0196
0.0766
0.0138
0.0118
0.0196
1
0.9078
0.0246
0.0122
0.015
0.0176
0.01
0.0126
0.0128
0.021
0.0158
0.011
0.2724
0.013
1
0.017
0.015
0.0646
0.0094
0.0166
0.0158
0.0096
0.0184
0.0156
0.0172
1
0.0076
0.0158
0.0152
0.0284
1
0.9996
0.0128
0.0116
0.0274
0.0156
1
0.0482
0.0102
0.0214
0.0078
0.0086
0.0292
0.2504
0.0086
0.0138
0.0136
0.0822
0.0126
0.0074
1
0.0166
0.0138
0.0122
0.0326
0.0164
0.0144
1
1
0.0156
0.0114
0.0172
0.0534
0.0204
0.9846
0.0338
0.0136
0.1184
0.024
0.016
0.043
0.2606
0.0188
0.0276
0.0148
1
0.0152
0.5442
0.021
0.029
1
0.0348
0.0708
0.017
0.0172
0.0258
0.119
0.0132
1
0.0144
0.03
0.0326
0.0144
0.9982
0.0472
0.0136
0.0136
0.0234
0.026
0.0144
0.0122
0.0126
1
0.0134
0.0148
0.0082
0.0138
0.0204
0.049
0.023
1
0.0112
0.9948
0.022
0.01
0.0108
1
0.0126
0.0104
0.0158
0.0142
0.0226
0.0086
0.009
0.0128
0.0112
0.0658
0.0136
0.0106
0.0788
0.0102
0.011
0.0206
1
0.0156
0.015
0.0132
1
0.008
0.0128
1
0.0104
0.5528
0.1068
1
1
0.9906
0.0226
0.045
0.129
0.025
0.0522
0.0292
0.0344
0.0128
0.0196
0.0162
0.0132
0.0158
0.051
0.0228
0.025
0.0114
0.0138
0.0194
0.0452
0.0222
0.0128
1
1
0.0102
1
0.0122
0.026
0.0684
1
0.0122
1
0.025
0.0176
0.0152
0.0148
0.0102
0.0164
0.0228
0.1246
0.2746
0.015
1
0.0214
0.856
0.0276
0.0146
0.01
0.0166
0.4262
0.0122
0.0138
0.0188
0.0178
0.0104
1
0.0116
0.021
0.011
0.0226
0.0136
0.013
0.0136
0.0138
0.9926
0.0312
0.0234
0.0416
0.0118
0.0136
0.019
0.008
0.0168
0.0104
0.0152
0.011
0.0358
0.0156
0.3776
0.0084
0.01
0.0094
0.0138
0.6608
0.0126
0.0084
0.0112
0.0106
0.014
0.0154
0.0378
0.0104
0.0146
0.9998
0.0126
0.0848
