0.0106
0.0268
1
0.0104
0.0312
0.0356
0.0102
0.0194
1
0.0208
0.0116
0.9794
0.0144
0.0868
0.0206
0.0088
0.008
0.045
0.0154
0.0214
0.0248
0.4592
0.011
0.0152
0.013
0.137
0.069
0.0124
0.018
1
0.0102
1
0.0094
0.0182
0.013
0.023
0.018
0.079
0.0286
0.0132
0.0112
0.268
1
0.0132
0.013
0.0094
0.0078
0.0146
0.014
0.0492
0.0388
0.0166
0.0094
0.0106
0.0268
0.0212
0.01
0.0334
0.0118
0.011
1
0.0114
1
0.0204
0.0468
0.0168
1
0.0244
0.0224
0.0094
0.0974
0.1162
1
0.0078
0.0114
0.1854
0.0124
0.0086
0.0098
0.0698
0.0096
0.0274
0.9992
0.0112
1
0.0272
0.0146
0.692
0.0262
1
0.009
0.1748
1
0.0078
0.0588
0.0104
0.0456
0.0148
0.0104
0.01
0.0262
0.0172
0.027
0.009
0.0124
0.0196
1
0.0094
0.0238
1
0.0112
0.0088
0.0454
0.224
1
0.0114
0.01
0.016
1
0.0126
0.0094
0.0096
0.0108
0.011
0.0098
0.5498
0.0104
0.0108
0.0208
1
0.0148
0.0098
0.0136
0.0144
0.0146
0.0166
0.5838
0.0172
0.012
0.0066
0.0104
0.0222
0.0622
0.015
0.0558
0.0104
0.039
0.0118
1
1
0.0814
0.0098
0.0322
0.0352
0.0148
0.0226
0.0274
0.0242
0.0272
0.0122
1
0.0316
0.0084
0.013
0.0124
0.0088
0.0702
0.045
0.0158
0.0152
1
0.0238
0.0152
0.0094
0.0124
0.0166
1
0.0098
0.0092
0.0116
0.0446
0.0162
0.0118
1
0.0184
0.0482
1
0.1256
0.0122
0.0106
0.9314
0.0114
0.015
0.0138
0.0388
1
0.018
0.9998
0.0106
0.0484
0.0114
0.0372
0.0314
1
0.0108
0.0216
0.0734
0.019
0.0094
0.0108
0.4216
0.012
0.0102
1
0.0122
0.0192
0.012
0.018
0.0148
0.016
0.0078
0.0152
0.0104
0.0106
0.0196
0.009
0.0106
0.0288
0.0152
1
0.0122
0.5896
0.0196
1
0.5814
0.0106
0.0122
0.0108
0.0266
0.0098
1
0.0102
0.01
0.0114
0.0234
0.013
0.026
0.008
0.044
0.0088
0.0184
0.009
0.0132
0.0164
0.0134
0.0148
1
0.0342
0.0122
0.0166
0.0104
0.02
0.0096
0.9708
0.007
0.009
0.0662
0.996
0.011
0.0114
0.0484
0.0078
0.025
1
0.0112
0.0116
0.0136
0.0372
0.0102
0.014
0.0094
0.0074
0.0094
0.0194
0.0166
0.4866
0.1138
0.0088
0.016
0.0162
0.0112
0.0104
0.0344
0.9942
0.0088
1
0.2906
0.0142
0.0138
0.0598
0.0148
0.0088
0.0086
0.0298
0.021
0.02
0.012
0.0098
0.1646
0.0502
1
0.0094
0.9992
0.0146
0.0134
1
0.0286
0.0166
0.0176
0.063
0.0094
0.0114
0.0238
0.0178
0.0104
0.02
0.0086
0.3618
0.033
0.0088
0.0148
0.019
0.0554
0.0174
0.022
0.0102
0.0272
1
0.0132
0.056
0.0124
0.04
1
1
0.013
1
1
0.0164
1
0.0246
1
0.089
0.0188
1
0.0144
1
0.0172
0.087
0.0102
0.0138
0.0094
0.011
0.0092
0.6986
1
0.011
0.01
0.0102
1
0.0084
0.0158
0.0128
0.0142
0.0094
0.0146
0.0142
0.0218
0.0196
1
0.0072
1
0.0174
1
0.0452
0.0138
0.018
0.0122
1
0.0408
0.0162
0.9872
0.018
0.7876
0.01
0.9248
0.0226
0.0328
1
0.6388
0.0134
0.011
0.0248
0.1346
0.0086
0.0114
0.0092
0.01
0.0162
0.0108
0.0104
0.0132
0.1052
0.0138
0.0226
0.0184
0.0152
0.0094
0.0218
0.0134
0.0164
0.0328
0.0664
0.9914
1
0.0116
0.0136
0.0276
0.025
0.0124
0.007
0.012
0.0124
0.0136
0.0092
0.0094
0.0154
0.0118
0.0128
0.039
1
1
0.7246
0.0122
0.0092
0.1224
0.0098
0.0076
0.0554
0.0128
0.0296
0.032
0.0116
0.0086
0.01
0.011
0.0446
0.015
0.0492
1
0.0378
0.0316
0.1538
0.01
0.0144
0.0392
1
1
0.0252
1
0.0118
0.169
0.0226
1
1
1
1
0.0166
0.994
0.0098
0.02
0.0114
0.0314
0.0156
0.0092
0.0122
0.0122
0.0288
1
0.0518
0.0114
0.0164
0.0088
0.013
0.0134
0.031
0.0204
0.0084
0.038
1
0.019
0.0094
0.012
0.0106
0.0278
0.0512
0.0102
0.021
0.0118
0.0152
0.9958
0.0164
0.0116
0.0082
0.014
0.01
0.0102
0.0764
1
0.9114
0.01
0.01
0.0124
0.0326
0.008
1
1
0.0098
0.017
0.0124
0.021
0.011
0.503
0.0092
0.015
0.0092
0.0164
1
0.0114
0.0142
0.0122
0.0124
0.009
0.0108
0.0162
0.0084
0.009
0.0094
0.0222
0.01
1
0.0124
0.0122
1
1
1
0.01
0.0632
0.014
0.0078
0.0196
0.014
0.0196
0.0098
0.0124
0.0088
0.0092
0.008
0.9816
0.0368
0.0102
0.0444
0.14
0.0122
0.0148
0.0186
0.0116
0.036
0.0212
0.0072
0.0076
0.0288
0.0562
1
0.016
0.0086
0.0082
0.0198
0.018
0.0096
1
0.0238
0.0082
0.0618
0.0154
0.01
1
1
0.0202
0.0426
0.0104
0.051
0.011
1
0.0166
0.0152
0.0092
1
0.015
0.0082
0.008
0.0516
1
0.0098
0.0132
0.9174
0.024
0.0116
0.0194
0.9778
0.0136
0.0216
0.01
0.0146
0.0184
0.0408
0.0148
0.0116
0.0162
0.017
0.0112
1
0.5888
0.0076
0.0124
0.0098
0.017
0.012
0.0204
0.0258
0.0102
0.011
0.0096
0.0092
1
0.0196
0.0282
0.012
0.0122
0.013
1
0.0108
0.0104
0.0106
0.0136
0.022
0.0072
0.0252
0.0146
0.014
0.0126
0.0096
1
0.0106
0.0136
0.2224
0.0126
0.021
0.0798
0.0172
0.0084
0.011
0.0088
0.0144
0.0152
0.0106
0.0104
0.008
0.0536
0.012
0.0114
0.0274
0.0118
0.0116
0.01
0.0118
0.0108
0.0116
0.0162
0.0102
0.0184
0.9998
0.009
0.01
0.0662
0.0086
0.0118
0.9874
0.0114
0.017
0.0194
0.021
0.027
0.0122
0.0104
0.0448
0.0082
0.0072
0.021
0.0096
0.0122
0.009
0.0088
0.0104
0.0116
0.01
0.0094
0.012
0.01
0.022
0.0142
0.0106
0.0104
0.0108
0.0092
0.0078
0.0204
0.0076
0.0136
0.013
1
0.0168
0.015
1
0.0092
0.008
0.0316
0.0086
0.0506
0.0088
0.0094
0.012
0.009
0.0082
0.0826
0.0678
1
0.0724
0.0574
0.0286
0.0156
0.0128
0.01
0.0108
0.9972
0.9998
0.446
0.0228
0.0244
0.0238
0.014
0.0138
0.022
0.0306
0.0128
0.013
0.077
0.0114
0.0112
0.0136
0.009
0.012
0.014
1
0.0142
0.0236
0.1036
0.0198
0.0286
0.0086
0.3056
0.0076
0.0082
0.0108
1
0.0132
0.0158
0.0238
0.0206
0.0236
0.0092
1
0.02
0.0062
0.0232
1
0.0324
0.0122
0.0076
0.0162
0.0076
0.0768
0.0092
0.0244
0.0126
0.0786
0.0088
0.0206
0.011
0.0978
0.0092
1
0.0214
0.0294
0.0154
0.012
1
1
1
0.0182
0.0108
0.0098
0.0226
0.0304
0.0096
0.009
0.008
0.0104
0.017
0.0126
1
0.0094
0.0146
0.0154
0.0136
0.0084
0.0106
0.016
0.0404
0.9898
0.0118
0.0126
0.0966
0.0402
0.012
0.8874
0.0074
0.0496
0.014
0.0104
0.0232
1
0.5216
0.0284
0.0112
0.0258
0.008
0.0126
0.049
1
0.0134
0.0088
0.0068
1
1
1
0.0102
0.0496
0.0098
0.0112
0.0238
0.009
1
1
0.013
0.0064
0.0198
0.0138
0.0098
0.0342
0.014
1
0.0266
0.0242
0.0356
1
1
0.0104
1
0.015
0.0292
0.011
0.0286
0.4486
0.0156
0.0124
0.0156
0.0366
0.012
0.987
0.0116
0.025
0.0404
0.0274
1
0.011
0.0108
1
0.0186
0.0118
0.0188
0.0096
0.0174
1
0.0084
0.0156
0.998
0.0086
0.0184
1
0.01
1
1
0.1216
0.0156
0.0212
0.009
0.0632
0.0096
0.1718
0.0202
0.0384
0.0624
0.0146
0.0226
0.0108
0.0096
0.012
0.0092
0.0284
0.0148
0.055
0.0272
0.0116
1
1
0.044
0.4818
1
0.0098
1
0.0156
0.011
0.9922
0.0124
0.0418
0.0362
0.0518
0.0078
0.048
0.0124
0.0218
0.0106
0.012
0.9424
0.0436
0.0178
0.0156
0.03
0.0224
0.01
0.0116
1
0.0206
0.0092
0.0172
0.011
0.013
0.0134
0.0088
0.0936
0.0724
0.0278
0.0276
0.7754
1
1
0.0118
1
0.0248
0.0184
1
1
1
0.0116
0.019
0.0202
1
0.0344
0.0342
1
0.0576
1
0.0172
0.9952
0.0792
0.0124
0.0694
0.0146
0.0128
1
0.0346
1
0.0166
0.0152
0.0206
0.0102
0.0136
0.0168
0.0416
1
0.0112
0.0146
0.011
0.0336
0.0554
0.0128
0.0128
0.0328
0.0244
1
0.0124
0.019
0.0118
0.9832
0.0116
0.0188
0.0108
1
0.0272
0.011
0.0188
0.0238
0.012
0.0166
1
0.0142
0.599
0.1374
0.015
1
1
1
0.009
0.0332
0.0148
1
1
0.0116
0.0076
1
1
1
0.0094
0.0248
0.021
0.0108
0.0156
0.0426
1
0.0202
0.2292
0.257
0.9976
0.0572
0.5008
0.0148
0.014
0.0264
0.009
0.0086
0.026
1
1
0.0096
0.013
0.0126
0.0914
0.012
0.0228
1
0.9868
0.0218
1
0.019
0.0776
0.0566
0.0264
0.472
0.0072
1
0.0126
0.0142
0.0378
0.0068
0.0146
1
0.0188
0.0178
0.0114
0.0208
0.011
0.0156
0.0202
1
0.8832
0.0136
0.0104
0.0102
1
0.0116
0.0124
0.0248
0.0138
0.0156
0.9998
0.0186
0.0128
0.0132
0.0422
1
1
0.012
0.011
0.0626
0.0138
0.0112
0.0156
1
0.1938
0.0512
1
