1
1
0.021
0.1198
0.007
0.0274
0.0238
0.0042
0.0082
0.0134
0.0062
0.0054
0.02
0.0074
0.5564
1
0.0046
0.0036
0.8212
0.0072
0.005
0.0074
0.0096
0.015
0.0138
0.007
0.007
0.0072
0.0326
1
0.0178
0.0604
0.0818
0.0058
0.0206
0.0312
1
0.0226
0.0064
1
1
0.0232
0.049
0.02
0.0178
0.0284
0.0348
0.019
0.004
0.0074
0.025
0.0124
0.0324
0.0062
0.0186
0.0042
0.0084
0.5744
0.0278
1
0.007
0.0038
0.0132
0.0074
0.0048
0.0288
0.0134
0.7816
1
1
0.008
0.0232
1
0.0058
0.0134
0.0164
0.0168
0.0058
0.4486
0.0222
0.0106
0.998
0.0158
1
0.6502
0.007
0.9996
0.0106
0.006
0.0122
0.6108
0.01
0.008
1
0.0034
0.0174
0.0122
0.0044
0.9984
0.37
0.0294
0.0142
0.9108
0.0088
0.0062
0.0054
0.0096
1
0.0072
0.0186
0.0082
0.9042
0.014
1
0.7134
0.0278
0.0058
0.0036
1
0.0176
0.0052
0.0136
0.0154
0.0254
0.0112
0.0936
0.0118
0.006
0.0116
0.0116
0.0136
0.033
0.1732
0.0092
0.0054
0.0056
0.0036
0.0056
0.0054
0.0362
1
0.0128
0.0108
0.029
0.0388
0.0072
0.007
0.134
0.0074
0.0056
0.011
0.0126
0.004
1
1
0.0764
0.009
0.0052
0.9944
0.0094
0.004
0.007
0.0452
0.0122
0.9998
0.013
0.0078
0.0146
1
0.007
0.0044
0.0056
0.0042
0.0286
0.0052
0.0086
0.005
0.0058
0.02
0.006
0.005
0.0276
0.0384
0.0096
0.007
0.0052
0.906
0.0118
0.0054
0.0058
0.0064
0.0046
0.0062
0.0156
0.006
0.0046
0.0152
0.0116
0.0062
0.007
0.0052
0.1178
0.0772
0.0078
0.0092
0.0064
0.0076
0.005
0.0106
0.0178
0.0056
0.2898
0.0144
0.0054
0.0084
0.0036
0.0042
0.8842
1
0.0202
1
0.0058
0.0046
1
0.0082
0.0044
0.0042
0.0044
0.0078
1
0.0036
0.0062
1
0.0612
0.0056
0.0498
0.0074
0.007
1
0.0036
0.006
0.0404
0.0062
0.0094
0.9998
0.0116
0.9894
0.0682
0.018
1
1
0.017
1
0.0194
1
0.006
1
0.0278
0.0122
0.0168
0.0078
0.0062
0.0294
0.0484
1
0.0104
0.009
0.0038
0.006
1
1
0.0202
0.0208
0.0044
0.0062
0.0066
0.0952
0.0042
0.0054
0.0048
0.0066
0.0074
0.0094
0.007
0.0522
0.0608
0.0048
0.006
0.005
0.0146
0.0092
1
0.0096
0.005
0.015
0.0188
0.0058
0.3798
0.0056
0.0052
1
0.9996
0.007
0.009
0.0044
0.013
0.0068
0.0074
0.0108
0.0116
0.019
0.0086
0.0044
0.0116
1
1
0.0076
0.0814
0.0054
0.0112
0.0062
0.0062
0.0098
0.0072
1
0.0866
0.0074
0.0062
0.0068
0.0222
0.0052
0.0042
0.0112
0.0054
0.0048
0.0062
0.0072
0.9848
0.0038
0.1068
0.006
0.0166
0.0078
0.0046
0.0064
0.0106
0.0062
0.007
0.0122
0.0082
0.0068
1
0.0156
0.0052
0.0052
0.0062
1
0.0068
0.0138
0.0088
1
0.006
0.0088
0.005
1
0.009
0.0072
0.0062
0.0064
0.0492
1
0.0244
1
0.0234
0.006
1
0.0146
0.0054
0.0058
0.0696
1
0.739
0.006
1
0.0062
0.0056
0.032
0.0056
0.5048
0.0068
0.0222
0.006
0.0304
0.0038
1
0.0084
0.0056
0.0062
0.014
0.0058
0.0384
0.0068
0.0116
0.0054
0.0156
1
0.0106
0.014
0.0052
0.0076
0.0076
0.0036
0.0118
0.0116
1
0.0048
0.0194
0.0042
0.0068
0.0396
0.0062
0.2196
0.01
0.009
0.0072
0.0106
0.0058
0.007
0.0132
0.0184
0.0054
0.269
0.0046
0.0158
1
0.0286
0.006
0.008
1
0.0074
1
0.0052
0.033
0.0052
0.0066
0.005
1
0.0078
0.0054
0.0132
0.006
0.027
0.0104
0.0046
0.0058
1
0.0634
0.0134
0.0098
0.0394
0.028
0.0054
0.0072
0.0054
0.0332
0.0048
0.0054
0.0036
0.0038
0.0062
1
0.0304
0.008
0.028
1
0.0034
0.0162
0.0066
0.007
0.9602
0.0506
1
0.005
0.0072
0.009
0.0124
0.0064
0.0158
0.009
0.0052
0.0834
0.011
0.0938
0.038
0.004
0.008
0.0076
1
0.0064
0.0468
0.0056
0.0086
0.009
0.0298
0.0236
0.7028
1
0.021
0.0384
0.0172
0.0054
1
0.0314
0.0108
0.0058
1
0.0068
0.008
0.0314
1
1
0.015
0.0064
0.0158
0.0056
0.0476
0.0048
0.0224
0.0502
0.9372
0.999
0.0134
0.051
0.0058
0.004
0.0162
0.0218
0.0328
0.661
0.0174
1
0.0168
0.0074
0.0076
1
0.006
0.0344
0.1282
0.0952
0.0208
0.0232
0.0068
0.0096
0.0192
1
0.0058
0.0066
0.0124
0.0134
0.0122
0.0064
0.0246
0.0052
0.0242
0.0366
0.0042
0.0428
0.0034
0.0116
1
0.0456
0.006
0.01
1
0.0222
0.0164
0.0288
0.0066
1
0.0102
0.0188
0.0048
1
1
0.03
0.008
0.0066
0.022
0.0048
0.0082
0.0078
0.0098
1
0.0052
0.006
0.0062
1
0.5454
0.004
1
0.0054
0.1138
0.0058
0.0052
0.0096
0.0088
0.0052
0.0128
0.0134
0.0178
0.0048
0.0044
0.0192
0.0054
0.057
0.0296
0.0188
0.0348
0.0054
0.0212
0.0066
0.012
0.005
0.0058
0.0404
1
0.0048
0.004
0.0056
0.0324
0.447
1
0.7542
1
0.0066
0.0054
0.0282
0.005
1
0.007
0.0064
0.0066
0.0068
0.0266
0.036
1
0.0038
0.9928
0.005
0.0044
0.005
0.0058
0.0064
0.0052
0.0062
0.0202
0.0064
0.0074
0.0048
0.0176
0.0068
1
0.0088
0.0064
0.0064
0.009
0.0048
0.0268
0.0044
1
0.0108
1
0.0098
0.0074
0.0074
0.006
0.0064
1
1
0.0312
0.0246
1
0.0046
0.0044
0.0264
0.0054
0.014
0.8776
0.0034
0.1718
0.0102
0.013
0.054
0.0056
0.0046
0.006
0.0058
0.0066
0.0224
0.3004
0.0094
0.024
1
0.0054
0.0046
0.007
0.0056
0.0062
0.0058
0.0082
0.0042
0.0064
0.0078
0.0078
1
0.0132
0.0058
0.027
0.006
0.0048
0.0062
0.0056
0.029
1
0.0252
0.0668
0.0404
1
0.0118
0.007
0.0086
0.6564
0.0068
0.0068
1
0.013
0.0044
0.0062
0.006
0.0078
0.0068
0.011
0.0104
0.0078
0.004
1
1
0.0054
0.0054
0.0062
0.0528
0.0036
0.0064
0.0054
0.0146
0.007
0.013
1
0.0076
1
0.0128
0.0102
0.0464
0.0042
1
0.0056
0.08
0.0102
0.0074
0.0066
0.0058
0.0054
0.0068
0.0068
0.0092
1
1
0.0126
0.8044
0.0106
1
1
1
0.0076
0.0082
0.0088
0.0356
0.038
0.0048
0.0058
0.0228
1
1
1
0.0076
0.0358
0.009
0.0106
0.0052
0.0134
0.007
0.0044
0.0052
0.0136
0.0062
0.0484
0.0254
0.0078
0.8834
0.0078
0.0592
0.0082
0.007
0.015
0.0046
1
0.0054
0.0052
0.005
0.0086
0.0186
0.0054
0.0074
0.005
0.0068
0.0042
0.6958
0.0076
0.028
0.0072
0.0208
0.0148
0.0038
0.0106
0.0068
0.0134
0.0082
0.0066
0.0098
0.0072
0.006
0.0308
0.0062
0.01
0.023
0.0044
0.5002
0.0082
0.0178
0.005
0.0462
0.0082
0.0096
0.0164
0.0248
0.0062
0.0086
0.0108
0.0042
1
0.0078
0.0066
0.0076
0.0074
0.0174
0.0082
0.008
0.02
0.0036
0.0174
0.0166
1
0.015
0.0086
0.0038
0.0056
0.0064
0.0074
1
0.0152
0.0134
0.0102
0.0494
0.009
0.0096
0.0074
0.006
0.0064
0.0064
0.008
0.9974
0.0124
0.0084
0.0064
0.0072
1
0.0106
0.0074
0.0048
0.0074
0.0088
0.0054
0.0212
0.01
0.005
0.0046
0.9994
0.0266
0.008
0.0322
0.0082
0.0198
0.0056
0.0086
0.0532
0.0286
0.005
0.0058
0.0072
0.0116
1
0.0312
0.0098
0.0082
0.021
0.0786
0.006
0.0104
0.0068
0.0058
0.0068
0.0054
0.122
0.0192
0.045
1
0.0076
0.0074
0.0174
0.0078
1
0.004
0.0128
0.009
0.0068
0.0076
0.009
0.0052
0.0108
0.0044
0.0902
0.0072
0.027
0.0336
1
1
0.005
0.0046
0.0084
0.0074
0.0156
0.0222
0.0076
0.0072
0.0062
0.0098
0.0078
0.0076
1
1
0.0042
1
0.0094
0.0204
0.0204
0.0484
0.0162
0.0056
0.0082
0.9982
0.005
0.0086
0.0056
0.0042
0.0132
0.006
0.9962
0.0084
0.0054
1
0.0044
0.0062
0.0062
0.004
0.0058
0.0826
0.8604
0.0052
0.0056
0.007
0.0192
0.5594
0.0048
0.0054
0.016
0.007
1
0.0044
0.005
0.0048
0.0066
0.0098
0.0112
0.0052
0.0114
0.9548
0.0044
1
0.0048
0.0034
0.0118
0.0056
0.0118
0.0256
0.0076
0.0044
0.0072
0.0064
0.0058
0.0054
1
0.0128
0.0036
0.0092
0.0078
0.018
0.007
0.0044
0.0072
0.0236
0.0102
0.0058
0.0044
0.0064
0.0114
0.0062
0.008
0.0058
0.0072
0.0754
0.0068
0.0046
0.0368
0.0056
0.0066
0.0604
0.0302
0.0038
0.0062
1
0.0088
0.9988
0.0214
0.0136
0.0068
0.005
0.013
0.0038
0.0854
0.0074
0.0054
0.0694
1
0.0074
0.0076
0.005
0.0104
0.0262
0.0062
0.03
0.0062
0.0056
0.0266
0.9956
0.0188
0.0142
0.0046
0.0228
0.0042
0.0054
0.0176
0.0064
0.007
0.0178
0.0052
1
0.0062
0.0238
0.0082
0.0078
0.015
0.0082
0.0832
0.0114
0.006
0.005
0.008
0.0076
0.009
0.0052
0.0046
0.0056
0.0198
0.0234
0.0038
1
0.0108
0.006
0.008
0.1096
0.0076
0.0046
0.0272
0.0132
0.0064
0.0258
0.0066
0.0048
0.0162
0.0074
0.0064
0.0124
0.007
1
0.0048
0.026
0.0174
0.0026
0.0068
0.0294
0.0062
0.0092
0.0042
0.0102
0.0358
0.0044
0.006
0.0418
0.009
1
0.0114
0.0084
0.0068
0.0182
0.0112
0.006
0.0122
0.0076
0.0072
0.0138
0.0072
0.0058
0.0104
0.0066
0.0234
0.0236
0.0116
0.0436
0.0132
0.0044
0.0196
0.015
0.0072
0.0226
0.0274
0.0066
0.2892
0.0078
0.0244
0.0078
0.0194
0.0048
0.0056
0.0038
0.0122
0.0062
0.009
0.0214
0.0326
0.0034
1
0.0076
0.0046
1
0.0072
0.0064
0.0074
0.011
0.008
1
0.0256
0.0078
0.0184
0.0068
0.1206
0.0152
0.0154
0.0952
1
0.0262
0.0372
0.0048
0.0088
0.0044
0.0062
0.0118
0.5392
1
0.0044
0.0068
1
0.012
0.0064
0.2882
1
1
0.0542
0.026
0.0066
0.0042
0.0084
0.045
0.006
0.0062
0.0234
0.0136
0.0058
0.0114
0.0146
0.0336
0.0066
1
0.0422
0.0244
1
0.011
0.0062
0.0206
0.0052
0.0292
1
0.0034
0.0108
0.1008
0.0064
0.0766
0.0042
0.0128
0.0152
1
0.0068
0.009
0.0058
0.0098
0.0792
0.0072
0.0222
0.0322
0.0074
0.0156
0.0162
0.0084
0.005
0.9542
0.0666
0.0208
0.0158
0.0052
0.03
0.0088
0.0086
0.007
0.0082
0.0044
0.0286
0.055
0.0138
0.0128
0.007
0.007
0.0058
0.03
0.008
0.0056
0.009
0.0114
0.0088
0.0052
0.0102
0.0082
0.02
0.0488
0.0046
0.0062
0.0078
0.0044
0.0358
0.0066
0.0066
0.086
0.0058
0.0174
0.0064
0.0154
0.0058
0.5912
0.0262
0.0056
0.0052
0.0088
0.0164
1
0.0092
1
0.1218
0.0152
0.005
0.5684
1
1
0.1334
0.0118
0.0174
0.0074
0.0058
0.0094
0.032
0.0046
0.0112
1
0.0314
0.0048
0.0046
1
0.0074
0.0124
0.0236
0.0112
1
1
0.0122
0.0058
1
0.893
0.0214
0.0052
0.0048
0.0082
0.005
0.0578
0.009
0.0142
0.008
1
0.0252
0.0084
0.0056
0.026
0.0352
0.0306
0.0134
1
0.0054
0.0086
0.0484
0.0996
0.008
0.0206
0.0068
0.0078
0.0126
0.0548
0.0096
0.0286
0.0176
0.333
0.0476
0.0096
0.0076
0.0072
0.004
0.0078
0.008
0.0074
0.0494
0.018
0.005
1
0.0094
0.0328
0.0282
0.006
0.087
0.0172
0.038
0.0096
0.0072
0.0112
0.011
0.0128
0.0108
0.0376
0.378
0.0072
0.0112
0.2654
0.0502
0.0056
0.0042
0.0054
0.1504
0.019
0.0086
0.006
0.0056
0.0064
1
0.0052
0.0084
0.0486
0.006
0.0118
0.0052
0.009
1
0.0062
0.0064
0.0132
0.0078
0.0044
0.0088
0.0066
0.0078
0.1398
0.005
0.0088
0.006
0.0128
0.0248
0.0114
0.0066
0.827
0.1034
0.008
0.0326
0.011
0.0244
0.0088
0.0142
0.008
0.087
0.0084
0.0266
0.0186
0.0186
0.008
0.0092
0.0034
0.012
0.0348
0.0076
0.0054
0.0676
0.0264
0.0066
0.746
0.0042
1
0.0554
0.007
0.005
0.0044
1
0.0056
0.99
0.0286
0.0042
0.116
0.0056
0.0044
0.0056
1
1
0.0046
0.006
1
0.0406
0.0126
0.0132
0.0098
0.0122
0.0078
0.0136
1
0.2206
0.006
0.0612
0.0124
0.006
0.0164
0.007
0.0126
0.0084
0.012
0.9794
0.0046
0.0082
0.0092
1
0.0122
0.0172
0.0128
0.009
0.0298
0.0094
0.016
0.0082
0.0048
0.009
0.0172
1
0.012
0.011
0.025
0.0164
1
0.0066
0.0064
0.0068
0.0044
0.0494
0.0054
0.044
0.0128
0.022
0.2662
1
1
1
0.1752
0.0062
0.0328
0.0168
0.0142
1
0.0058
0.9998
0.0344
0.0252
0.574
0.0156
0.0106
0.0052
0.0328
0.0226
0.0054
0.0062
1
0.008
0.0066
0.0036
0.0062
0.005
0.0048
0.0294
0.0044
1
1
1
0.0068
0.0232
0.0044
0.0066
0.0042
1
0.0028
0.0046
0.006
0.0066
0.0224
1
0.01
1
1
0.0342
0.0098
0.0078
0.0048
0.0036
0.006
0.5162
1
0.0144
0.0066
1
0.0088
1
0.0086
0.0078
0.0054
0.0452
0.0398
0.0082
0.0104
0.0134
0.007
1
0.0036
0.023
0.0078
0.0194
0.0076
0.0056
0.0048
0.0074
0.0208
0.0444
0.2696
0.007
0.0044
0.0048
0.0066
0.0292
0.0182
0.0644
0.0152
0.007
0.0066
0.017
0.0076
0.013
0.7608
0.0054
0.0164
0.0058
0.0188
0.0536
0.0104
0.0092
0.0088
1
0.0312
0.999
0.0232
0.0086
0.0078
0.0204
0.0882
0.0056
0.0106
0.0262
0.0374
0.017
0.4116
0.0928
0.0136
0.0158
0.0092
0.0114
0.0062
0.0082
0.8608
0.0046
0.4132
0.0146
0.0066
0.0078
0.0046
0.1022
0.0076
0.0062
0.3604
0.024
1
0.003
0.0118
0.0044
0.0068
0.0146
1
1
0.022
0.005
1
0.0096
0.006
1
0.0084
0.0198
0.0066
0.0144
0.008
0.0062
1
0.0064
0.0092
1
1
1
0.0048
0.0044
1
0.0218
1
0.0058
1
1
1
0.009
0.007
1
0.0052
0.0158
0.032
1
0.0106
0.0974
0.0056
0.0042
0.0054
1
1
1
1
0.0094
0.0062
0.0242
0.064
0.0052
1
0.0066
0.0096
0.009
0.0214
0.006
0.0046
0.0052
0.0058
1
0.0062
1
1
0.0088
0.0184
0.0174
1
0.005
0.0078
0.033
1
0.0374
0.5314
0.0192
0.0466
0.0202
0.067
0.021
0.0144
0.007
0.0108
0.022
1
0.012
0.2666
0.0266
0.0252
1
0.0162
0.0162
1
1
0.0172
0.016
0.0158
0.5942
0.0052
1
0.0412
0.0272
1
0.0074
0.0058
0.0212
0.0328
0.0204
0.014
0.0318
0.0438
0.0334
0.0058
1
0.0104
0.0652
0.0052
0.0044
0.0098
0.0036
0.042
1
0.006
0.0184
0.0064
1
0.6236
1
0.0056
0.0048
0.554
0.0382
0.0192
0.025
0.0034
0.0066
0.0048
0.0272
0.0134
0.0262
0.0154
0.02
0.0242
0.9394
0.0082
0.005
0.008
1
0.027
0.0054
0.0088
0.0064
0.0072
1
0.0466
0.0076
0.0342
0.0048
1
0.0062
0.005
0.006
0.9912
0.0058
0.0098
0.0048
0.0062
0.0148
0.0058
0.0058
0.0078
0.0142
0.0054
1
1
0.0504
0.026
0.0188
0.0218
0.0128
0.0242
0.0312
0.0188
0.0618
0.0188
0.0114
0.0098
0.0046
0.0042
0.005
0.0032
0.0076
0.0042
0.0144
0.0188
0.007
0.0058
0.0188
1
0.9988
0.0054
0.0064
0.0044
1
0.024
0.9998
0.0046
1
1
0.0116
0.0076
0.01
0.0072
1
1
0.0394
0.0222
0.0054
0.0208
0.0078
0.0142
0.0062
0.0052
0.0198
0.0072
0.021
0.0046
0.0464
0.0188
1
0.0058
0.0064
0.0082
0.0238
0.0048
0.0082
0.0144
0.0068
0.0082
0.0426
0.0164
0.0336
0.0318
