0.006
0.0124
1
0.057
0.008
0.0078
0.0054
0.044
0.0154
0.0154
0.0188
0.0106
0.0168
0.0218
0.0162
0.0098
0.006
0.029
0.013
0.0094
0.0112
0.0122
0.0082
0.0088
0.0098
0.0142
1
0.0106
0.0054
0.009
0.0178
1
0.0138
0.009
0.0056
0.0078
0.0148
0.0036
0.0062
0.9998
0.0096
0.0222
1
0.0028
0.4172
0.0084
0.0058
0.0078
0.0062
0.004
0.0086
0.0104
0.005
0.009
0.008
0.0052
0.0028
0.0074
0.0122
0.9994
0.012
0.0062
0.0054
0.0036
0.0058
0.0442
0.0082
0.0696
0.0082
0.032
0.9994
0.0074
1
1
1
0.0068
0.0086
0.006
0.004
0.008
0.0066
0.0116
0.0066
0.1024
0.0068
0.055
0.0048
0.6006
1
0.0106
0.007
0.004
0.0086
0.0054
0.0096
0.006
0.0086
0.0184
1
0.0084
0.0094
0.0568
0.0038
0.0044
0.6424
0.0082
0.005
0.0078
0.0126
0.006
0.0076
0.0164
0.911
0.0044
0.0078
0.004
0.0054
0.0136
0.0058
0.0116
0.0064
0.0036
0.0094
0.0086
0.0072
1
0.0034
0.0086
0.0046
0.0208
0.0082
0.015
0.016
0.0032
0.0152
0.009
0.0106
1
0.0044
0.007
0.0068
0.0062
0.0084
0.6044
0.0144
0.0144
0.0056
1
0.0076
0.0052
0.0058
1
0.9962
0.0106
0.0398
0.0124
0.0066
0.0042
0.018
0.0044
0.0108
0.0038
0.0056
0.0082
0.007
0.0328
0.0078
0.0052
0.0916
0.0228
0.0082
0.0106
0.0066
0.0182
1
0.0172
0.0074
0.0056
0.006
0.006
0.0052
0.0068
0.0202
0.0058
0.006
0.0336
0.007
0.0074
0.0132
0.0058
0.0068
0.0044
0.0072
0.0058
0.003
0.0054
0.0036
0.0044
0.0022
1
0.0108
0.0072
0.0138
0.0064
0.0456
0.0034
0.0204
0.0028
0.0068
1
0.006
0.0276
0.005
1
0.0042
0.0078
0.0628
0.0268
0.031
0.007
0.0046
0.0474
0.0096
0.0046
0.0074
0.0054
0.0064
0.0114
0.003
1
1
0.0142
0.0066
1
0.0174
0.0064
0.6478
0.0064
0.038
0.0058
0.0116
0.1304
0.008
0.007
0.007
0.0142
0.006
1
0.003
0.068
0.0046
1
0.0154
0.005
0.0048
0.0086
1
0.0098
0.0168
0.005
0.0142
0.0074
1
0.0412
0.01
0.0144
0.0072
0.0052
0.0056
0.0012
0.0068
0.997
0.0992
0.0036
0.0084
0.0058
0.0078
0.0076
0.0066
0.0068
0.0062
0.0182
0.0168
0.0122
1
0.008
0.0182
0.01
0.0136
0.0068
0.0066
0.0118
0.0056
1
0.0088
0.0082
0.0042
0.004
0.0076
0.0078
0.003
0.006
0.0052
0.0044
0.0036
0.0098
0.0082
0.0048
0.014
0.0088
0.0086
0.0066
0.0054
0.0066
0.027
0.0072
1
0.0048
0.0178
0.0038
0.0074
0.0074
0.0054
0.0088
1
0.005
1
1
0.0048
0.0066
0.0228
0.0062
0.0062
0.0222
0.007
0.0068
0.0056
0.007
0.008
0.0108
0.0066
0.009
0.0064
0.0116
0.0112
0.0108
0.0068
0.0068
0.0346
0.006
0.0252
0.0048
0.0108
0.0236
0.0066
0.007
0.0092
0.0084
0.0056
0.018
1
1
0.006
1
0.0232
0.0084
0.008
0.0034
0.0102
0.0072
0.0106
0.0168
0.0156
0.01
0.0036
0.0102
0.005
0.009
0.009
0.0126
0.004
0.0078
0.126
0.0046
0.0126
0.0034
0.0142
0.0076
0.0044
0.0034
0.0428
1
0.2368
0.0106
0.0042
0.012
0.006
0.0144
0.0516
0.0044
0.0022
0.0076
0.0086
0.0026
0.0048
0.0132
0.0082
0.0036
0.0074
0.0036
0.017
0.0286
0.003
0.0046
0.0042
0.0062
0.004
0.0058
0.0098
0.0036
0.0448
0.0096
0.0056
0.0078
0.0084
0.0046
0.003
0.0056
0.005
0.0056
0.008
0.008
0.006
0.005
0.0028
0.007
0.006
0.005
0.0028
0.0054
0.0044
0.0086
0.0076
0.0048
0.047
0.0082
0.0032
0.0038
0.0056
0.003
0.0048
0.0036
0.005
0.0084
0.0078
0.0084
0.004
0.0058
0.006
0.0062
0.0104
0.0076
1
0.004
0.0074
0.0242
0.0046
0.005
0.0038
0.004
0.0162
0.0056
0.0058
0.0132
0.0062
0.0078
0.0042
0.0064
0.0056
0.0042
0.0058
0.0046
0.0072
0.0064
1
0.0048
0.0162
0.0052
0.0062
0.0068
0.0036
1
0.0066
0.0084
0.0098
1
0.006
0.0084
0.0064
0.0036
0.0034
0.0052
0.0064
0.0038
0.004
0.0432
0.019
0.0044
0.0064
0.9634
0.0098
0.0078
0.0044
0.013
0.0042
0.0056
0.043
0.0176
0.0142
0.0086
0.8404
0.0044
0.0038
0.0082
0.0084
0.0048
0.9998
0.0046
0.0094
0.0062
0.0068
0.0048
0.0054
0.0042
0.0086
0.0044
0.0076
0.0056
1
0.0064
0.0074
0.0026
0.0056
0.1614
0.0056
0.0038
0.0104
0.0054
0.0068
0.006
0.0108
0.0066
0.0074
0.0068
1
0.0058
0.0062
0.0078
0.0048
0.8224
1
0.0094
0.0062
0.0076
0.0042
0.009
1
0.007
0.0196
0.9998
0.0154
0.007
0.011
0.0056
1
1
1
0.0144
0.0028
0.0116
0.0058
0.0706
0.0156
0.005
0.0054
0.0178
1
0.007
0.0124
0.0052
0.0042
0.0072
0.004
0.0104
0.0068
0.0186
0.0098
0.0054
0.0058
0.009
0.0066
0.0044
0.0072
0.0058
0.0724
0.0066
0.0052
0.0074
0.0032
0.1178
0.0042
0.0088
0.002
0.0038
0.0056
0.0174
0.0122
0.0046
0.0054
0.0058
0.0084
0.0056
0.0166
0.0118
0.0054
0.008
0.006
0.0098
0.0134
0.004
0.0078
0.0042
0.003
0.0076
0.0052
0.0068
0.0058
0.0074
1
0.0064
0.0038
0.0112
0.0066
0.006
0.0086
0.011
0.007
0.0106
0.0072
0.0088
0.006
0.0114
0.0056
0.0076
0.0068
1
0.0054
0.0112
0.0084
0.0046
0.0112
0.0132
0.0036
0.0058
0.0046
0.008
0.0056
0.0068
0.0084
1
0.005
0.0108
0.0096
0.0046
0.0152
0.0102
0.0128
0.004
0.0078
0.0088
0.0072
0.008
0.0068
0.0104
0.0036
0.0078
0.0142
0.009
0.0036
0.0142
0.0054
1
1
0.006
0.0056
0.0028
0.024
1
0.0066
0.0178
0.0064
0.0044
0.033
0.0172
0.006
0.012
0.0084
0.0046
0.0084
0.0096
0.0084
1
0.0036
0.0132
0.0046
0.0046
0.0226
0.0124
0.0056
0.0078
0.0052
0.0066
0.9988
0.0436
0.0056
0.0104
0.0062
0.0054
0.0052
0.0058
0.0034
0.0098
0.0092
0.005
0.6788
0.0098
0.0038
0.0074
0.0044
0.0072
0.0036
0.0108
0.0218
0.0062
0.0138
0.0066
0.1756
0.0084
1
0.0054
0.0188
0.01
1
0.0098
0.0064
0.0076
0.0268
0.0114
0.0136
0.0236
0.0138
0.0086
0.0092
0.0046
0.0232
0.0012
0.0234
0.7682
0.0098
0.0036
0.0196
0.0098
0.0122
0.011
0.015
1
0.0052
0.0264
1
0.006
0.0048
0.0054
0.0082
0.0066
0.0094
0.0088
0.0138
0.0148
0.009
0.0042
0.8894
0.0126
0.0066
0.0038
1
0.0086
0.0398
0.0038
0.0104
0.0124
0.0084
0.0044
0.0022
0.0196
0.0146
1
0.9414
0.0058
0.0088
0.0058
1
1
1
0.0082
0.3316
0.0616
0.9984
0.1152
0.0038
0.128
0.056
0.0076
1
0.005
0.01
0.0042
0.0054
1
0.007
1
0.0316
0.0054
0.0054
0.009
0.0062
0.738
0.0204
0.0116
1
0.0062
0.0056
0.0078
0.004
0.0062
0.011
0.0046
0.0142
1
0.0048
0.0052
0.0166
0.0038
1
0.024
0.0068
0.0082
0.004
0.0118
0.0152
0.0076
0.006
0.0056
0.006
0.053
0.0022
0.0068
0.0262
0.0088
0.0046
1
1
0.0082
0.0094
0.0084
0.005
0.0214
1
1
0.0076
1
0.0056
0.004
1
0.0084
0.0064
0.0092
0.0418
0.0198
0.0242
0.8816
0.007
1
0.0048
0.0088
0.0044
0.0092
0.0088
0.0088
0.009
1
0.0042
0.015
0.004
0.0202
1
1
1
0.9564
0.0056
0.0152
1
0.006
0.017
0.0142
0.0074
0.0078
0.0146
0.0134
0.0074
0.0046
0.2172
0.0092
0.009
0.0042
0.006
0.0076
0.0074
0.008
0.0068
0.0468
1
0.0116
1
1
0.0072
0.0078
0.006
0.0152
0.0076
0.0058
0.0808
0.004
0.011
0.0192
0.038
0.0064
0.0152
0.0272
0.0106
0.0066
1
0.0094
0.0086
1
0.0124
0.0088
0.019
0.0138
0.0212
1
1
0.008
1
0.0106
0.0132
0.0066
0.3184
0.0076
0.0068
0.0078
0.0066
0.0102
0.0236
0.0102
0.0066
0.0098
0.0064
1
0.0062
1
0.01
0.0076
0.0096
0.0154
0.0086
0.0108
0.0112
1
0.0048
0.0136
0.0146
0.0246
0.996
0.0042
1
0.0132
0.0038
0.004
0.0104
0.0056
0.0072
0.0064
0.0056
0.011
0.0092
1
0.0194
1
0.0048
0.0042
0.006
0.0132
0.0088
0.9982
1
0.0196
0.0072
0.0212
0.0146
0.0126
0.0066
0.022
0.0044
0.0054
0.0232
0.0044
0.0064
0.0038
0.012
0.005
0.0058
1
0.0062
0.1074
0.007
0.0108
0.0068
0.0072
0.0092
0.0066
0.004
0.007
1
0.0114
0.0176
0.0074
0.005
1
0.0072
0.0126
0.0116
0.0058
0.0042
0.0168
0.0062
0.0144
0.008
0.003
0.006
0.0102
0.0068
0.009
0.0032
0.4324
1
0.0038
0.0088
0.025
0.0046
0.2924
0.0084
0.0048
0.0092
0.008
0.0076
0.0036
0.0092
1
0.0122
0.0346
0.0046
0.0056
0.004
0.2926
0.995
0.0102
1
0.0248
0.0152
0.0096
0.0088
0.0044
0.0264
0.0036
0.008
0.0124
0.0094
0.013
0.0076
0.0096
0.0048
0.0096
1
0.0084
0.004
0.0152
0.1352
0.0272
0.0078
0.0052
0.002
0.0094
0.008
0.0102
0.0066
0.0078
0.0218
0.0082
0.0036
0.0148
0.0124
0.0066
0.0062
0.0066
0.0114
1
0.0094
0.0076
0.0148
0.0176
0.0102
0.0044
0.0044
0.034
1
0.0076
0.0156
0.0114
0.0114
0.0166
0.0084
0.008
0.0084
0.009
0.008
0.0078
0.0116
0.0082
0.009
0.0086
0.0098
0.0054
0.006
0.0156
0.0092
0.0116
0.0158
1
0.005
0.007
0.0044
0.0094
0.122
0.0084
0.0082
0.0038
1
1
0.0112
0.0102
0.0032
0.0116
0.0112
0.9994
0.0328
1
1
0.0042
0.0038
0.008
0.0068
0.0148
0.0068
0.0096
0.0286
0.0358
0.0102
1
0.0064
0.0028
0.0088
0.0068
0.0128
0.0072
0.003
0.0106
0.0134
0.0118
0.0226
0.0104
0.022
1
0.0034
0.0162
1
0.007
0.0082
0.6864
0.0036
0.0088
0.0104
0.0092
1
0.0182
1
0.0104
0.0108
0.0656
0.0516
0.0058
0.1414
0.012
1
0.0068
0.0172
0.0094
0.0052
0.005
0.007
1
0.0182
1
1
0.0068
0.0136
0.0074
0.008
0.0092
0.0116
0.0236
0.01
0.0126
0.0128
0.2844
0.0122
0.0128
0.0246
0.009
0.0102
0.1418
0.0936
0.0108
0.0084
0.0092
0.0126
0.0164
0.0102
0.0098
0.0124
0.015
0.2866
0.0092
0.0074
0.011
0.0156
0.0144
0.0148
0.0128
0.013
0.0106
0.1836
0.0144
0.0076
0.0144
0.018
0.0108
0.0066
0.0444
0.0242
1
0.011
0.0106
0.9994
1
0.0102
1
0.0118
0.0074
0.034
0.0626
1
0.0132
0.0166
0.014
0.0166
0.009
0.0104
0.0092
0.0184
0.014
0.019
0.0254
0.0098
0.0148
0.0088
0.0312
0.0204
0.0116
0.0122
0.0132
0.0168
0.0162
0.018
0.0032
0.0152
0.0136
0.0134
0.0212
0.0124
0.0396
1
0.0046
0.016
0.0118
0.0128
0.0378
0.7958
0.1004
0.0142
0.0118
0.0206
0.0168
0.0554
0.0276
0.0106
0.0162
0.036
1
0.015
0.023
1
0.0044
0.0246
0.0132
0.0188
0.0164
0.0242
0.0168
0.7812
0.0118
0.0136
0.0162
0.0238
0.0344
0.9996
0.0044
0.0058
0.9898
0.3246
0.705
0.0116
0.0162
0.3226
0.0032
1
0.0082
0.0172
0.0126
0.0176
0.023
1
0.0036
0.0138
0.0126
0.0124
0.0156
0.008
0.267
1
0.0104
0.0194
1
1
0.0132
0.0082
0.028
0.4578
0.0234
0.0146
0.3544
0.0082
0.0094
0.0146
1
0.0142
0.0156
0.0118
0.3612
0.0164
0.0142
0.0132
0.0236
0.4302
0.01
0.0096
0.029
1
0.0188
0.0092
0.032
0.0172
1
0.0154
0.0302
0.1176
0.017
0.9994
0.0078
0.9986
0.0162
0.019
0.0126
0.0152
0.0098
0.0182
0.0172
0.1588
0.0132
0.013
0.0238
0.0092
1
0.0072
0.008
1
1
0.0134
0.0132
0.0134
0.0106
0.9954
0.0078
0.0096
0.0184
0.007
0.0108
0.0092
0.0076
0.0056
0.3764
0.003
0.008
0.01
0.0164
0.0156
0.0096
0.0076
1
0.0126
0.0076
0.004
0.0064
0.0032
0.0178
0.0092
0.0152
0.0078
0.0118
0.01
0.0066
0.0054
0.005
0.0072
0.0116
1
0.004
0.008
0.0116
0.004
0.0142
0.009
0.014
0.0082
0.9974
0.0118
0.037
0.0124
0.0272
0.0194
0.0112
0.0114
0.0276
0.0088
0.011
1
1
0.0104
1
0.0068
1
0.0112
0.0102
0.006
0.0056
0.012
0.034
0.0114
0.018
0.0044
0.0084
1
1
0.0092
1
1
0.0048
0.013
0.0104
1
0.0054
1
1
0.0036
0.0098
0.0052
0.0124
0.0092
0.0316
0.0066
0.0068
0.0212
0.0024
0.009
0.017
0.0066
0.019
0.0028
1
0.0068
1
0.0042
0.01
1
1
1
0.0438
0.0042
1
0.0072
1
0.007
0.024
0.0034
0.0062
1
1
0.006
0.0064
1
0.006
0.007
0.0056
0.0026
0.0068
0.0068
0.0046
1
0.0338
0.0128
0.0064
0.003
0.004
0.0092
0.0096
0.4416
0.0072
0.003
0.0264
1
1
0.0032
0.0034
0.0062
0.0588
0.0136
0.0046
0.0068
0.0062
0.0078
1
0.0066
0.0096
0.011
1
0.0086
0.0376
0.9858
0.0048
0.0148
1
0.0058
0.0058
0.0058
0.0632
1
0.0324
0.0086
0.0116
1
0.007
0.0092
0.0064
0.0042
0.0046
0.0072
0.0132
0.0722
0.019
0.0154
1
1
0.004
0.0042
0.0078
1
0.0038
0.014
0.0064
0.0032
0.0034
0.006
0.007
0.0196
0.0058
0.0094
0.0038
0.0102
0.0066
1
0.0076
0.007
0.0066
0.0064
0.0188
0.0172
0.0052
0.0066
1
0.0106
1
0.0074
0.0176
0.0164
1
0.015
0.0638
1
0.0094
0.003
0.0026
0.0076
0.0034
0.0104
1
1
0.0064
0.005
1
0.0158
1
0.0548
0.0108
1
0.0142
0.0086
0.0084
0.0056
0.0046
0.0064
1
0.0092
1
0.0048
0.0054
1
0.011
0.0116
1
0.0096
0.008
0.0082
0.0072
0.0046
0.0106
1
0.0096
0.0166
0.0062
0.0094
1
0.0102
0.0146
0.0068
0.0148
0.0102
0.0102
0.0788
0.0232
0.0088
1
0.0128
0.009
0.0152
0.0222
0.0082
0.0228
0.0076
0.011
0.011
0.0136
0.0092
1
0.8336
0.009
0.1572
0.0176
0.0066
0.036
0.0074
1
0.0152
0.0124
0.0978
1
0.011
0.008
0.0078
0.0052
0.0044
0.0206
0.0128
1
0.0078
1
0.0202
1
1
0.0156
0.0158
0.0096
0.0088
0.0294
0.0474
0.0128
0.0084
0.0188
1
0.0052
0.0056
0.0072
0.0092
0.0046
0.0058
0.003
1
0.0026
1
0.016
0.0118
0.0064
0.0084
0.238
0.978
1
0.0418
0.0054
0.0084
1
0.022
1
0.0106
0.0266
0.0276
0.0194
0.0222
0.0272
0.0112
0.0066
0.7098
0.0128
0.045
1
0.0618
0.0072
0.0112
0.118
0.0094
0.2076
0.0526
0.0132
0.011
0.0192
0.01
0.0162
0.0148
0.0108
0.0128
0.005
0.0146
0.0228
0.0054
0.0078
0.008
0.0124
0.0056
0.028
0.0092
0.021
0.0154
0.0184
1
1
0.0032
1
0.0138
0.0094
0.0058
0.0116
0.0082
0.007
0.0122
0.0154
0.0132
1
0.0126
0.9994
1
0.0234
0.0198
0.0192
0.02
0.016
0.03
0.064
0.0746
0.0198
1
1
0.0138
0.2022
0.0326
0.0152
1
1
0.0038
0.0252
0.0182
0.0416
0.0172
0.0088
0.1568
0.0044
0.0126
0.0502
0.0118
0.0054
1
0.0136
1
0.098
0.0132
0.0158
0.0066
0.0242
0.0138
0.0276
0.0144
0.0144
0.0248
0.9954
0.3718
1
1
0.0106
0.0182
1
1
1
1
0.011
0.008
1
0.0056
0.007
0.0046
