1
0.015
0.0094
0.0184
0.0304
0.0096
0.012
0.03
0.0088
0.023
0.1392
1
1
0.0336
0.0234
0.0186
0.0168
0.1092
0.2274
0.0116
0.0198
0.0134
0.0232
0.0102
0.9644
0.0436
0.0274
0.01
0.019
0.012
0.0106
0.0116
0.0666
0.2048
0.0136
0.0232
0.013
0.873
1
0.0222
0.0182
0.9986
0.0224
0.6184
0.0126
0.0416
0.0152
0.0102
0.011
0.0206
0.1308
1
0.0174
0.013
1
0.014
0.0106
0.012
0.0106
1
0.0236
0.2072
0.0158
0.012
0.0152
0.0186
0.017
0.0862
0.0102
0.0118
0.0638
0.0138
0.0408
0.0282
0.0118
1
1
0.0128
0.0138
0.109
0.018
0.0564
0.0094
0.0258
0.0196
0.0178
0.0094
0.0104
0.01
0.011
0.0548
0.029
1
0.0098
0.0152
0.0826
0.01
0.012
0.0092
1
0.1432
0.0664
0.0128
0.0162
0.0172
0.0158
0.0136
0.0156
0.0324
0.0092
0.0134
0.0122
0.0126
0.0082
0.0096
0.0114
0.0158
0.0102
0.748
0.0134
0.0462
0.0098
0.021
0.0144
0.0088
0.017
0.013
0.0106
0.0124
0.011
0.0156
0.0224
0.0208
0.0132
0.01
0.0128
0.0138
0.0104
0.0098
0.01
0.9986
0.0096
0.0128
0.014
0.0122
0.0134
0.0212
0.0122
0.0106
0.0142
0.0112
0.0126
0.0246
0.0184
0.0132
0.0116
0.0214
0.0152
0.013
0.0116
0.1934
0.0136
0.0206
0.0088
0.0142
0.0128
0.012
0.0198
0.0536
0.9494
0.011
1
0.0152
0.0172
0.0156
0.0104
1
0.0212
1
0.0098
0.0098
0.0106
0.0092
0.169
0.0232
0.0306
0.0108
0.016
0.0172
0.0122
0.0132
0.0082
0.0098
0.0114
1
0.0194
0.0118
1
0.0186
0.0136
1
1
1
0.0104
0.0132
0.0186
0.0092
1
0.0134
1
0.0146
0.0234
0.0222
0.0152
0.0092
0.0092
0.0242
0.0106
0.0088
0.01
0.0526
0.0104
0.0164
0.023
0.0122
0.0112
0.0156
0.0376
0.011
0.0106
0.2312
0.0146
0.0218
0.0138
0.008
1
0.0108
0.0128
1
0.0406
0.0104
0.0326
0.0116
0.0094
0.0292
0.0148
0.0276
1
1
0.0236
0.022
0.011
0.0112
0.0144
0.086
0.0186
1
0.0098
0.0168
0.0906
1
0.016
0.0106
0.0094
0.0112
0.0232
0.0102
0.0142
0.0126
0.0126
0.023
0.0112
0.0082
0.0208
0.0124
0.1304
0.0116
0.0136
0.0852
0.0124
0.0152
0.0178
0.011
0.0132
0.0276
0.017
0.7066
0.0154
0.0448
0.0146
0.0124
0.0122
0.044
0.0128
0.0142
1
0.0412
1
0.8916
0.0192
0.0168
0.0296
0.013
0.0136
0.0164
0.0244
0.0222
0.0292
0.012
0.0446
0.012
0.0104
0.9994
0.0184
0.0132
0.0196
1
0.0384
0.0152
0.0162
0.0234
0.017
0.3536
0.0154
0.0106
0.0218
0.0098
0.015
0.0314
0.023
0.015
0.009
0.0096
0.014
0.0144
0.0392
0.0198
0.0118
0.0122
0.019
0.2016
0.0232
0.0088
0.0132
0.0328
1
1
0.0232
0.0116
1
0.0102
0.0192
0.063
0.0292
0.0078
0.0144
0.0202
1
0.01
0.0372
1
0.012
0.9968
0.026
0.014
0.0194
0.0196
0.0092
0.0104
0.0132
0.0134
0.0216
0.0072
0.0586
0.012
0.0208
0.026
0.0208
0.024
1
0.3454
0.011
0.0798
0.0146
0.0132
0.0126
0.0096
0.0148
0.0118
0.0108
1
0.0828
0.011
0.0146
0.0114
0.0302
0.0146
0.066
0.0082
0.0104
0.0124
0.028
1
0.015
1
0.0098
0.0116
0.0156
0.6026
0.0166
0.0114
0.0104
1
0.0386
0.029
0.0232
0.0154
0.0262
0.0168
0.7944
0.0282
0.1456
0.0092
1
0.0172
0.0232
1
1
0.0248
0.0116
0.0316
0.027
0.0324
0.0126
0.0114
0.0122
1
0.0116
0.011
0.0404
0.016
0.0198
0.0102
0.0334
1
0.0172
0.0176
0.0196
0.0202
1
0.0154
0.0186
1
0.0106
0.014
0.0096
0.0124
0.0184
0.0104
0.0128
0.0126
1
0.0124
0.0266
0.0198
0.0104
0.0128
0.0144
0.0116
0.0274
0.0136
0.0106
0.0138
0.0564
1
0.0112
0.0154
0.6672
0.01
0.0122
1
0.0164
0.013
0.0098
0.0142
0.017
0.0122
0.0116
0.0112
0.0122
0.0124
0.984
1
0.016
1
0.0146
0.0094
0.0086
0.0118
0.0122
0.005
0.0132
0.045
0.021
0.0214
0.0162
0.0138
0.01
0.026
0.0152
0.0146
0.0126
0.0108
0.0138
0.0218
1
0.0116
0.011
1
0.011
0.0142
0.9882
0.011
0.0122
1
0.0184
0.0244
0.0152
0.0124
0.0122
1
0.017
0.0086
1
0.017
0.0226
0.0144
0.018
0.016
0.0228
0.0128
0.0174
0.014
0.0116
0.0092
0.0116
0.0096
0.0134
0.014
0.0118
1
0.0086
0.0218
0.0162
0.013
0.0192
0.011
0.0122
1
0.0118
0.0148
0.0184
0.0242
0.0122
0.0108
0.0098
0.0154
0.0172
0.0328
0.033
0.0168
0.0164
0.019
0.0098
0.0136
0.0582
0.019
0.0098
0.0092
0.0594
0.5604
0.0228
0.0156
0.0114
0.0168
0.011
0.0292
0.024
0.0138
0.0098
1
0.0174
0.0284
0.0108
1
0.0184
0.0218
0.08
0.069
0.0304
0.0126
0.0146
0.022
0.0138
0.0336
0.9628
0.009
0.048
0.0158
0.0244
0.0108
0.0426
1
0.015
0.0122
0.976
0.0204
0.0088
0.0132
0.9998
0.0166
0.0336
0.0098
0.028
0.0106
0.0768
0.0312
0.024
1
0.0108
0.9932
0.0208
0.0104
0.0102
0.0248
0.0118
0.0292
0.0144
0.9974
0.0178
0.0132
0.0138
0.0182
0.1608
0.0096
0.0222
0.0124
0.0106
0.0182
0.012
0.0204
0.0092
0.609
0.0082
1
0.0162
0.0168
0.2312
0.752
0.0806
0.0178
0.0352
0.0634
0.0226
0.0128
0.011
0.3138
0.1194
0.0104
0.0086
0.1928
1
0.0274
1
0.1728
0.0126
0.035
0.0086
0.1454
0.0556
0.8332
1
0.0116
0.0116
0.0094
0.0136
0.0228
0.014
1
0.0116
0.0184
0.0118
0.3928
0.0328
0.0142
0.0206
0.0144
0.0104
0.0092
0.0162
1
0.0142
0.0224
1
0.4218
1
0.0594
0.014
0.0246
1
0.0116
1
0.0092
0.034
0.0254
1
0.1066
0.0206
0.0098
0.0298
0.104
0.0194
0.0206
0.0114
0.0102
0.0106
0.0386
0.0116
0.016
0.0112
0.0116
0.0926
0.3564
0.0378
1
0.0154
0.0252
0.0414
0.0132
1
0.0136
0.0118
0.0244
0.0202
0.9956
0.0184
0.0128
0.01
0.0212
0.012
0.0096
0.0122
0.0138
0.0194
0.0104
0.0114
0.0226
0.0266
0.0634
0.0118
0.018
0.0096
0.0126
0.0146
0.0096
0.0104
0.478
0.0116
0.0128
0.9746
0.0484
1
0.0178
0.0334
0.0522
0.0094
0.0116
0.0138
0.0104
0.108
0.0176
0.0212
0.0902
0.0204
0.0166
0.0114
0.602
0.034
0.0424
0.0194
1
0.326
0.013
0.0124
0.0144
1
0.148
0.9622
0.024
0.0408
0.0138
0.7176
1
1
0.0818
0.0166
0.1056
0.8032
0.0916
0.007
0.0174
0.0234
0.0328
0.7874
0.0102
0.0116
0.0116
1
0.0168
0.017
0.0666
0.018
0.0354
0.027
0.0192
0.0408
0.538
0.0478
0.9912
0.01
0.069
0.0206
0.008
0.1582
0.0488
0.0102
0.0524
0.1684
1
1
0.0198
0.0118
1
0.0114
1
0.0112
1
0.132
0.0126
0.0216
0.03
0.0136
0.0454
0.0112
0.0118
0.014
0.0144
0.023
0.0122
1
0.0336
0.0162
0.0218
0.0108
0.0294
0.0414
0.1012
0.0104
0.0124
0.0116
0.9992
0.9976
0.0122
0.0132
0.0288
0.0126
0.0344
0.2362
0.013
0.012
0.0108
0.079
0.011
0.084
0.0608
1
0.3924
0.0274
0.013
0.0118
0.0156
0.0104
0.016
0.0092
0.0166
0.0172
0.015
0.0132
0.0142
0.0114
0.0184
0.0094
0.0274
0.0174
0.016
0.0118
0.1982
0.0256
0.009
0.0272
1
0.049
1
0.9908
0.0696
0.0716
0.0156
0.0114
0.018
0.0124
0.0384
0.0514
0.011
0.6662
0.0278
0.0708
0.0214
0.9968
0.167
1
0.5176
0.0198
0.053
0.0118
0.0152
0.0342
0.0112
0.0162
0.0098
0.016
0.8614
0.064
0.0106
0.1088
0.0694
0.0174
1
0.0272
0.0236
0.0382
0.0284
0.01
1
0.013
0.3866
0.0152
0.0142
0.0926
0.0176
0.0192
0.0758
0.3076
0.0134
0.0236
0.0858
0.0834
1
0.009
0.0116
0.3722
1
0.0246
0.0108
0.016
0.0146
0.0392
0.4224
0.0116
0.987
0.0262
0.0732
1
0.1724
0.0152
0.9988
1
0.025
0.0144
0.0112
0.5956
0.0156
0.0176
0.0136
0.0142
0.0194
1
0.0152
0.0352
0.0332
0.0176
0.0142
0.0122
0.0224
1
0.0124
0.9986
0.0112
1
0.0338
1
0.0448
0.0142
0.9998
0.0126
0.0096
0.0106
0.259
0.0186
0.021
0.992
0.0126
0.0282
0.0126
0.0116
0.02
0.0148
0.3118
0.0286
0.0268
0.0162
0.0196
0.0118
0.021
1
0.0132
0.014
0.023
1
0.9986
0.2402
0.014
0.0078
0.0274
0.0262
0.0782
1
1
0.0442
0.0116
0.014
1
0.0294
0.0108
1
0.0106
0.0092
0.0258
0.0554
0.3212
0.011
0.4804
0.0368
0.0288
0.0164
0.1322
0.0102
0.0282
0.0182
1
0.0208
0.0142
0.013
0.0324
0.016
0.0122
1
1
0.024
0.0312
0.015
0.0232
0.0132
0.0108
0.0148
0.0158
0.0104
0.0296
0.0348
1
0.0168
0.0126
0.0118
0.0244
0.9998
0.3058
0.0136
1
0.0098
0.014
0.0216
0.0106
0.0132
0.0718
0.1428
0.0164
0.029
0.0494
0.0342
0.0138
0.0112
0.012
0.0114
1
0.104
0.013
1
0.01
0.0238
0.0184
0.011
0.0156
0.5738
0.0654
0.0182
0.0112
0.0182
0.0152
0.009
0.222
0.0116
0.0116
1
0.0116
0.9866
0.0218
0.0112
0.0108
0.0226
0.0134
0.0118
1
0.0632
0.4068
0.0104
0.0164
0.0158
0.0126
0.016
0.0266
0.0202
0.0132
0.0074
0.0112
0.7956
0.0166
0.0416
0.014
0.0802
0.0158
0.7852
0.4128
0.0122
0.0116
0.0774
0.0232
1
1
0.009
0.0118
0.0172
0.0108
0.017
0.0096
0.042
0.0148
0.0124
0.0522
0.0122
0.0416
0.0108
0.0076
0.0114
0.0116
1
0.0122
0.0162
0.0178
0.012
0.0116
0.0114
0.011
0.0212
0.0144
0.0092
0.9226
0.0416
0.0202
0.0114
0.0154
1
0.0128
1
0.0114
0.2894
0.0116
0.0182
0.0466
0.9996
0.009
0.014
0.0268
0.009
0.012
0.021
1
0.0136
0.0112
0.0092
0.0264
0.4454
0.0174
0.011
0.015
0.0352
0.008
0.0196
0.009
0.0164
0.0116
0.0134
0.0266
0.0124
0.0376
0.0182
0.0612
0.0118
0.0114
0.0144
0.018
0.0238
0.0256
0.0158
0.0158
0.0118
0.0102
0.025
0.1208
0.0112
0.0168
0.014
1
0.0152
0.0556
1
0.01
0.015
0.0158
0.0218
0.0486
0.0116
1
1
0.0218
0.0114
0.0802
0.013
0.8574
0.011
0.0794
0.0112
0.9932
0.0092
1
0.0152
0.0336
0.011
0.0176
0.5144
0.0266
0.0182
0.0132
0.0234
0.0144
0.0126
0.0266
0.0114
1
0.0142
0.0166
0.0318
1
0.0204
0.0096
0.9994
0.0252
1
0.0104
0.0284
1
0.9564
1
1
0.0454
0.0138
0.0126
0.0194
1
1
0.1738
0.0218
0.0174
0.0194
0.0142
1
0.0142
0.01
0.0416
0.0108
0.0282
0.0166
0.0748
0.0142
0.0176
0.012
1
0.0108
0.013
0.0618
0.0118
0.0122
0.0096
0.3902
0.0224
0.0162
0.012
0.009
0.0136
0.0112
0.014
0.0458
0.0162
0.0182
0.0698
0.0112
0.0394
0.0136
0.0692
0.0254
0.0114
1
0.1446
0.023
1
0.0112
0.0202
1
1
0.0132
0.0148
1
0.0358
0.0108
0.0232
0.0186
0.0222
0.0376
0.0126
0.0112
1
0.0088
0.0104
0.018
0.915
0.0114
0.0244
0.0184
0.1424
0.0152
0.0096
0.0188
0.0112
0.0116
0.0168
0.021
0.0424
0.0094
0.0362
0.0118
0.9236
0.0136
1
0.0138
0.019
0.0132
0.0178
0.0428
0.0108
0.0096
0.0268
0.0102
0.014
0.0112
0.0212
0.0122
0.023
0.0104
0.014
0.0216
0.062
1
0.2662
0.014
0.9812
0.0082
1
0.0124
0.7178
0.0154
0.0156
0.0758
0.0108
1
0.0562
0.0194
0.0178
0.0146
0.0252
0.0174
0.0348
0.0094
0.0278
0.0426
0.0094
0.0114
0.0162
0.694
0.0126
0.0398
0.0124
0.0142
0.0296
0.0186
0.0148
0.0118
0.0292
0.0106
0.677
1
0.0116
1
1
0.0174
1
0.9884
0.0294
0.0132
0.014
0.011
0.0554
0.0452
0.0138
0.1142
0.0182
1
1
0.0174
0.0346
0.0396
0.012
0.8752
0.2226
0.0304
0.012
0.0208
0.0112
0.016
0.014
0.0212
0.01
1
0.152
0.0082
0.0154
0.0098
1
0.0106
0.0112
0.0148
0.0226
1
0.0122
0.0146
0.0156
0.0108
0.0162
0.0256
0.0206
0.0776
0.0242
0.0118
0.0112
0.0516
0.0212
0.0142
0.0102
0.0122
0.0128
0.079
0.1384
0.0162
0.0204
0.9998
0.0114
0.0162
0.0196
0.1478
0.0272
0.0156
1
1
0.0956
0.0152
0.6168
0.0112
0.028
0.0388
0.0148
0.0126
0.0092
1
1
0.0276
1
0.015
0.0104
0.012
0.0116
0.033
0.0158
0.9996
0.9068
0.0186
0.0128
0.1144
0.0184
0.1752
0.0148
1
0.0202
0.0128
0.0184
0.0224
1
0.0654
0.0158
0.0152
0.1268
0.0242
0.022
0.0108
0.0108
0.0646
0.1064
0.0604
0.027
0.0232
0.0118
0.0114
0.0404
0.0164
0.0104
0.0108
0.0236
0.015
1
0.1302
0.0252
0.022
0.0496
1
0.0248
0.0186
0.0198
1
0.044
0.0122
0.0206
1
0.011
0.01
0.0168
0.0162
0.0172
0.0144
0.0136
0.0092
0.017
0.0408
0.0208
0.013
0.9984
0.0088
0.055
0.0124
0.0174
0.0082
0.0104
0.0162
0.0148
0.1288
0.8616
0.024
0.9176
0.273
0.0098
0.028
0.0198
0.018
0.4582
1
0.0148
0.0086
0.013
1
0.0092
0.0964
0.0142
0.0106
1
0.0212
1
0.3832
0.0278
0.0224
0.1092
0.0082
0.0246
0.0138
0.0134
0.0192
0.0152
0.012
1
0.0266
0.0112
0.0128
0.012
0.0086
0.012
0.697
0.033
0.4492
0.0158
0.021
0.0082
0.0132
0.0162
0.7574
0.0224
0.0876
0.0218
0.0104
0.0242
0.0104
0.0156
0.0168
0.0104
0.0122
0.012
0.2322
0.0142
0.0182
0.8434
1
0.0222
0.016
0.0188
0.0102
0.0232
0.1082
0.032
0.0142
0.0194
0.0142
0.0118
0.0156
0.948
0.0104
0.0148
0.0158
1
0.0136
0.242
0.012
0.0102
0.0174
0.0122
0.0218
1
0.0156
0.013
0.008
0.0466
0.009
1
0.2386
0.0176
0.0108
0.024
0.0136
0.2016
0.3142
0.0542
0.0182
0.0122
0.0234
0.047
0.8568
0.0108
0.011
0.0162
0.0122
0.0124
0.0226
0.0116
1
0.8006
0.0086
0.0094
1
0.0194
0.0122
0.0136
0.0098
0.0112
0.051
0.0092
0.0246
0.1342
0.0134
0.0168
0.011
0.014
0.06
0.0192
0.0202
1
0.0202
0.4632
0.0726
0.02
0.0208
0.0114
0.993
0.0134
0.0128
0.0256
0.027
0.0566
0.0138
0.011
0.0202
0.2056
0.019
0.0116
0.0136
1
0.0196
0.0314
0.0104
0.0102
0.0354
0.012
0.2112
0.0138
0.728
0.3268
0.0186
0.084
0.0106
0.0536
0.0262
0.0114
0.031
1
0.0098
0.015
0.0148
0.0112
0.0114
0.0184
0.0078
0.038
0.0256
0.0148
0.0134
0.6978
0.052
0.009
0.089
0.014
0.0174
0.0164
0.0158
0.0112
0.0134
0.012
0.0556
0.0084
0.0132
0.024
0.0306
0.0292
0.031
0.0126
0.0156
0.0238
1
0.0244
0.0174
0.067
0.9994
0.0098
0.0106
0.016
0.065
0.011
0.0102
0.008
0.0104
0.0162
0.0108
0.017
0.0952
0.0126
0.0198
0.0146
0.0142
0.0144
0.0414
0.7636
0.0122
0.0266
0.7416
0.2346
0.0238
0.0134
0.01
0.0194
0.0114
0.02
0.147
1
0.0238
0.1398
0.9982
0.0256
0.068
0.0094
0.0158
0.05
0.0154
0.037
1
0.013
0.01
0.013
0.023
0.0088
0.4284
0.0116
0.0116
0.0166
0.064
0.0146
0.1736
0.0142
0.0126
0.0304
0.013
0.0134
0.996
0.331
0.0118
0.3102
0.0146
0.149
1
0.0482
0.0254
0.0108
0.4352
0.4672
1
0.0382
0.1308
0.01
0.0188
0.0114
0.0192
1
1
0.0144
0.0124
0.0124
0.0082
0.0356
0.0314
0.0124
0.0564
0.1596
0.0444
0.1042
0.0094
0.0132
0.0312
0.085
0.0332
0.0196
0.1186
0.0324
0.0682
0.0114
0.0238
0.019
0.091
0.0418
0.0332
0.0422
0.01
0.73
0.0166
0.721
0.0258
0.3894
0.0336
1
0.0208
0.094
1
0.0138
1
0.0296
0.0142
0.871
1
0.0316
0.0498
0.0878
0.0138
0.0148
0.9998
0.0084
0.1968
0.0194
0.9568
0.016
0.096
0.0114
0.0322
0.0128
1
0.1096
0.0156
0.0096
0.307
0.0156
0.0102
0.0896
0.0152
0.0102
0.0336
0.0196
0.0108
0.0154
0.0106
0.0148
0.0156
0.0106
0.0234
1
0.0116
0.0124
0.0454
0.404
1
0.009
0.0124
0.0136
0.0796
0.0212
0.129
0.0196
0.0182
0.013
0.0172
0.0772
0.265
0.014
0.0952
0.0136
0.0352
0.0288
0.0506
0.0116
0.0124
0.0122
0.0178
0.055
0.0098
0.3354
0.1048
0.0094
0.0348
0.014
0.0098
0.0236
0.0222
0.007
0.0242
0.0112
0.0118
0.0116
0.0106
0.012
0.0192
0.0108
0.0214
0.0098
0.0148
0.0104
1
0.0154
0.0308
0.0164
0.0246
1
0.0592
0.0142
0.9886
0.0112
0.0202
0.0158
1
1
1
0.0246
1
1
0.0086
1
0.0298
0.0164
0.0162
1
0.8582
0.0172
0.0266
0.0138
0.0128
0.0104
0.016
1
0.0132
0.0196
0.0142
0.01
0.6846
0.0128
0.0208
0.013
0.0428
0.0126
1
0.0142
1
0.0426
0.011
0.0144
0.0712
0.0328
0.0232
0.0126
0.0208
0.0124
0.0112
0.0286
0.014
0.0106
0.0514
0.009
0.0228
1
0.0368
0.0102
0.0144
0.0146
1
1
1
1
1
0.0128
0.0184
0.0284
0.015
0.0222
0.0178
0.011
0.0142
0.0142
0.0078
1
0.1162
0.0662
0.0158
1
0.0172
0.2874
1
1
0.025
0.0534
0.022
0.0172
0.0294
0.0098
0.783
0.9996
0.0206
0.0134
0.0194
0.0172
0.0154
0.0108
0.0118
1
1
0.0124
0.0098
0.013
1
0.0146
0.0386
1
0.0118
0.017
0.0118
0.0828
0.0208
1
0.0186
1
0.1702
1
0.0148
0.9076
0.548
0.0108
0.0242
0.0362
0.0846
0.0448
0.015
0.0168
0.0084
0.0144
0.0242
0.044
0.0178
0.0922
0.0456
0.7686
1
1
0.0122
0.0592
0.079
0.108
1
0.02
0.069
0.038
0.0706
0.022
1
0.0194
0.0912
1
0.0152
1
0.0322
0.0092
0.031
0.007
0.0156
0.011
0.0144
0.0116
0.0118
0.0094
0.0108
0.0328
0.0248
0.0072
0.028
0.0262
0.0102
0.0116
1
0.0232
0.0124
0.0376
0.0526
0.0136
0.0202
0.018
0.0178
0.997
0.0144
0.0122
0.0118
0.0162
0.0244
1
1
0.022
1
1
0.0138
0.0148
0.0316
0.0102
0.0126
0.0086
0.013
1
0.0112
0.4228
0.0146
0.2718
0.0364
0.021
1
0.0152
1
0.0142
1
0.0348
1
0.0328
0.0168
0.0184
0.0326
1
1
1
0.0206
0.0102
1
1
1
0.0198
0.4004
0.047
0.0248
0.0402
1
0.1052
0.0142
0.0108
0.0518
0.0234
0.0122
0.871
0.0126
0.0372
0.4562
1
0.0154
0.0136
0.0128
0.0524
0.0516
0.532
1
0.0132
0.0118
0.0176
0.0312
0.0264
0.0174
0.0584
1
0.0172
0.0284
0.349
0.0118
0.009
0.011
0.014
0.0094
0.0114
0.443
0.0292
0.4362
0.0216
0.0188
1
0.0074
0.0226
0.0166
0.1474
1
0.0098
1
0.0148
0.0088
0.0118
0.0108
0.113
1
1
0.0102
0.0138
1
0.026
0.0118
0.0156
0.0108
0.0622
1
1
0.0088
0.0124
0.02
0.0116
0.193
0.0466
0.0196
0.0166
0.0166
0.0126
0.016
0.0122
0.0152
0.0234
0.0212
0.2238
0.996
0.0464
0.028
1
0.025
0.4606
0.0938
0.1664
0.0096
0.041
1
1
1
1
1
0.0196
0.013
0.0146
0.0098
1
1
0.01
1
1
0.0146
0.0158
0.0138
0.0372
0.1228
0.0512
0.0652
0.016
0.0406
1
0.0794
0.0188
0.0116
0.0226
0.0124
0.0164
0.2798
0.8406
0.1686
0.0208
0.0234
0.0358
1
0.1084
0.104
1
0.443
1
1
0.3996
0.536
0.011
0.9946
1
1
0.0346
0.0186
0.104
0.0126
0.011
0.9636
0.0152
0.0248
1
0.012
0.0128
0.0316
0.039
0.0082
0.0082
0.039
1
0.1416
0.999
0.0422
0.0382
0.997
0.0162
0.0118
0.0348
0.0176
0.01
0.3412
1
1
0.0136
0.0098
0.0104
0.0322
0.011
0.0142
0.0088
0.0104
0.9936
0.9688
0.0114
0.0106
0.087
0.0158
0.01
0.0164
0.0076
0.0266
0.0142
0.0132
0.0314
1
0.0174
0.0134
0.026
0.0092
0.0266
0.0192
1
0.0092
0.017
0.0122
1
0.0224
0.0126
0.0102
0.0104
0.0088
0.0102
0.0176
0.0114
0.0104
0.0116
0.0268
0.0182
0.0138
0.0212
0.0092
0.0088
0.0124
0.9832
0.0104
0.0138
0.0128
0.0142
0.0154
0.0142
0.0164
0.0146
0.0162
0.0238
0.7666
0.0486
0.0118
0.0092
0.0104
0.01
0.0158
0.8382
1
0.9926
1
0.0106
1
0.0192
0.0118
0.0236
0.019
0.0128
1
0.011
0.0304
1
1
0.0118
0.0138
0.0198
0.0138
0.0116
0.0114
1
0.0118
0.01
0.0098
0.0526
1
0.0454
0.0518
1
0.0138
1
0.0188
0.019
0.0276
0.018
0.0158
0.0508
1
1
0.9888
0.011
0.0096
0.0238
0.0142
0.9922
0.0094
0.0234
0.0118
0.0528
0.0146
0.0754
0.9978
0.0096
0.012
0.01
0.0206
0.0528
0.0136
0.0116
0.0178
0.9804
0.0298
0.012
0.06
0.0154
0.0126
0.0102
0.016
0.0306
0.1558
0.0212
0.1116
0.3818
0.0108
0.0122
0.0122
1
0.0494
0.0338
0.0524
0.0104
0.0126
1
1
0.0144
0.0628
0.114
