0.0068
1
0.0188
0.018
0.0118
0.0068
0.0042
0.0112
0.0068
0.01
0.0076
0.0114
0.0196
0.0096
0.0134
0.016
0.0126
0.0104
0.0098
0.0156
1
0.0182
0.8642
0.0086
0.008
0.0048
0.0968
0.0072
0.0356
0.0148
0.01
0.921
0.02
0.0358
0.0072
1
0.0668
0.0822
0.1434
0.0114
0.0044
0.017
1
0.0104
0.0082
0.011
0.0148
0.0056
0.0108
0.065
0.0094
0.0124
1
0.038
0.006
0.0814
0.0076
0.018
0.0602
1
0.6922
1
0.0184
0.0096
0.0096
0.008
0.0148
0.0128
0.0938
0.012
0.0102
0.0054
1
0.0146
0.0138
0.0082
0.0142
0.1078
1
0.063
0.0114
0.0056
0.0062
0.007
1
0.0156
0.011
0.0088
0.0218
0.0072
0.0316
0.0196
0.0064
0.021
0.0066
0.0142
0.0248
0.0046
0.062
0.0458
0.0092
0.0164
0.985
0.0136
0.0298
0.0952
0.0108
0.019
0.0344
0.0088
0.0074
0.0092
0.0072
0.01
0.0322
0.0512
0.0472
1
1
0.0204
1
0.0044
0.0122
0.0102
0.3708
0.0258
0.0072
0.0644
0.0074
0.0058
0.007
0.0242
0.0066
0.008
0.9878
0.0084
0.011
0.9994
0.0088
0.0114
0.0046
1
0.0084
0.007
0.0038
0.01
0.0056
0.0076
0.0112
0.0158
0.0086
0.01
0.02
0.008
0.011
0.0086
0.014
0.005
0.0096
0.998
0.0144
0.0072
0.9998
0.205
0.0114
0.0098
0.0078
0.0054
0.009
0.0052
0.0084
0.0118
0.0082
0.0888
0.0058
0.0056
1
0.009
1
0.007
0.0076
1
1
0.0074
0.0076
0.014
0.0068
0.0096
0.0064
0.0282
0.0086
0.0086
0.0294
0.0062
0.0238
0.0058
0.0104
0.0194
0.0056
1
0.0108
0.0048
0.0046
0.006
0.0078
0.0076
0.0202
1
1
0.0154
0.007
0.0102
0.0058
1
0.0296
0.541
0.005
0.0094
0.006
0.0078
1
0.0056
0.005
0.0118
0.0074
0.0142
0.0068
0.023
0.1144
0.006
0.01
0.0112
0.0076
0.0178
0.0084
0.0252
0.0068
0.0084
0.0056
0.006
1
0.0046
0.0096
0.0072
0.9996
0.0048
0.032
0.0082
0.0118
0.0066
0.009
0.0098
0.0094
0.0072
0.0136
0.005
0.0064
0.0068
1
0.0054
0.0072
0.0178
0.0052
0.0234
0.0096
0.0122
1
0.0084
1
0.006
0.0226
0.0044
0.0462
0.0076
0.01
0.0072
0.0054
0.0106
0.0052
0.0064
0.0144
0.0184
0.0118
0.022
0.0062
0.0136
0.0102
0.0116
0.0078
0.0088
1
1
0.0092
0.0074
0.0076
1
0.0106
0.0072
0.0074
0.0058
0.0158
0.0114
0.0084
0.0062
0.007
0.008
0.012
1
0.0082
0.0048
0.017
1
0.0078
0.037
0.0078
0.0088
0.0098
0.0224
0.0202
0.0098
0.0134
0.0102
0.0052
0.0064
0.685
0.048
0.0066
0.0054
0.009
0.013
0.0064
1
0.0148
0.0106
0.0074
0.0104
0.0392
0.0066
0.0076
0.0074
0.0072
0.01
0.006
0.0128
0.0068
0.007
0.0056
0.0072
0.0072
1
0.0076
0.0074
0.9986
0.0056
0.0572
1
0.0084
0.0096
0.0068
0.7694
1
0.006
0.005
0.0076
0.0072
0.0058
0.0078
0.9996
1
0.005
0.0048
0.0094
0.0046
0.0068
0.005
0.0078
0.0066
0.0062
0.0082
0.0084
0.0046
0.0196
0.0076
0.0076
0.01
0.007
1
0.011
0.0084
0.0154
0.0148
0.0096
0.0082
0.005
0.0046
0.0046
1
0.0074
0.0068
0.0086
0.0088
0.0112
0.0068
0.0048
1
0.0096
1
0.0076
1
0.0072
1
0.0054
0.004
0.0116
0.9672
0.0078
1
0.0124
0.046
0.0378
0.0124
0.0114
1
0.0058
0.0158
1
0.0072
0.0076
0.0062
0.9998
0.2704
0.0162
0.052
0.0768
0.0074
1
0.0216
0.0466
0.5596
0.006
0.0092
0.0142
0.029
1
0.0256
1
0.9678
0.0212
0.006
0.0076
0.0482
1
0.0148
0.0108
0.033
0.008
0.1546
0.0094
0.017
0.0286
1
0.0128
0.0124
0.0108
0.0032
0.0056
0.0142
0.0146
0.008
0.0068
0.023
0.0078
0.0066
0.0172
0.0112
1
0.041
0.0074
0.008
0.0114
0.0056
0.0054
0.0072
0.01
0.0118
0.0144
0.0046
0.0056
1
0.0144
0.0126
0.0092
0.0108
0.0096
1
0.0114
0.0074
0.0084
0.01
0.0112
0.0642
0.0422
0.0104
0.4786
0.0152
0.9812
0.026
0.006
0.0064
0.1
0.006
0.0168
0.2908
0.008
0.0074
0.0076
0.0122
0.0094
1
0.0678
0.0118
0.0194
0.0086
1
0.0082
0.0062
1
0.007
0.0076
0.0076
0.0136
0.0264
0.0066
0.0028
0.0186
0.0072
