0.082
0.0072
0.0028
0.0016
0.0036
0.0036
0.0028
0.0028
0.0024
0.0036
0.0024
0.0092
0.4808
0.0022
0.0398
0.0026
0.0056
0.0016
0.0024
0.0038
0.0018
0.0014
0.0054
0.003
0.0028
0.0014
0.0032
0.0018
0.0286
0.9216
0.0028
0.0018
0.0026
0.0028
0.0032
0.0028
0.0016
0.0024
0.0036
0.002
0.0042
0.0018
0.0036
0.0022
0.0022
1
0.0022
0.0026
0.0034
0.003
0.0018
0.0068
0.002
0.0014
0.002
0.0032
0.0018
0.0044
0.0052
4e-04
0.0028
0.008
0.0038
0.0016
0.007
0.0012
0.005
0.0034
0.002
0.0016
0.0042
0.0038
0.0036
0.0018
0.9994
0.0014
0.0068
0.0012
0.0116
0.0072
0.0022
0.0136
0.0026
0.0042
1
0.0016
8e-04
0.004
0.0042
0.0026
0.0024
0.0024
0.0014
0.0086
0.0024
0.0012
0.002
0.0038
0.002
0.0036
0.003
0.0028
0.0014
0.0014
0.0012
0.0032
0.0448
1
0.0014
0.002
0.0018
0.0012
0.0066
0.0026
0.0026
0.0032
0.0034
0.0022
0.0024
0.0012
0.0018
0.0042
4e-04
0.0022
0.0038
0.003
0.0024
0.005
0.005
0.0112
0.0066
0.008
0.0088
0.0026
0.0066
0.002
0.0018
0.0022
0.0032
0.0026
0.01
0.0018
0.0032
0.0022
0.002
0.002
0.0014
0.0292
0.0022
0.3204
0.002
8e-04
0.0028
0.0016
0.0022
0.0196
0.0022
0.0036
0.0036
0.2318
0.002
0.0012
0.0018
0.0032
0.0034
4e-04
0.0012
0.0012
0.0014
0.002
0.0026
0.0024
0.0016
0.0018
0.001
0.0112
0.0022
0.002
0.0016
0.002
0.0024
0.0022
1
0.0016
0.002
0.002
0.0026
0.007
0.002
0.0028
0.0018
0.0016
0.0022
1
0.0126
0.0034
0.009
0.0018
0.0024
0.003
0.0022
0.0028
0.0016
0.0034
0.004
0.005
0.9906
0.0018
0.0014
0.0022
0.0024
0.0038
8e-04
0.0016
0.0032
0.0012
0.0018
0.0022
0.0102
0.001
0.0018
0.0026
8e-04
0.0032
0.0062
4e-04
0.0018
0.0034
0.0026
0.003
0.0048
0.007
0.0026
0.0016
0.0012
0.002
0.002
0.0016
0.002
0.0022
0.003
0.001
0.013
0.0026
0.0018
8e-04
0.0094
0.0016
0.0012
0.0054
0.0052
1
0.003
0.0074
0.0026
0.0026
0.0026
0.029
0.0018
0.0022
0.0032
0.0034
0.0028
0.0014
0.0014
0.001
0.0024
0.0064
0.0016
0.0098
0.004
0.0036
0.0066
0.0014
0.0016
0.0172
0.001
0.0016
0.0068
0.001
0.0022
0.0016
6e-04
0.002
0.0012
0.0048
0.0082
0.0012
0.0016
0.0116
0.0066
0.0022
0.003
0.001
0.0028
0.002
0.0024
0.0012
0.0016
0.0016
0.0022
0.1144
0.0014
0.0032
0.0044
0.0016
0.0014
0.0308
0.0018
0.0244
0.002
0.0022
0.0306
0.0014
0.0014
0.0028
0.002
0.0014
0.0022
0.0014
0.009
8e-04
0.0024
0.0016
8e-04
0.003
0.001
0.0024
0.0034
0.0016
0.0026
0.002
0.0016
0.999
0.0014
0.0018
0.0026
0.0024
0.0018
0.0012
0.002
0.002
0.0038
0.002
0.0018
0.001
0.0024
0.0012
0.0014
0.003
0.001
0.0054
0.001
0.0028
0.0014
0.3378
0.0042
0.0024
0.002
0.001
0.0026
0.0026
0.0014
0.0024
0.0014
8e-04
0.0042
0.0032
0.0024
0.0036
0.0048
1
0.001
0.0114
0.0018
0.0016
0.001
0.0022
0.0016
0.002
0.0016
0.0074
8e-04
0.0024
0.0014
0.001
0.0038
0.9772
0.0016
0.0046
0.0012
0.006
0.002
0.002
0.002
0.0036
0.0038
0.002
0.0028
0.001
0.0016
0.0022
0.002
0.0016
1
0.0026
0.0014
0.0026
0.0026
0.0016
0.0052
8e-04
0.0026
0.0036
0.0018
0.0024
0.0022
0.0034
0.003
0.0024
0.0038
0.0026
0.0016
0.0024
0.0026
0.001
0.0012
0.0026
0.0022
0.0028
0.0116
0.0144
0.002
0.0038
0.0016
0.0022
0.0024
0.0018
0.0018
0.0024
0.0022
0.0024
0.002
0.002
0.0016
0.0012
0.0022
0.0028
0.0018
0.0022
0.002
0.0016
0.002
0.0032
0.0018
0.0012
0.0016
0.0036
0.002
0.0228
0.003
0.0018
0.0014
0.0022
0.0028
0.0018
8e-04
0.0016
0.0014
0.0132
0.0018
0.0016
0.0014
0.0016
0.0034
0.0018
0.0022
0.0042
0.0024
0.0042
0.0024
0.0026
0.0026
0.002
0.0022
0.0012
0.0028
0.001
0.0018
0.0032
0.0016
0.0016
0.0052
0.0016
0.0036
0.0018
0.001
0.2138
0.0024
0.002
0.0022
0.0022
0.002
0.0018
0.0016
0.0012
0.0044
0.002
0.0676
0.0014
0.0032
0.0024
0.0076
0.0012
0.0096
0.0022
0.017
0.0014
0.0024
0.0024
0.0032
0.005
0.0042
0.0026
0.0178
0.0018
0.0014
0.006
0.0018
0.0012
0.0016
0.0016
0.003
0.0028
0.0028
0.005
0.0022
0.0018
0.0032
0.0036
1
0.0032
6e-04
0.0068
0.9868
0.0052
0.6416
0.0014
0.0018
0.0016
0.027
0.0034
0.0028
0.0014
0.0036
0.005
0.0022
0.0018
0.0016
0.0052
0.0024
0.004
0.003
0.0028
0.0018
0.0022
0.0048
0.0014
0.002
0.2876
1
0.0022
0.0022
0.0022
0.0018
0.0024
0.0012
0.0022
0.0024
0.1256
0.4468
0.0016
0.0026
0.0022
0.0016
0.3038
0.0024
0.0032
0.0028
0.0014
0.0042
0.002
0.002
0.002
0.0016
0.0084
0.0028
0.0024
0.0026
0.0016
0.002
8e-04
0.0082
0.0042
0.0024
6e-04
0.002
0.0012
0.004
0.0032
0.0022
0.0028
0.0012
0.001
0.0016
0.001
0.0016
0.005
0.0014
0.0018
0.007
0.0044
0.0134
0.0024
0.0016
0.0018
0.0028
0.0016
0.0102
0.008
0.0042
0.0236
0.0164
0.2218
0.0026
0.0016
0.007
0.01
0.0042
0.0016
0.0114
0.0096
0.007
0.001
6e-04
0.002
0.0142
0.0012
0.0044
0.0064
0.0026
0.003
0.0032
0.0016
0.0042
0.0016
0.002
0.0014
0.0028
0.0012
0.0038
6e-04
0.0018
0.0018
0.0024
0.0022
8e-04
0.0024
0.0014
0.001
0.0028
0.0018
0.0026
0.0022
0.0014
0.0022
0.0154
0.0066
0.0026
0.0042
6e-04
0.0024
0.0018
0.0214
0.0012
8e-04
0.0014
0.0014
0.0018
0.0014
0.0018
0.0022
0.0016
0.0024
0.003
0.0026
0.002
0.0012
0.0018
0.002
