0.0732
0.5284
1
0.0114
0.0328
0.01
0.017
0.017
0.029
0.0132
0.0302
1
0.0268
0.014
0.0552
0.0172
0.0196
0.0152
0.028
0.0172
0.0214
0.0256
0.0134
0.0118
0.054
0.0306
0.016
0.0196
1
0.0134
1
0.039
0.0126
0.0334
0.0156
0.0172
0.016
0.9998
0.0218
0.0196
0.0146
0.0142
1
0.0172
0.0228
0.0154
0.3984
0.0156
0.0602
0.0462
0.0194
0.0138
0.0274
0.0122
0.022
0.0154
0.0124
0.0162
0.9986
0.9042
0.019
0.0222
0.0306
0.0184
0.0288
1
0.9424
0.0172
0.0136
0.1052
0.0174
0.0188
0.0156
0.0126
0.0162
0.0094
0.0124
0.0116
0.0178
0.0166
0.0152
1
0.0242
0.0172
0.0254
0.0282
0.0304
0.0186
0.0346
0.0158
1
0.0188
0.0092
0.0206
0.0144
0.0138
0.0556
0.012
0.0176
1
0.0154
0.0192
0.0144
0.03
0.0572
0.8254
0.0158
0.0596
0.983
0.021
0.0286
0.0302
0.0162
0.0182
0.7998
0.0178
0.0134
0.0248
0.0486
1
0.902
0.0194
1
0.0406
0.0084
0.0312
0.0182
0.0148
0.182
0.0152
0.2824
0.0198
1
0.0126
0.0306
0.0124
0.02
0.0158
0.0294
1
0.0096
0.0134
1
0.0234
0.0114
0.0132
0.0138
0.0106
0.0284
0.0162
0.011
0.012
0.013
0.0154
0.0286
0.0154
1
0.0116
0.0106
0.0154
1
0.0146
0.326
0.1004
0.1482
1
0.022
0.0156
0.0256
1
1
1
0.0266
0.028
0.021
0.0472
0.173
0.018
0.0178
0.0484
0.0326
0.0198
0.0334
0.0158
0.0226
0.728
0.0364
0.3214
0.0222
0.1798
0.1448
0.0232
0.078
0.0196
0.0174
0.0892
1
0.0188
0.0186
0.0472
0.4496
0.017
1
0.0552
0.0254
0.3448
0.0412
0.7072
0.0294
0.0176
0.15
0.0396
0.2948
0.0304
0.0126
0.0558
0.0984
0.4212
0.1602
0.2346
0.0176
0.0212
0.0206
0.0246
1
1
0.0162
0.0152
0.015
0.0862
0.0294
0.03
0.0166
0.0196
0.013
0.0088
0.9946
0.0182
0.0124
0.0164
0.0186
0.0104
0.019
0.352
0.0132
0.0208
0.0154
0.0196
0.0198
1
0.3736
0.0204
0.021
0.0126
0.0156
0.015
0.0164
0.0096
0.0208
0.0172
1
0.0698
0.0214
0.0134
1
0.0232
0.0132
1
0.0118
0.1446
0.258
0.0166
0.0134
0.0248
0.0106
0.0108
0.0156
0.0126
0.0226
0.7752
0.0122
0.0098
0.0168
0.0148
1
0.0154
0.015
0.0262
1
0.0136
0.0164
0.012
0.032
0.0264
0.0636
0.0138
1
1
0.012
0.0606
0.0194
0.0284
0.9862
0.0494
0.0132
0.0282
1
0.0244
0.0516
0.018
0.0168
0.0186
0.0144
1
0.015
0.0188
0.0198
0.0154
0.0196
0.0246
0.0354
0.0134
0.0126
0.0142
0.507
0.009
0.0142
0.0404
0.0224
0.0196
0.037
0.984
0.0284
0.0164
0.0244
0.0168
0.0138
0.0152
0.6564
0.0124
0.0218
0.02
0.0136
0.0492
0.0136
0.016
0.7784
0.0118
0.0108
0.2218
0.0236
0.0292
0.0478
0.0166
0.8216
0.0146
0.026
0.0168
0.0136
0.0158
0.0156
0.0148
0.021
0.018
0.0118
0.0148
0.0146
0.0212
0.012
0.0122
0.044
0.0092
1
0.0096
0.0258
0.0192
0.0158
0.0192
0.0126
0.012
0.0626
0.024
0.065
0.07
0.0396
0.027
0.0218
1
0.0176
0.0492
0.027
0.0116
0.0156
0.0226
0.0642
0.013
0.0322
0.0458
0.0278
0.048
0.0172
1
0.0282
0.0136
0.01
0.8964
0.0202
0.2266
1
0.0128
0.0144
0.0162
0.0084
0.0094
0.0112
0.0134
0.0264
0.9018
0.048
1
0.151
0.018
0.1318
0.4092
0.0318
1
0.0716
0.0198
0.0572
0.1572
1
0.029
0.0202
0.0104
1
0.0132
0.0218
