0.0022
0.0014
0.9394
0.004
0.0024
1
0.0024
0.0012
0.0022
1
0.0018
0.0044
0.002
1
1
0.0042
0.9874
0.0014
0.005
0.0012
0.0028
0.3454
0.003
0.002
0.0054
0.9986
0.0052
1
0.003
0.0024
1
0.0044
0.002
0.0078
0.0018
0.0056
0.0076
1
0.0028
0.0024
1
0.8932
0.0014
0.0038
0.4136
0.0024
0.047
0.0128
0.0054
0.0114
0.0056
0.003
0.9998
0.004
0.002
0.0024
0.0028
0.0012
0.0032
0.0034
0.0016
1
0.0052
0.0014
0.0134
0.0036
0.029
0.0024
1
0.0032
0.0128
0.0018
1
0.0056
0.037
1
0.003
0.0024
0.0704
8e-04
1
0.003
0.0026
0.0034
0.004
1
0.001
0.0036
0.003
0.0096
0.0066
0.0022
0.004
0.0154
1
1
1
0.005
0.003
0.0088
0.0014
0.2638
0.0026
1
1
0.0116
0.1772
0.001
0.0026
0.0072
0.004
0.002
0.0372
0.0032
0.004
0.0268
1
0.0034
0.0028
0.0016
1
1
0.0546
0.0048
1
0.0012
0.0038
1
0.0044
0.005
1
0.0028
0.0022
1
0.003
1
0.0068
0.0016
0.002
0.0084
0.9834
0.0552
1
1
0.0028
0.0046
0.003
1
1
0.0028
0.0028
0.0024
0.0052
0.0058
0.0082
0.0016
0.009
0.0024
0.0024
1
0.0038
0.0032
1
0.0024
1
0.0076
1
8e-04
0.001
0.0028
0.0078
0.0032
0.0018
0.0058
0.9984
0.0014
1
1
0.0022
0.003
0.0086
0.0132
0.0032
0.7326
0.0028
0.0032
0.0032
0.0188
0.0118
0.0082
0.015
0.0022
0.0198
1
0.003
0.0028
0.0258
0.0056
1
1
0.0022
1
0.0272
0.1016
1
0.0068
0.0034
0.5286
0.057
0.004
0.0136
0.0084
0.0064
1
0.0144
0.0476
0.0032
0.0134
0.233
0.0018
0.004
1
0.0052
0.0318
0.0028
0.014
1
1
1
0.003
1
0.016
0.343
0.0042
0.0098
1
0.0112
0.0108
0.0016
1
0.0124
0.996
0.1018
0.0042
0.003
0.0104
0.0216
1
0.0018
0.0056
1
0.9934
0.0014
0.0122
0.0036
0.004
1
0.0024
0.0042
1
1
0.002
0.0016
0.0134
0.002
0.0108
0.002
1
0.0034
1
1
0.0176
0.999
1
0.003
0.0256
0.0102
0.003
0.0154
0.002
0.0046
0.0026
0.0106
0.1394
0.0624
0.0468
1
0.0804
0.0252
1
0.0034
0.0062
0.0012
0.0084
0.0034
0.0014
0.007
0.0032
0.003
0.0012
1
0.0094
0.3776
0.0064
1
0.0058
0.066
0.0028
0.0026
1
1
0.0084
1
0.0024
0.002
0.0046
1
0.0066
1
1
0.0076
0.0036
0.0036
0.0692
0.0314
0.0028
0.0022
0.0024
0.1274
1
0.925
0.8094
0.0136
0.973
0.0028
0.1506
1
0.0044
0.0208
0.002
1
0.0206
0.0074
0.0076
0.006
0.0054
0.0078
0.009
0.011
0.0198
0.0042
0.0052
1
0.0346
0.0938
0.1022
0.0074
1
0.0028
0.002
0.0104
0.0026
0.0494
0.5662
0.0012
0.0044
0.0148
0.8732
0.0104
0.009
0.0598
1
0.0038
0.0082
1
0.0162
0.0026
0.0046
0.0018
0.0036
0.0022
0.0386
0.026
0.0086
0.0038
0.0092
1
1
0.0842
0.007
0.0414
0.0062
0.0626
1
0.0012
0.0038
0.0056
1
0.0014
0.0048
1
1
0.003
1
0.064
0.0044
0.9994
0.1308
0.0026
0.0032
0.998
0.0366
1
1
1
0.0016
1
0.0132
0.005
0.0092
0.01
0.0428
1
1
1
0.0042
0.0014
1
0.0602
0.0014
0.0028
0.0016
0.005
1
0.0012
0.0062
0.0054
0.0028
0.001
0.0026
4e-04
0.0024
0.0074
0.0038
1
0.9782
0.004
0.0036
0.0022
0.0018
0.0022
0.001
0.0032
0.0028
0.0062
1
1
0.018
0.0024
0.0062
0.0268
0.002
0.0482
0.0022
0.0034
1
1
0.0016
0.0022
0.007
0.0052
0.0014
0.0032
0.0022
0.0134
0.002
6e-04
0.0012
0.0028
0.002
0.002
0.0014
1
1
0.0358
0.0044
0.0014
0.3524
0.0018
1
1
0.0132
1
0.0034
0.0278
0.0024
0.0038
0.0188
0.003
0.0028
0.2768
0.0066
0.004
0.0018
1
0.0026
1
0.0028
0.0114
0.0032
0.001
0.0118
0.0094
0.004
0.0012
0.0062
0.0226
0.0118
1
0.0022
0.0072
0.0048
0.0018
1
0.084
0.0342
0.0022
0.0016
1
0.0032
0.0018
0.0112
0.0108
0.0078
0.0206
0.0092
0.006
0.0024
0.0044
0.0042
0.0024
1
0.0024
0.0026
0.002
0.0088
0.0016
0.002
1
0.0014
0.9982
0.0042
0.003
0.0048
0.0162
0.0032
1
0.0044
1
0.0134
1
8e-04
1
0.0038
1
0.0022
0.0166
0.0056
1
0.0032
0.003
0.0018
0.0154
1
1
1
0.002
0.0012
0.0074
1
0.0096
1
0.0068
0.003
0.0094
0.0146
0.0088
0.0072
0.0012
1
0.0064
0.001
0.0058
1
1
0.0646
1
0.0282
1
0.0044
0.0014
0.0014
0.0044
0.007
0.003
0.0054
0.9966
0.0034
0.535
0.0052
0.0098
0.0054
1
0.0012
0.9982
1
0.0028
0.0012
0.0318
0.0032
0.0052
0.0024
0.0038
0.0118
0.0038
1
0.0036
1
0.0038
0.0018
0.0016
0.0042
0.0016
0.005
0.0032
0.0032
1
0.0118
0.9438
0.013
8e-04
0.0084
0.0062
0.0022
0.0012
0.0154
0.0056
1
0.0026
0.0022
1
0.0056
0.0062
1
0.0044
0.0024
0.004
0.0026
0.172
0.0096
0.0068
1
0.0204
0.0024
1
0.0084
1
0.0062
1
0.0022
0.0064
1
0.0088
0.002
0.008
0.0016
0.0024
0.002
0.0026
0.001
1
1
1
0.005
0.0016
0.0396
0.0034
0.0018
0.0116
1
0.0022
1
0.9998
0.0054
0.0024
0.0014
0.999
0.0024
0.0036
0.0178
0.9952
0.0028
0.004
1
1
0.0096
1
8e-04
1
0.0054
1
0.0046
0.0062
0.0018
1
0.4966
1
0.006
0.0048
0.003
1
0.0018
0.05
0.0032
1
1
0.0106
0.0136
1
0.0014
0.0032
0.0026
1
0.0322
0.0018
0.0024
0.0106
0.003
1
0.0074
0.006
0.0072
0.0042
0.0056
0.0172
0.045
0.0064
0.0034
0.0058
0.024
1
0.0232
1
0.001
0.8426
1
0.001
1
0.0012
1
0.3672
0.005
0.0038
0.004
0.0128
0.0066
1
0.0024
0.0052
0.0056
1
0.0014
0.0046
0.0136
0.017
0.0034
0.0034
0.0056
0.0026
0.0036
0.9998
1
0.002
0.9998
0.0022
0.0076
0.003
0.0058
0.001
0.0056
1
1
1
1
0.0072
0.0032
0.0212
0.0058
1
0.004
0.0126
0.0022
0.0348
1
1
1
0.003
0.0014
0.0176
0.0184
1
0.0032
0.0026
0.1958
0.0054
1
0.014
1
1
0.0022
1
0.0022
0.0018
0.001
0.9996
1
0.3168
1
0.044
0.0044
0.0014
0.0648
0.0038
1
0.001
1
0.0012
0.0024
0.0014
0.0038
1
0.0056
8e-04
0.0026
1
0.0026
1
0.0072
0.0024
0.0034
0.002
0.0056
0.997
1
0.0022
0.0018
0.0026
8e-04
0.01
0.006
0.003
0.0048
0.0042
0.0152
0.0044
0.0206
0.0012
1
1
0.9492
0.0092
0.0018
1
0.0024
0.0066
0.0222
0.0508
0.0032
0.9994
0.0128
1
0.569
0.0036
0.0026
1
1
0.0014
0.0018
0.0016
0.0066
1
0.0032
0.0462
1
0.002
1
0.0066
0.0012
1
1
0.5402
0.005
1
0.0034
0.0122
0.0134
1
0.0042
0.002
0.002
0.9996
1
0.0058
1
0.005
1
1
0.0042
1
1
0.0016
0.0014
0.0046
0.0016
1
0.0038
0.0036
0.4908
4e-04
0.0032
0.0066
1
0.0016
0.0032
1
0.0014
1
0.0062
1
1
0.0102
0.0026
0.0066
0.0286
0.0012
0.003
0.0068
0.9986
0.0034
4e-04
8e-04
0.0028
1
0.0038
1
0.0094
8e-04
0.002
0.0108
1
1
1
0.0054
0.0048
0.17
0.0022
0.0022
0.0082
0.001
0.0016
0.0028
0.0064
0.0034
1
1
0.007
0.0126
0.0026
0.0052
1
0.006
0.053
0.0034
1
0.0016
0.1012
8e-04
0.8662
0.0018
0.0044
0.0018
0.0018
1
0.003
1
0.0076
0.152
1
0.0086
1
1
0.005
0.0016
0.0034
1
0.0106
1
0.3584
0.993
0.0036
0.0432
0.004
0.0064
0.0022
0.0022
0.0506
1
0.0126
0.0038
0.0072
0.002
0.0194
0.9998
0.0036
0.016
0.051
1
1
0.002
0.0062
0.0012
0.0044
0.0026
0.0016
1
0.0052
0.0012
0.009
0.0018
0.0132
0.0062
1
1
0.0042
0.0016
0.0048
0.0054
0.0044
1
1
0.0022
0.0036
0.0084
0.0062
0.0022
0.0102
0.0068
1
0.0034
0.002
0.0082
0.02
0.0012
0.0042
1
0.0066
1
1
0.0028
0.003
0.0032
0.0054
1
0.0148
0.0164
0.0034
0.002
0.0158
0.013
0.006
0.0068
0.0546
0.0058
0.0054
0.0048
0.0026
0.0022
0.0048
0.0044
1
0.004
0.002
0.002
1
0.0078
0.002
0.0026
0.0112
0.0018
0.007
0.0028
0.024
0.0212
0.9654
1
0.0044
0.0028
0.0044
0.0042
0.005
0.0042
0.0012
0.009
0.0028
0.0322
0.0038
0.0032
1
0.0028
0.0046
8e-04
0.0012
1
1
0.4808
1
0.0046
0.0104
0.0016
0.0028
0.0046
1
1
1
0.0026
0.003
0.0038
0.003
0.007
1
0.0116
0.0074
0.0048
0.0028
1
1
0.0018
0.007
0.0088
0.0054
1
0.0072
1
0.001
0.0786
0.0066
1
0.0068
0.0038
0.0022
0.0098
0.0106
0.0052
0.0012
0.0022
0.0194
0.0026
0.0032
1
0.0036
1
0.003
1
0.0036
1
1
0.0056
1
0.0052
1
0.0038
0.0044
0.0916
0.0032
0.0038
0.0024
1
1
0.0162
0.003
1
0.0068
0.003
0.0052
0.0058
0.008
1
0.0104
0.0778
0.0056
0.002
0.0058
0.0054
0.0016
0.0088
1
0.0068
1
0.2074
0.0068
0.0186
0.5424
0.0054
0.0024
0.003
0.003
0.0096
1
0.008
0.0096
0.0048
0.0016
0.0022
0.0046
0.0028
0.0082
0.007
0.019
0.0136
0.038
1
0.002
0.0024
0.0026
1
0.0022
0.0118
1
1
0.0082
1
0.0016
0.004
0.0172
0.0028
0.0034
0.0074
0.0064
0.0118
0.0132
0.0472
0.037
0.0056
0.0144
0.015
0.0038
0.0038
0.126
0.0184
0.0118
0.0036
0.0028
0.0776
0.004
0.0032
0.0044
0.006
1
0.0036
0.0112
0.0032
0.0044
1
0.004
0.0022
0.0236
0.007
1
0.0052
1
1
0.0418
0.9972
1
0.0082
0.0076
0.0066
0.015
0.1098
0.008
0.0102
0.004
0.0028
0.0042
0.0034
1
1
1
0.0032
0.0028
0.0014
1
0.0026
0.0016
1
0.0056
0.0122
1
0.0046
1
1
0.0024
0.0102
0.0052
0.0084
1
1
0.0032
0.0042
1
1
0.0042
0.0034
1
1
0.0126
0.961
1
1
1
1
0.0098
0.01
1
0.0038
0.0016
0.11
0.0148
0.0052
0.008
1
0.0014
0.0056
0.0058
0.0082
0.0162
0.0066
6e-04
0.019
0.0056
0.0046
0.0042
0.0036
0.0024
0.0082
1
1
0.002
1
1
1
0.008
0.0016
0.0102
0.0292
1
0.018
0.0098
0.0016
0.0136
0.0064
0.0056
0.005
0.0024
1
0.006
0.6948
0.0044
0.0028
0.012
0.0046
0.0028
0.0054
0.0024
1
0.0038
0.0186
0.038
0.0038
0.0298
0.0024
0.0046
0.0032
0.0174
0.0032
0.0034
0.0022
0.0024
0.0056
0.0014
0.0074
0.0076
0.0054
0.013
1
0.0054
1
0.002
0.0066
1
0.0042
0.0048
0.0052
0.0946
0.0022
0.002
0.0064
0.0014
1
0.0032
0.0078
0.004
0.0128
0.0684
1
1
1
0.0052
0.0036
0.0062
0.7744
1
1
0.0656
0.0046
0.0038
0.0054
0.0086
0.0106
0.003
0.0038
0.0082
0.0086
0.0108
1
1
0.0218
0.0088
0.0118
0.006
0.005
1
1
0.0032
0.0088
0.0042
1
0.0126
0.0096
0.0036
0.0034
0.0194
0.998
0.0036
0.0144
0.0046
0.0028
0.0024
0.0058
0.0088
0.0076
0.9926
0.005
1
0.0118
0.0034
0.004
0.0058
0.7176
0.004
0.0036
0.008
0.0014
0.0026
0.0012
0.0088
0.007
0.0688
1
0.0034
0.0016
0.0022
1
0.0214
0.0034
1
0.023
1
0.0032
0.006
0.0018
1
0.0028
0.0012
0.0122
0.0144
1
0.007
0.0068
0.0036
0.0026
0.0052
1
0.1742
0.0016
0.003
0.0034
0.0038
0.0036
0.0034
0.0144
0.004
1
0.002
0.0084
0.0046
0.0168
0.0022
0.0128
0.0062
0.0094
0.0098
1
0.0016
0.0036
1
0.0016
1
0.01
0.0632
0.0636
0.007
0.0036
0.0048
0.012
0.0032
0.0062
0.0068
1
0.0072
0.0042
1
0.0032
0.0014
0.0148
0.1674
0.0038
0.0022
1
0.0078
0.0232
0.0018
0.8116
0.0042
1
0.0018
1
0.1316
0.1326
0.003
0.0022
0.0038
1
0.0136
0.0022
0.9856
0.0086
1
0.005
0.0028
0.0084
0.0148
1
0.0212
0.0178
0.009
0.003
0.0378
0.002
0.0042
0.003
0.0112
0.008
0.0026
1
0.0138
0.0076
0.0194
1
1
0.0096
1
0.0034
0.0034
1
1
0.0042
0.0734
0.0338
0.0026
0.0628
1
0.0012
0.0022
0.009
1
0.0034
0.011
0.0028
0.0324
0.0016
0.0068
0.0022
0.0048
0.0024
1
0.0024
0.0052
1
0.0022
0.0028
0.0032
0.992
0.9798
0.0078
1
0.0064
0.031
0.0102
1
0.0022
0.0132
0.0036
0.0062
0.006
0.002
0.008
1
1
0.0038
1
0.0112
0.0158
1
0.0024
0.0056
0.0032
0.0018
0.0018
1
0.0072
0.0026
0.0044
0.023
0.0022
0.8976
0.0044
0.0026
0.0156
0.0054
0.03
0.006
0.0032
0.0082
0.0038
0.0094
0.0082
0.0048
1
0.0132
0.0998
0.0016
0.0026
1
0.0036
0.0036
0.0058
0.0064
1
0.0038
1
0.018
0.0044
0.0136
1
0.0032
0.011
0.0016
0.0038
0.0028
0.0458
1
1
0.0068
0.0078
0.0028
0.0066
0.0056
0.0014
0.2586
0.005
0.0028
0.0018
0.002
0.0098
0.0028
0.0038
1
1
0.004
1
0.0228
0.003
0.001
0.0012
0.0086
0.0066
0.0032
0.0104
0.0034
0.0106
1
0.0012
0.0044
0.003
0.0018
0.0014
0.0556
1
1
0.0054
0.0022
0.0046
0.022
0.001
1
0.3596
1
0.0132
0.0074
1
0.0048
0.0042
0.0264
0.0058
1
1
0.0044
0.0044
0.8536
1
0.0172
0.0406
0.0098
1
0.0022
0.003
0.0092
0.1552
1
0.0064
0.0038
0.0012
0.0028
0.0024
0.004
0.0096
0.0028
0.8958
1
0.0134
1
0.0076
0.027
0.0024
0.0034
0.0034
0.999
0.0286
1
0.0016
0.007
1
1
0.0052
0.0056
0.011
0.0162
0.0062
0.0054
0.0024
0.007
0.0116
0.0096
1
1
0.0036
0.0068
0.0028
1
0.0054
0.0128
0.006
1
1
0.0118
0.0182
1
0.0058
0.0084
0.0032
0.0154
1
0.009
1
1
0.0104
0.0082
0.0028
0.0088
0.0042
1
1
1
0.0114
0.0066
0.0014
0.0058
1
0.003
0.0616
0.0088
0.005
0.0044
0.0016
0.0052
0.0038
1
0.004
0.024
0.0032
1
1
0.0902
1
0.0094
0.0084
0.0228
0.008
1
0.0026
0.096
6e-04
0.0056
0.0022
0.006
8e-04
1
1
0.002
0.006
0.0598
0.0048
0.0036
1
0.002
0.0028
0.0036
8e-04
0.9944
0.0034
0.0054
0.9848
0.004
1
0.005
0.009
0.0024
1
0.004
0.9998
1
0.0634
0.0068
0.0028
0.0066
0.0276
0.0038
1
0.005
0.0068
1
0.0018
0.0026
1
0.003
0.0034
1
1
1
1
0.001
1
0.0122
0.003
0.004
1
0.0252
1
1
1
0.0116
1
0.044
1
0.0046
0.0018
0.0026
1
0.004
0.005
0.3426
1
0.0036
0.005
0.0094
1
1
1
1
0.8616
0.0042
1
0.0372
0.0036
0.0036
0.0046
0.011
1
0.0238
0.007
0.0034
0.0014
0.9834
0.0056
0.0012
0.0068
0.0024
0.0042
0.0014
0.002
0.0074
1
1
0.0054
0.0106
1
0.0064
0.0132
1
0.0036
0.0128
0.001
0.0034
1
0.0032
0.0018
0.005
0.0032
1
0.0086
0.0064
0.9046
0.0154
0.0054
0.008
1
0.0056
1
0.0026
0.0754
1
1
0.0024
0.002
0.0582
0.0078
1
0.002
0.0034
4e-04
1
1
0.0316
1
1
0.007
0.007
0.0018
0.0016
0.0044
0.0048
0.0026
0.0066
0.0034
0.0012
0.002
0.0038
1
0.003
0.0016
0.0036
1
0.0126
0.0062
0.0024
0.0032
0.0062
0.0016
0.001
1
0.0026
0.0474
0.0052
0.004
0.002
1
1
1
1
1
0.0066
0.0066
0.0022
0.002
0.003
1
0.006
0.313
1
1
0.0062
0.0022
0.003
1
0.0042
1
0.0056
0.0166
1
0.0034
1
1
0.007
1
0.072
1
1
1
0.003
0.0142
0.0352
0.003
0.0226
0.0018
0.0042
0.0026
1
1
0.0012
1
0.0022
1
0.0012
0.0112
0.0102
0.0026
0.011
1
1
0.006
0.0124
1
1
1
1
0.009
0.0042
0.0074
0.001
0.0018
0.0136
0.003
0.0016
0.0016
1
8e-04
0.0014
1
0.0046
0.9998
0.004
0.0016
0.0026
0.0024
0.0052
0.0032
0.0036
1
0.0056
0.0278
0.0026
0.0066
0.003
1
0.0014
0.007
0.0028
1
0.0034
0.0046
0.0056
1
0.0092
0.004
0.0108
8e-04
0.0034
0.0022
0.0074
0.8732
1
1
1
0.227
1
0.0014
0.003
0.004
0.0014
1
1
0.0114
0.0026
1
0.01
1
0.0278
0.9984
1
1
0.0016
1
0.9912
1
0.0082
1
0.0098
0.0034
0.0038
0.0032
0.0068
0.0038
0.0012
1
1
1
1
0.0014
0.4178
0.985
1
0.0016
0.004
0.043
0.002
1
0.0028
0.0036
1
1
1
0.0026
1
1
0.0032
0.0012
0.0042
1
1
0.0214
1
1
0.0084
0.9982
0.0078
0.9994
1
1
0.0054
1
0.0052
0.0026
1
1
1
1
0.0024
0.0024
1
1
0.0036
0.0014
6e-04
0.0066
1
0.0018
0.0074
0.7014
1
0.0022
0.0026
0.0024
1
0.0012
1
0.0024
0.0058
0.0074
1
0.0024
1
0.0036
0.002
1
1
1
0.0022
0.0102
0.009
0.0056
1
1
0.0072
1
1
0.001
1
0.0054
0.003
1
0.005
1
1
0.0018
1
0.0088
0.0032
1
0.0058
0.0152
1
0.1222
0.002
0.8828
0.0038
0.0092
0.0034
0.0048
1
1
1
1
0.0016
0.0022
0.0056
0.0016
0.0014
0.0024
0.006
1
0.0028
1
1
1
0.0386
1
0.0078
0.0036
0.0032
0.0428
0.0012
0.0016
0.0022
1
0.0062
0.0114
1
0.0024
0.0622
0.002
1
0.0014
1
1
0.0028
0.0544
0.01
0.0104
0.0016
0.0036
0.0012
6e-04
0.9998
1
0.003
1
0.0036
0.0026
0.0108
0.0038
0.003
0.0014
1
0.0036
0.0154
0.0184
1
0.0066
0.0028
1
0.001
0.0034
0.0016
0.0026
1
1
0.003
1
1
0.0018
0.0216
0.3718
0.0024
0.0024
0.0014
0.0026
1
1
0.002
0.0102
1
0.0012
0.0022
1
1
0.9994
0.0026
0.9998
0.0026
1
0.0042
1
0.0226
0.0056
1
0.0018
1
0.0046
0.0044
1
0.0056
0.0022
0.002
0.0318
0.0136
0.0072
1
1
0.0016
0.023
0.003
1
0.0222
0.003
0.003
0.0038
0.005
0.0098
0.0114
0.0156
0.0108
0.5894
0.0044
0.0038
0.0058
0.9988
1
0.0022
0.005
0.0022
0.0036
0.004
0.0126
0.004
0.0094
0.0024
0.003
0.0046
0.0036
1
1
0.007
0.002
0.0016
1
0.0088
0.0038
0.9992
0.0148
0.0078
0.0094
0.0162
1
1
0.0026
0.0016
0.0152
0.0168
1
0.0064
1
0.0084
0.0084
0.0112
0.0058
1
0.0038
0.0112
1
0.0044
0.0016
0.0026
0.002
0.0016
0.0012
1
0.0116
1
0.0048
0.001
1
1
1
1
0.0108
0.0052
0.0058
0.0116
0.0112
1
0.0098
0.0026
1
0.003
0.0046
0.0382
1
0.004
1
1
0.0026
0.0036
1
0.0024
0.0106
1
1
1
1
1
1
0.001
0.0152
0.1486
0.3262
1
1
0.0108
0.0046
0.0066
0.0018
1
0.002
0.002
0.0136
0.0018
0.0018
1
0.0082
0.0026
1
0.0026
0.0036
1
0.0012
0.008
0.037
0.0066
1
1
0.0122
0.0378
0.0132
0.0028
0.0038
1
0.0018
8e-04
0.0016
0.0022
0.0022
1
1
0.0038
0.0028
0.001
0.0054
0.0024
0.0028
0.0034
0.0018
1
0.0086
0.0052
0.0012
1
0.007
0.0038
0.0048
0.003
0.0064
1
0.0044
0.0036
0.0064
1
0.0038
0.024
0.0036
0.0054
0.0022
0.0048
