0.0748
0.015
0.023
0.033
1
0.0526
0.0128
0.0122
0.0138
1
0.0692
0.011
0.1022
0.012
0.0282
0.0188
0.0116
0.0144
1
0.9586
0.0224
0.0082
0.015
1
0.0142
0.0336
0.0428
0.016
0.0144
1
0.0748
1
0.0106
0.0318
1
0.039
0.0248
0.0308
0.0672
0.0096
0.0102
0.0116
0.0262
0.0504
0.0104
1
0.0554
0.01
1
0.0134
1
0.021
0.028
1
0.0674
0.0124
0.014
0.0096
0.008
0.008
0.0342
0.0156
0.0242
0.0098
0.0998
1
0.0308
0.015
0.019
0.0118
0.0114
0.0144
0.0476
0.0392
0.0354
0.16
0.0104
0.0508
0.009
0.0116
0.7444
0.0218
0.9998
0.0132
0.1028
0.0126
0.0164
0.0112
0.012
0.0956
0.0124
0.0158
0.0124
0.0186
1
0.0276
0.021
0.041
0.01
0.0312
0.9992
0.0238
0.0116
0.0122
0.0108
0.0158
0.0248
0.0938
0.0116
0.0102
0.0102
0.0098
0.0176
0.5624
0.0496
0.0118
0.013
0.0244
0.016
0.1136
1
0.0254
0.0106
0.1264
0.0354
0.0094
0.007
0.0128
0.045
0.0108
1
0.0116
0.0118
0.0082
0.2576
0.0134
0.0112
0.7466
0.4882
0.0106
0.0232
0.0432
0.0384
0.067
0.0084
0.019
0.0098
0.0576
0.016
0.0124
0.174
0.0108
0.012
0.0308
1
0.0214
0.01
0.0146
0.02
0.0446
0.028
0.012
0.021
0.009
0.0268
0.0212
0.0246
0.0166
0.015
0.0208
0.2044
1
1
0.0174
0.0112
0.0136
0.0112
0.0138
0.1794
0.0128
0.0202
0.084
0.009
0.1568
0.0416
0.1106
0.0204
0.1138
1
0.0518
0.0186
0.0304
0.0184
1
0.0088
0.01
0.9826
0.007
0.0156
0.023
0.0148
0.0104
0.01
0.0194
0.0068
0.008
0.0846
0.0228
0.0176
0.0136
0.052
0.018
0.0474
0.0438
0.1004
1
1
0.1006
0.015
0.0166
1
0.0908
0.0162
0.3186
0.0082
0.0272
0.0136
0.0066
0.0108
0.0214
1
0.0306
0.9282
0.0308
0.1116
0.0222
0.0116
0.0458
1
0.0306
0.01
0.029
1
0.0184
0.9608
0.0122
0.0172
0.015
0.0332
0.0458
0.0208
0.0248
0.013
0.0168
0.012
0.0138
0.0232
0.011
0.0254
0.0114
0.0132
0.0108
0.0144
0.0202
0.017
1
0.015
0.017
0.0102
0.0484
0.0096
0.0178
0.0088
0.0124
0.0084
0.0124
0.0102
0.0128
0.012
0.0206
0.0186
0.0104
0.0096
0.0066
0.0088
0.0166
0.0124
0.0138
0.0102
0.0126
0.041
0.0184
0.0156
0.0122
0.011
0.0128
0.0104
0.341
0.0086
0.0134
0.0126
0.973
0.0108
0.9996
0.0088
1
0.0072
0.0156
0.015
0.0224
0.0108
0.011
0.0104
0.015
0.0232
0.0136
0.0132
0.179
0.0536
0.015
1
1
0.013
1
0.012
0.0092
0.9962
0.0374
0.027
0.1056
1
0.9958
0.0398
1
0.0196
0.0158
0.0146
1
0.019
0.0258
0.7858
0.0094
0.025
0.0158
0.038
0.2382
0.0098
0.009
0.0242
0.031
0.0268
0.0126
1
0.022
0.016
0.014
0.0242
0.0126
0.0336
0.0162
0.0326
0.013
0.1978
0.0122
1
0.0084
0.0198
0.1882
0.0172
0.0492
0.0104
0.0974
0.0098
0.0292
0.0136
0.2476
0.0546
0.009
0.0332
0.02
0.026
0.0546
0.1044
0.0172
1
0.031
0.014
0.0272
0.0096
0.0132
0.011
0.0102
0.0172
1
0.0096
1
0.0156
0.1778
0.0172
0.0074
0.2628
1
0.0178
0.0122
0.009
0.986
0.0088
0.0108
0.0478
0.1224
0.0096
0.0074
0.0126
1
0.0098
1
0.0716
0.0308
0.0198
1
0.0112
0.01
1
0.0204
0.0132
1
0.0396
0.096
0.0284
0.0162
0.0084
1
1
1
0.0136
0.028
0.284
1
0.1516
0.0134
0.009
0.0164
0.0142
0.0134
0.0092
0.0122
0.038
0.0126
0.0102
0.02
0.016
0.0098
0.0088
0.1832
0.0114
0.012
0.0118
0.014
0.0094
0.0134
0.0126
0.0076
0.0112
0.0112
0.0118
0.0104
0.0082
0.0132
0.0246
0.0184
0.0112
0.0082
0.0144
1
0.0158
0.012
0.0246
0.0124
0.0162
0.02
1
0.126
0.0104
0.0098
0.0132
0.0124
0.019
0.009
0.009
0.9934
0.1858
0.0184
0.0128
0.0164
0.0362
1
0.0072
0.0102
0.0114
0.9108
0.0154
0.0088
0.011
0.0092
0.0226
0.019
0.0302
0.0244
0.011
0.0772
0.1312
0.059
0.0304
1
0.0718
0.0146
0.0078
0.0158
0.04
0.0104
0.0844
0.0132
0.0148
0.0106
0.0258
0.0142
0.013
0.0102
0.9994
0.0196
0.0126
0.0092
0.0116
0.0096
0.0234
0.0116
1
0.0188
1
0.0142
0.0176
0.0172
0.0286
0.0128
0.0138
0.0162
1
0.0116
0.0088
0.007
0.0458
0.0458
0.938
0.0508
0.0318
0.0126
0.0144
0.9068
0.033
0.9968
0.019
0.1818
0.0316
0.0842
0.013
0.0096
0.0184
0.1502
0.0116
0.0122
0.0102
0.0162
0.0458
0.2218
0.0088
0.9998
0.0228
0.0152
0.0794
0.0278
0.023
0.4636
0.0232
0.0104
0.0708
0.0072
0.0084
0.0112
0.0258
0.1144
0.0104
0.0132
0.0114
1
0.0084
0.0084
0.2134
0.0168
0.0162
0.0376
0.1454
0.0122
0.0086
0.0156
0.0096
0.0182
0.0108
0.0106
0.3256
1
0.0078
0.0254
0.0146
0.02
0.0118
0.0234
1
1
0.0124
0.0206
0.018
0.0816
0.0434
1
0.0066
0.013
0.0178
0.0396
0.9786
0.011
0.0102
0.048
0.0418
0.009
0.087
0.0692
1
0.0106
0.0128
0.0102
0.0586
0.0166
0.0668
0.0148
0.0124
0.0134
0.0328
0.0074
0.0138
0.0414
0.0194
0.0108
0.0196
0.9224
0.0112
0.9604
1
0.0186
0.012
0.0112
1
0.0122
0.019
0.0096
0.3848
0.0166
0.0108
0.0154
0.1474
0.0066
0.0086
0.0138
0.0104
0.0208
0.01
0.0206
0.1176
0.0098
0.081
0.1466
0.0438
0.0104
0.0154
0.0186
0.0104
0.0136
0.9912
0.0094
0.008
0.0168
0.0408
0.1038
0.0176
0.5004
0.0106
0.0204
1
0.0168
0.0174
0.0886
0.0082
0.0082
0.0534
0.0102
0.0264
0.0136
0.0084
0.0814
1
0.0296
0.0188
0.015
0.0122
0.9998
0.1766
0.0106
0.0096
0.018
0.0104
0.1082
1
0.0176
0.0102
0.0144
0.0148
0.0224
0.9958
0.0106
0.013
0.013
1
0.0118
0.0774
0.0436
0.0086
0.0222
0.0082
0.0112
0.195
0.0562
0.0148
0.0228
0.1024
0.0148
0.0126
0.0122
0.0238
0.933
0.4936
0.127
0.014
0.035
1
0.9182
1
0.017
1
0.0118
0.0136
0.0296
0.0094
0.0276
0.012
0.8976
0.0108
0.0298
0.0126
0.0094
0.009
0.0176
0.0076
0.0772
0.0086
1
1
0.0154
0.0136
0.0094
1
1
0.0396
0.0104
0.012
0.007
0.0124
0.0132
1
0.0256
0.0128
0.0134
0.0112
0.0148
0.0818
0.0152
0.0208
1
0.0856
0.0178
0.0446
0.0126
0.0108
0.0122
0.0154
0.0076
0.0772
0.9986
0.0124
0.018
0.0104
0.009
0.0184
0.0082
0.0092
0.0124
0.017
0.0182
1
0.0138
0.0186
0.0236
1
0.0108
0.0148
0.0228
0.0242
0.0104
1
