1
0.0082
1
0.024
0.0588
0.2798
0.0436
1
0.0078
1
0.0196
0.002
0.0202
0.0014
0.0028
1
0.0026
0.1594
1
0.0104
0.0086
1
0.0076
0.4658
0.0074
0.0104
0.563
0.7958
0.0018
1
0.0012
0.005
0.0474
1
0.009
0.68
1
1
0.9612
0.0104
0.0022
0.0056
1
0.0036
0.0048
0.0014
0.0012
0.016
1
0.8862
1
1
0.0012
1
0.0026
0.0032
0.0014
0.007
0.0022
0.0098
0.0046
0.125
0.0136
0.019
1
1
0.0058
1
0.0062
1
1
1
0.0022
0.0026
0.0028
0.0074
0.0018
0.0042
0.0156
1
0.005
0.004
0.0022
0.9912
0.0028
1
1
1
0.0038
0.0014
0.0038
0.0046
0.0138
0.3244
0.0028
0.9854
0.0022
0.0014
0.013
0.003
0.003
1
6e-04
1
1
0.0024
0.0032
0.0022
1
0.0052
1
0.0148
1
1
0.007
1
1
1
1
1
0.0174
0.0098
0.0032
0.0018
1
1
0.0044
0.0358
0.0028
1
0.478
1
0.2536
0.1574
0.0216
1
8e-04
0.01
1
0.0078
1
0.9998
0.0038
0.0056
1
0.0016
0.0034
1
0.0204
1
1
0.0264
0.002
0.035
0.0072
0.0082
1
1
1
0.0112
1
0.0018
0.0054
0.0026
0.004
0.0076
0.0084
0.0028
1
1
0.0052
0.0068
0.0012
0.0046
0.8308
0.0092
0.023
0.0022
0.0044
0.0048
0.0024
1
0.1042
0.0106
0.0128
0.001
1
1
0.0086
1
1
0.0028
0.003
0.005
0.0032
0.0036
0.0102
0.0148
1
0.0028
0.0042
0.0052
1
0.0234
0.0148
0.7198
0.0078
0.012
0.005
0.9816
0.0038
1
1
0.0098
0.0426
0.021
0.0108
0.001
0.0026
0.0026
1
0.0128
0.002
0.0356
0.0066
0.0036
0.0024
0.0136
0.0024
1
1
0.0032
0.0018
0.0236
0.0024
0.0094
0.0018
1
0.0022
0.0158
0.0012
0.002
0.0022
1
0.015
0.0034
1
0.0036
1
0.0028
0.0032
0.0042
0.0114
1
0.0036
0.032
0.008
0.0052
0.0042
1
0.0018
1
0.1832
0.0068
1
1
0.0392
1
0.0032
0.0014
0.0016
0.0014
0.0128
0.0078
0.0032
0.0022
0.2128
0.0046
0.0036
0.0118
0.0074
1
0.993
0.0024
0.0168
0.0176
0.0192
0.005
0.965
0.002
0.0018
0.0048
0.011
0.0144
0.01
0.0024
0.004
0.003
0.1614
0.0182
0.0126
1
0.0018
0.0112
0.0016
1
0.0028
0.0046
1
1
0.0074
0.0012
0.009
0.0024
0.0036
0.0016
0.0012
1
0.001
0.0048
1
1
0.0086
0.002
0.0038
0.0494
0.0064
0.0176
1
0.4948
0.005
1
0.0016
0.0012
0.0164
0.0022
0.0036
1
0.022
1
0.002
0.1802
0.0032
1
1
1
1
0.0014
0.0108
0.0078
1
1
0.0016
0.0236
0.0042
0.997
0.001
8e-04
0.0588
8e-04
0.0366
0.0516
1
1
1
0.0166
0.0046
0.064
0.8716
0.004
0.0034
0.0412
0.0022
0.0012
0.0064
0.0364
0.0012
0.0038
0.0072
0.0046
0.4308
1
0.0032
0.0026
0.0052
0.0048
0.0048
0.0018
1
0.3852
0.0032
1
8e-04
0.0018
0.0098
1
0.0068
0.0034
0.006
0.0024
0.0058
0.003
0.9942
0.0024
0.002
0.009
1
0.0048
0.0096
1
1
1
0.0028
0.0026
0.0024
0.0086
0.004
1
1
0.0034
1
0.0036
0.0022
0.014
0.004
0.0022
1
1
0.0014
1
0.0058
0.031
1
1
0.0184
0.113
0.8926
1
0.0014
1
1
0.0048
0.0124
0.0024
0.0058
0.9996
0.1466
1
0.0046
0.001
1
0.0248
0.004
0.9896
1
0.1842
1
1
0.002
0.0016
1
0.001
0.0048
0.0112
0.0026
0.0042
0.0042
0.0048
1
1
0.0024
0.0058
1
0.0096
1
0.0018
0.004
1
1
0.0176
0.007
1
1
0.002
0.0028
1
6e-04
1
0.0078
0.002
0.0046
0.005
0.0026
0.0078
0.0516
0.015
0.0076
0.0048
0.003
0.0134
1
0.0026
0.0074
1
1
0.0124
8e-04
0.0226
0.9878
0.004
0.0028
0.005
0.003
1
0.0026
0.0016
0.0026
1
1
1
1
1
1
0.007
0.0304
1
0.001
1
0.0046
0.0068
0.0012
1
1
1
0.0024
0.0026
8e-04
0.0012
0.0044
0.0042
0.0014
0.002
1
0.0114
0.003
0.0056
0.003
0.001
0.005
0.002
0.0122
1
1
0.0014
0.0032
0.0026
0.0024
0.0102
1
0.1126
1
0.002
0.0028
1
0.007
0.0098
0.0012
0.0014
0.0618
0.025
0.0058
0.003
0.0026
1
0.0536
0.8614
0.0118
0.0102
1
1
0.0296
1
0.0612
0.0126
0.0088
0.002
0.0204
0.0216
1
0.001
1
0.0538
0.0056
0.0016
0.0012
0.9574
0.9994
0.0048
0.0046
1
0.0142
0.0138
0.0014
0.0054
0.0278
0.0016
0.001
0.004
0.001
0.0014
0.9998
8e-04
0.9998
0.009
0.0044
0.0076
0.0028
1
0.0018
0.0276
0.0046
0.0026
0.0082
0.0086
0.035
0.0018
0.0018
0.1062
0.0028
0.003
0.0084
0.0012
0.003
0.0288
0.0012
8e-04
6e-04
0.0036
0.0292
1
0.9998
0.0732
1
0.0072
0.0012
1
0.0016
0.003
0.002
0.0032
1
0.0074
0.867
1
0.9754
1
1
0.9728
1
0.0702
1
0.0016
1
0.0028
0.0024
0.0032
0.1048
0.0034
0.015
0.0236
0.0102
0.003
0.635
0.0544
0.0398
0.0048
0.003
1
0.0086
0.1036
1
0.0084
1
0.003
0.0014
0.0018
0.0012
0.0022
0.0756
0.001
0.001
0.0022
