0.0376
0.109
0.1288
1
0.9162
0.0162
0.0154
0.0556
1
0.0144
0.016
0.023
0.0658
0.0118
0.0144
0.0202
0.9334
0.0122
1
0.0266
0.0306
0.0086
0.0546
0.0064
0.0264
0.0246
0.5784
0.055
1
0.0352
0.232
0.059
0.1498
0.016
0.0436
0.005
0.0088
0.0858
0.013
0.0206
0.0144
0.0044
0.0134
0.0178
0.0142
0.4694
0.0114
0.0064
0.019
0.2722
0.0348
0.0196
0.0104
0.0098
0.1684
0.014
0.0702
0.0052
0.014
0.0476
0.0206
1
0.0258
0.011
0.0164
0.0092
0.0356
0.0204
0.313
1
1
0.0086
0.0158
0.0144
0.9984
0.011
0.0066
0.0192
0.0124
0.0094
0.0124
0.0074
0.0186
0.972
0.01
0.0136
0.0178
0.1244
0.0188
0.0592
0.053
0.1722
0.0074
0.0124
0.0094
0.0094
0.0074
0.0064
0.4706
0.0278
0.0226
1
0.0096
0.0064
0.024
0.006
0.0098
1
0.012
1
0.0106
0.009
0.009
0.0086
0.0102
0.0082
0.0148
0.011
0.012
0.0064
0.0066
0.1098
0.0066
0.0134
0.0068
0.0114
0.0098
0.0082
0.009
0.0082
0.0144
0.029
0.1504
0.0064
0.0122
0.0084
0.0158
0.0048
0.0116
0.0124
0.8718
0.009
0.0184
0.006
0.0068
0.0144
0.0126
0.0084
0.0312
0.008
0.0102
0.0084
0.3262
0.0064
0.018
0.009
0.0092
0.009
0.0122
0.0088
0.008
0.2612
0.014
0.0084
0.0096
1
0.0066
0.006
0.0084
0.9728
0.0582
1
0.4614
1
0.1862
0.0106
0.008
0.0076
0.0184
0.0076
0.0082
0.0092
0.019
0.0084
0.0082
0.0098
0.007
0.0146
0.1056
0.0084
0.0138
0.01
1
0.0912
0.0104
1
0.0412
0.0086
0.0606
0.0166
0.0232
0.0078
0.1206
0.0078
1
1
0.065
0.0078
0.0064
0.0092
0.0088
0.0062
0.0178
0.048
0.0094
0.007
0.011
0.3374
1
1
0.0158
0.878
0.146
0.0086
0.994
1
0.0086
0.0132
0.0074
0.0132
0.933
0.0182
0.0312
1
0.0072
0.013
0.0298
0.5922
0.3806
0.0156
0.0088
0.0688
0.0066
0.013
0.3896
0.1936
0.0276
1
0.0074
0.0068
0.0064
0.0108
0.0084
0.0084
0.0178
0.0198
1
0.0064
0.0084
0.0172
0.0168
0.012
0.0258
0.0092
1
0.0096
0.0118
0.0068
0.0138
0.0094
0.011
0.014
0.0234
0.0088
0.007
0.006
0.0258
0.0146
0.0432
1
0.0294
0.0096
1
0.953
0.0122
0.0248
0.0156
0.9992
0.0594
0.021
0.0148
0.01
0.0062
0.7802
0.0088
0.0068
0.0092
0.0428
0.9998
0.1038
0.0084
0.0078
1
0.0098
0.0426
1
0.0122
0.126
0.024
0.0136
0.0078
1
1
0.1438
1
0.0192
0.0088
1
0.0284
0.01
1
0.0394
1
0.0232
0.0124
0.0086
0.0134
0.0172
0.8414
0.0092
1
0.0368
0.0164
0.0296
0.015
1
0.066
0.0142
0.9994
0.0268
1
0.0122
0.0086
0.0178
0.0068
0.011
0.8658
0.0096
0.0224
1
0.009
0.1888
0.028
0.0242
1
0.0242
0.0146
0.0114
0.0116
0.574
1
1
0.0104
0.0136
0.0112
0.0064
0.0056
0.021
0.006
1
0.128
1
0.0144
0.0072
0.9992
0.0102
0.0082
0.016
0.0078
0.0096
0.009
0.0108
0.0062
0.0062
0.0566
1
0.0134
1
0.0052
0.0076
0.0114
1
1
0.0068
0.0064
0.007
0.0102
0.0058
0.0066
0.01
0.0164
0.0524
0.017
0.0194
0.0072
0.0102
0.0096
0.0114
0.0106
0.008
0.0076
0.4054
0.0108
0.008
0.0128
0.0072
0.108
1
0.0142
0.017
0.0104
0.0106
0.8916
0.0348
0.0402
0.0136
0.0086
0.0108
0.7676
0.0164
0.9556
0.0406
1
0.0072
0.0072
0.0102
0.9984
0.0062
0.0094
0.0086
0.0272
0.0122
0.0086
0.0238
0.982
0.0114
0.0066
0.0094
1
0.1124
0.045
0.0114
0.017
0.0116
0.0196
0.0172
0.0186
0.016
0.0084
0.0312
0.0184
0.0134
0.0552
0.0176
0.0038
0.0058
0.9398
1
0.1636
0.257
0.0166
0.051
0.0104
0.048
1
1
1
0.3054
0.0088
0.0086
0.0056
0.0094
0.023
1
0.0208
0.01
0.1348
0.0146
0.0508
0.015
0.01
0.0246
0.0074
0.017
0.0096
0.0158
0.9996
0.0426
0.751
0.0482
1
0.9194
1
0.006
1
1
0.0128
1
0.0144
0.005
0.0068
0.9504
0.014
0.0156
0.0294
0.0204
0.0148
0.0078
0.1008
0.1794
0.0114
0.0202
0.0068
0.0162
0.0096
0.0192
0.8748
0.0092
0.0158
0.0454
0.3402
0.0086
0.0058
0.0152
0.2542
0.0768
0.1032
0.0126
0.1298
0.0192
0.0066
0.0118
0.054
0.0122
1
0.0178
0.0116
0.0158
0.013
0.1002
1
0.008
1
0.9908
0.9974
1
0.039
1
0.0128
0.0148
0.0086
0.0198
0.0072
0.0634
0.019
0.403
0.9374
0.0094
1
0.0112
0.0338
0.021
0.0074
0.0862
0.0578
1
0.0102
0.009
0.0368
0.035
0.0248
1
0.0066
0.0074
0.6328
0.0106
1
0.035
0.1002
0.0368
0.012
0.25
0.025
0.0178
0.0836
0.0086
0.0542
1
0.0078
0.1012
0.0082
0.0126
