2e-04
1
0.0674
4e-04
0.001
1
0.0012
0.5564
0.0376
0.0308
1
0.0472
0.0032
0.0048
0.0318
0.0404
1
0.0016
0.001
0.0218
0.0022
0.0018
0.0046
0.0064
0.007
0.0028
0.0146
0.0024
4e-04
1
0.006
1
2e-04
6e-04
8e-04
1
0.001
0.0026
0.001
0.0082
0.003
0.0066
0.001
0.0206
0.0116
6e-04
1
0.0066
1
1
0.0042
0.0032
0.001
1
0.054
1
0.0016
0.013
0.0034
0.0012
1
8e-04
1
1
1
1
0.0232
0.0012
0.001
0.0018
0.0022
0
0.0096
0.239
0.0244
0.007
0.0012
0.0362
1
0.0074
0.0078
0.0076
1
0.882
0.0038
0.004
1
0.0058
6e-04
0.0042
0.0032
0.004
0.991
4e-04
8e-04
0.001
0.0246
0.001
0.003
0.001
0.002
1
0.005
1
0.0042
2e-04
6e-04
0.003
1
0.013
4e-04
0.014
0.0044
0.0136
1
1
2e-04
0.001
0.0012
0.062
0.002
0.0014
0.0074
0.0024
1
0.0174
0.0026
0.993
0.0122
0.0052
0.1666
1
1
1
0.0036
1
0.002
0.001
1
1
0.002
0.0012
0.0056
0.0164
1
1
4e-04
1
0
8e-04
0.0038
1
0.008
0.0016
0.0012
0.0052
0.002
8e-04
1
2e-04
0.9998
0.0034
1
0.0016
0.0032
6e-04
1
0.087
1
1
8e-04
0.0012
0.9836
6e-04
8e-04
0.002
1
0.0164
0.0014
0.0018
0.0016
1
1
0.0014
2e-04
0.0014
0.0036
0.4654
0.0056
0.002
0.0072
2e-04
1
0.022
6e-04
0.0018
0.005
0.0058
8e-04
0.007
0.0046
4e-04
0.9996
0.0012
0.1292
0.001
0.0012
4e-04
0
1
0.0018
1
0.003
0.3376
0
4e-04
0.0012
0.3118
0.0012
0.0092
1
4e-04
0.0022
0.0032
1
0.0114
1
0.001
0.0014
0.0122
0.0028
0.0012
0.0098
8e-04
0.5834
1
0.0014
1
0.0052
0.002
8e-04
0.0018
0.004
0.0012
0
0.001
0.0028
0
0.0054
4e-04
1
6e-04
0.0024
1
0.007
1
1
0.0016
0.0012
0.001
1
4e-04
0.0616
1
0.0138
0.009
0.0056
1
0.0026
4e-04
2e-04
0.001
1
0.956
0.003
0.989
1
0.0032
0.0034
1
8e-04
2e-04
0.0022
0.0026
6e-04
1
0.0028
0.003
0.0678
6e-04
0.006
1
1
0.986
0.0012
1
0.9914
1
0.0102
0.0028
6e-04
8e-04
0.9812
0.002
0.0014
0.0012
8e-04
0.0088
1
1
0.0018
0.0036
0.0014
4e-04
0.002
0.0978
0.005
0.006
4e-04
0.0022
4e-04
8e-04
0.009
8e-04
1
0.0014
6e-04
0.0064
1
0.0296
8e-04
0.0204
1
0.19
2e-04
8e-04
0.0028
0.0024
0.0012
0.0022
1
1
1
0.5856
0.0022
2e-04
6e-04
0.0242
0.003
6e-04
0.0022
0.0018
0.0012
1
0.0218
0.0038
0.0018
0.0012
1
0.0012
0.0022
0.0016
0.0016
1
0.086
0.0356
6e-04
0.0402
0.0142
8e-04
1
0
0.0014
0.0146
0.9994
0.0172
0.0076
0.0082
1
0.0068
1
1
0.0012
0.0016
1
6e-04
0.001
0.0022
0.0048
0.0024
0.0014
0.0018
6e-04
1
0.011
0.0136
0
0.001
0.0012
1
1
4e-04
0.0084
0.992
0.0018
0.001
1
0.0056
1
8e-04
0.0012
6e-04
0.0028
1
0.0228
0.02
1
1
0.001
0.0066
0.001
0.0026
0.0018
1
0.0016
0.0034
0.2306
0.0154
0.0014
4e-04
0.9916
0.0042
0.9984
0.0088
8e-04
0.0212
0.0026
0.0012
6e-04
0.0034
0.997
0.004
0.0036
0.007
0.0162
0.001
0.0312
1
8e-04
0.0046
2e-04
0.0014
0.0032
0.0064
6e-04
0
0.001
0.0016
0.015
0.3598
0.0018
