1
0.0094
0.0128
0.03
0.0046
0.007
0.0092
1
0.0056
0.0086
0.005
0.0074
0.0038
1
0.0064
0.0068
0.0056
1
0.0048
1
0.0054
0.008
0.004
0.0076
0.1576
1
1
0.0048
0.0078
0.0048
1
0.0036
0.0068
0.0064
1
0.0034
1
0.0038
0.0034
0.0022
0.0326
0.0042
1
0.0036
0.0086
0.0044
1
0.006
1
1
0.0048
0.0074
0.006
0.0062
0.1254
0.0218
0.004
0.003
0.0052
0.005
0.0558
0.0098
0.0418
0.031
0.0054
1
0.0126
0.0124
1
0.0152
0.0112
0.0062
0.0042
0.0052
0.0038
0.0086
1
0.1222
0.4162
0.005
0.0044
0.051
0.006
0.007
0.499
0.0048
0.0054
1
0.0104
0.0028
0.0142
0.0036
0.0064
0.0092
0.0038
0.008
0.0054
0.0464
0.021
0.0058
1
0.004
0.0054
1
0.0094
0.0076
0.0128
1
0.0042
0.009
0.0092
0.0038
0.006
0.0172
1
0.003
1
0.0048
1
0.0178
0.009
1
0.0044
0.0056
0.0152
0.0076
1
0.0774
0.02
1
0.2284
0.0028
0.0064
0.0096
0.0048
0.0062
1
0.0074
0.005
0.0062
1
0.0028
0.0046
0.006
0.0058
0.0048
1
1
0.0034
1
1
0.0038
0.0048
0.0048
0.0112
0.0026
0.0056
0.031
0.0284
0.006
0.006
0.0066
1
1
0.0046
1
0.0098
0.009
0.0044
0.003
0.0038
0.009
0.0048
1
1
0.0048
0.0042
0.0034
0.009
1
0.0238
0.0052
0.0046
0.0042
1
1
0.0038
0.0114
0.0052
0.008
0.0038
0.0134
0.0054
0.0054
0.0194
0.0044
1
0.0032
0.0024
0.005
0.0076
0.0036
0.0096
0.0042
0.0036
0.0294
0.0352
0.0024
0.0032
1
0.6336
0.0048
1
0.0102
1
0.0226
0.004
1
0.007
0.0062
1
0.005
1
0.0032
0.006
0.4588
0.0124
0.0056
0.0052
0.0062
0.0026
0.004
1
1
0.1454
0.0042
0.0042
0.0038
1
0.005
0.0056
1
0.0048
0.028
0.0036
0.9616
0.0032
1
0.005
0.016
0.0048
0.0048
0.0024
0.0056
0.0134
0.0058
1
0.064
1
0.0974
0.0058
0.0258
0.0188
0.0058
0.0148
1
0.0082
1
1
1
0.033
1
0.0084
0.0182
0.0038
0.008
0.0108
0.0052
0.0112
1
0.357
1
0.0072
0.0032
0.9532
0.0056
1
0.0064
1
0.0168
0.0154
0.0128
1
0.0048
0.0118
0.006
0.0112
0.0194
0.0078
0.0022
0.0256
0.0158
0.9038
0.0076
1
0.0064
0.0188
1
0.7734
0.0104
0.012
0.0044
0.0038
0.0068
0.0904
0.0048
0.009
0.0076
0.005
0.0932
0.0032
1
1
0.0288
0.0858
0.0086
0.0368
1
0.0104
0.0032
0.062
0.1248
0.0074
0.0362
1
0.007
0.1052
1
1
0.0066
0.0042
1
0.1618
1
0.0042
1
0.005
0.0046
0.0044
1
0.0042
0.0048
0.9994
0.0084
0.004
1
0.0062
0.0148
0.0076
0.0054
1
0.032
0.0168
0.009
0.0104
0.0154
0.0054
0.0114
0.0062
0.0124
1
1
0.1356
0.011
0.0094
1
0.0126
1
0.0276
1
1
0.011
0.0138
1
1
0.005
1
0.0044
0.0062
1
1
0.0178
1
0.9994
0.0076
0.0106
0.162
1
0.0292
1
0.0104
0.9996
0.0098
0.014
1
1
0.0162
0.0116
0.0094
0.014
0.0054
1
1
0.014
0.01
1
0.0078
1
1
0.0152
1
1
0.0074
1
0.0144
0.005
0.0076
0.0092
0.013
0.0044
0.0172
1
1
0.7672
1
0.0104
0.0756
1
1
0.679
0.008
0.0046
0.0036
0.0044
0.0082
0.0056
0.0056
1
0.0054
0.0032
0.0074
0.0416
0.098
1
0.011
0.0248
1
0.0088
0.0082
0.0042
0.004
0.0038
0.0102
0.0184
0.0288
1
0.005
0.0062
0.0046
0.005
0.006
1
0.9914
0.004
1
0.0042
0.005
0.0122
0.0274
1
0.0048
0.1152
0.0512
0.0058
1
0.024
0.0054
1
0.0086
0.0024
0.006
1
0.025
0.9816
1
0.0118
0.006
0.0058
0.0916
0.0114
0.0052
0.0044
0.0096
0.003
1
0.014
0.0052
0.012
0.0108
0.0038
0.0162
0.0062
0.0048
1
0.006
0.0044
1
0.0088
0.0052
0.0046
0.0164
0.0038
0.0326
0.0046
0.0126
0.003
0.0052
1
0.0112
0.0052
0.0102
0.0088
0.0068
0.0128
1
0.009
1
1
0.0062
0.0292
0.0048
1
1
1
0.0082
0.0728
0.9334
0.0054
0.0066
0.0076
0.0084
0.019
0.0452
0.004
1
0.0022
0.0032
0.0072
0.0062
0.0246
1
1
0.0038
0.0082
0.0052
0.0062
0.0722
0.006
0.006
0.995
0.0076
0.0062
1
0.0076
0.006
0.005
0.0062
0.0026
0.007
0.0074
0.0074
0.0054
0.0132
1
0.0034
0.0058
1
0.004
0.005
0.0064
1
0.0046
0.0096
0.0054
0.0054
0.0832
0.9932
1
0.0192
0.0082
0.0056
0.0846
0.0472
0.0076
0.971
0.0088
0.0036
0.0062
1
0.0094
0.0136
0.0078
1
0.0054
0.0224
1
1
1
0.0042
0.1762
0.0114
0.0228
0.1136
1
0.0054
0.0146
0.0108
0.008
0.0052
0.004
1
1
0.0096
1
0.019
1
0.01
0.0152
0.028
0.055
0.9976
0.0184
1
0.006
0.0072
0.0064
0.0072
0.0046
0.0064
0.0042
0.0046
0.0214
0.0086
0.0056
0.0036
0.0066
0.008
1
0.0042
0.0048
1
0.0182
0.004
0.0054
0.0104
