1
0.0098
1
0.013
0.1498
0.0528
0.0134
0.0126
0.007
1
0.009
0.0246
0.0236
0.9944
0.013
1
0.0098
0.041
1
0.0108
0.0138
1
0.0134
0.0128
0.0078
0.0422
0.403
0.013
0.012
1
0.0248
0.0118
0.0914
1
0.0254
0.0136
0.047
1
0.6278
0.0286
0.0558
0.009
1
0.011
0.0168
0.0396
0.018
0.0604
1
0.0106
1
0.9842
0.0058
1
0.009
0.011
0.0102
0.0114
0.012
0.0106
0.0094
0.3644
0.0112
0.0172
1
1
0.0102
0.0212
0.0108
0.0216
1
0.009
0.0096
0.0082
0.009
0.0116
0.0098
0.0096
0.023
1
0.0082
0.0138
0.0156
0.9994
0.0076
1
0.0134
1
0.008
0.009
0.0094
0.0058
0.016
0.0078
0.0106
0.1274
0.0084
0.0154
0.019
0.009
0.0108
1
0.0108
1
0.9798
0.0072
0.0078
0.0146
0.0122
0.012
0.0078
0.0346
0.0134
0.0116
0.0104
0.0088
0.0064
1
0.0078
1
0.0144
0.01
0.0092
0.011
0.1648
1
0.0132
0.017
0.0108
1
0.0138
1
0.03
0.0214
0.0326
0.0088
0.0156
0.0074
0.0084
0.0138
1
0.0226
0.01
0.02
0.0392
0.012
0.0424
1
0.01
0.009
0.0086
0.0806
0.0074
0.0312
0.0382
0.0102
1
0.3122
1
0.0182
0.0128
0.0094
0.018
0.0076
0.0086
0.014
0.0444
0.0096
1
0.0174
0.0148
0.0126
0.1152
0.0104
0.515
0.11
0.0312
0.0246
0.0082
0.0156
0.0076
0.9816
0.0438
0.0116
0.0098
0.0068
0.9926
0.0212
0.0192
0.0092
0.012
0.0082
0.0078
0.0082
0.0078
0.008
0.0278
0.016
0.1886
0.0078
0.012
0.0126
0.7498
0.0208
0.0114
0.0228
0.0144
0.0452
0.0248
0.0388
0.0104
0.9352
0.013
0.0118
0.0502
0.039
0.0092
0.0214
0.0066
0.0112
1
0.0136
0.016
0.024
0.0152
0.1318
0.0154
0.0136
0.0078
0.4106
0.0142
0.0098
0.0074
0.0716
0.0138
0.0346
0.006
1
0.0088
0.0442
0.0082
0.0244
0.0146
0.9632
0.0158
0.0108
0.034
0.0138
0.0194
0.012
0.0122
0.0088
0.012
0.198
0.0114
0.4974
0.055
0.0236
0.0314
0.0076
0.0852
0.0242
0.0248
0.0096
1
1
0.0076
0.0258
0.0144
0.0112
0.0524
0.0088
0.016
0.0102
0.0106
0.0106
0.0166
0.0092
0.0094
0.058
0.0138
1
0.0294
0.0092
0.016
0.9874
0.0186
0.008
0.1478
0.0094
0.0102
0.0078
0.0236
0.0162
0.0124
0.007
0.0218
0.0112
0.1066
0.03
0.0166
1
0.0112
0.0104
0.0162
1
0.0086
0.0094
1
0.0122
0.0322
0.0112
0.011
0.0064
0.0088
0.0354
0.0148
0.0142
0.0204
0.007
0.8872
1
0.0516
0.0292
0.0114
0.0202
0.0088
0.0218
0.8452
0.0092
0.0076
0.0278
0.016
0.9222
0.0418
0.0192
0.0382
1
0.0218
0.0118
0.1144
0.0512
0.0214
0.0098
0.0096
1
1
0.0084
0.0134
0.0568
0.0214
1
0.015
0.0502
0.026
0.0118
0.1234
0.011
0.0304
0.0324
0.0214
0.1506
1
1
1
0.0232
0.0146
0.0192
0.018
0.012
0.0136
0.0348
0.0292
0.019
0.0116
0.0104
0.014
0.912
0.0252
0.75
0.0248
1
0.008
0.009
0.0076
0.015
0.0078
0.0088
1
0.045
0.0084
0.9938
0.0176
0.0104
0.0122
1
0.0126
0.0086
0.0082
0.0088
0.0082
0.009
0.0098
0.0188
0.0096
0.011
1
0.0072
0.0248
0.008
0.0152
0.0166
0.0076
0.0086
0.009
0.0146
0.0096
0.9978
0.0078
0.016
0.9388
0.0092
0.0054
0.013
0.0088
0.0142
1
1
0.0118
0.013
0.0342
0.038
1
1
0.0148
0.0178
0.0486
0.011
0.011
1
0.0108
0.0108
0.0126
0.0056
0.0096
0.0098
0.0146
1
0.0116
0.0104
0.0086
0.0514
0.0082
0.0146
1
0.033
0.196
0.0376
0.8668
0.0182
1
0.0108
0.0066
0.0114
0.0082
0.0072
0.016
0.0096
0.01
1
0.0078
0.0072
0.0086
0.0126
0.977
0.01
0.0106
1
1
0.7794
0.0358
1
1
0.0086
0.0102
0.013
0.0236
1
0.012
0.029
0.0148
0.0262
0.0114
0.0318
0.0298
0.0156
0.011
0.0096
0.013
0.9972
0.0964
0.01
0.0092
0.0088
0.031
0.016
0.0136
0.021
0.0102
0.0106
0.01
0.0086
0.012
1
0.0104
0.0108
0.0116
1
1
0.0158
1
1
1
0.0104
0.027
0.4952
0.0064
0.0158
0.0152
0.0108
0.03
1
0.0226
1
0.0086
0.014
0.0548
0.019
0.0622
0.0274
0.1186
0.0292
1
0.0066
0.0242
0.0132
0.0124
0.014
0.0076
0.0136
0.0088
0.0138
1
0.0082
0.0098
0.0084
0.007
0.0336
0.132
0.0102
0.061
0.0134
0.0086
1
0.0102
0.0338
0.0122
0.007
0.0098
0.0154
0.0102
0.0092
0.0106
1
0.0718
0.497
0.01
0.009
0.9934
1
0.0318
1
0.0246
0.0134
0.0104
0.0196
0.0154
0.0196
1
0.0156
1
0.0186
0.0108
0.014
0.0148
0.0092
0.0176
0.0096
0.0102
0.6696
0.0122
0.0106
0.0112
0.0196
0.0854
0.0098
0.018
0.0104
0.01
0.0338
0.0152
0.016
0.2624
0.0128
0.012
0.029
0.0432
0.352
0.0084
0.041
0.0514
0.0078
0.0342
0.0722
0.028
0.0222
0.5174
0.0522
0.1464
0.0916
0.0226
0.0196
0.008
0.0142
0.0296
0.0236
0.0446
0.0338
0.0274
1
0.0114
0.2454
0.0198
0.0596
0.039
1
0.0084
0.0106
0.011
0.0074
1
0.0088
0.5044
0.8858
0.0438
0.256
0.9982
0.0298
0.4462
0.014
1
0.0082
0.0146
0.0256
0.0088
0.0082
0.045
0.0088
0.0272
0.0198
0.0164
0.0104
0.01
0.0076
0.0546
0.02
0.0202
0.044
0.01
0.0128
0.4404
0.0366
1
0.0766
0.0234
0.031
0.0102
0.01
0.0102
0.0848
0.0168
0.1438
