0.0044
0.136
0.0024
0.0102
0.0024
0.0014
0.0018
0.0026
0.0016
0.004
0.0024
0.0014
0.0016
0.0024
0.0016
0.0026
0.0022
0.0104
0.0024
0.0024
6e-04
0.0028
0.0022
0.0038
0.0022
0.0034
0.8796
0.0044
0.0012
0.0046
0.099
0.0022
0.0022
0.0036
0.0022
0.0032
0.0028
0.0016
0.0036
0.007
0.002
0.0038
6e-04
0.0022
0.0018
0.0028
0.003
0.001
0.0032
0.0024
0.0026
0.0044
0.0034
0.007
0.0018
8e-04
0.0106
0.0018
0.0022
0.0022
0.0018
0.003
0.0034
0.002
0.0632
0.006
0.0024
0.0032
0.0044
6e-04
0.0036
0.0014
0.0012
0.0024
0.003
0.0014
0.0018
0.0024
0.0046
0.0014
0.0028
0.0028
0.0124
0.0068
0.003
0.0016
0.0014
0.0042
0.0022
0.0028
0.0024
0.0018
0.0012
0.0016
0.001
0.0036
0.003
1
0.0018
0.0018
0.0036
1
0.9982
0.0046
0.0016
0.0018
0.0026
0.0016
0.0042
0.002
0.0018
1
0.0064
0.0036
0.0054
0.0032
0.0018
0.0032
0.0036
0.0016
0.0026
0.003
0.0018
0.0062
0.0046
0.003
0.0274
0.0034
0.0022
0.0028
0.003
0.0018
0.0174
0.0044
0.0016
0.002
0.0014
0.002
0.007
0.0062
0.0064
0.015
0.002
0.0056
0.0012
0.0016
0.002
0.0014
0.0014
0.0056
0.0022
0.0032
0.0046
0.0022
0.003
0.003
8e-04
0.0034
0.0018
0.0036
0.002
0.0054
0.0028
0.0054
0.0022
0.0038
0.0012
0.089
0.0024
0.0024
0.0016
0.002
0.002
0.0028
0.0076
0.0012
0.0056
0.003
0.0018
0.0024
0.0026
0.0036
0.0022
0.0074
0.0014
8e-04
0.0026
0.0014
0.0038
0.005
0.0022
0.0018
0.0022
0.0028
8e-04
0.0024
0.0018
0.0034
0.0076
0.002
0.0034
0.0018
0.0014
0.0038
0.0042
0.0016
0.004
0.0014
0.0028
0.0038
0.002
0.003
0.0012
0.001
0.0022
0.5594
8e-04
0.0018
0.0028
0.0016
0.0028
0.001
0.001
0.0064
0.0046
0.002
0.0022
0.0012
0.001
0.0016
0.0024
0.0018
0.0014
0.0036
0.0014
0.0022
0.0024
0.0012
0.0014
0.0014
0.0024
0.0016
0.208
0.005
0.0018
8e-04
0.0038
0.0014
0.0018
0.0032
0.0074
0.0024
8e-04
6e-04
0.0016
0.0014
0.0026
0.0024
0.0024
8e-04
1
0.0026
0.0026
0.002
0.0022
0.0026
0.0044
0.0036
0.0018
8e-04
0.0026
2e-04
0.0016
0.0014
0.0042
0.0018
0.0022
0.0018
6e-04
0.0012
0.0018
0.9318
0.001
0.0032
0.0016
1
0.0028
0.0018
0.0012
0.003
0.0012
0.0022
0.0014
0.0012
0.0018
0.0024
0.0014
0.0018
0.006
0.003
0.003
0.0014
0.0012
0.0038
0.0122
0.0174
0.001
0.0024
4e-04
0.0016
0.0014
0.0808
0.0016
0.002
0.0056
0.002
0.002
0.0024
0.0014
0.0018
0.0014
0.0084
0.0104
0.0016
0.0256
2e-04
0.002
0.0092
0.0022
0.0024
4e-04
0.0018
0.0022
8e-04
0.0048
0.045
0.0012
0.0012
0.0056
0.0106
0.0018
4e-04
0.0018
8e-04
0.002
0.0024
0.0018
0.0014
0.0014
4e-04
0.0014
0.0024
0.0016
8e-04
8e-04
1
0.0244
0.0052
0.0014
0.0026
0.0016
0.0032
0.9546
0.0172
0.0072
0.002
0.0026
0.0016
0.0042
0.0016
0.004
0.0068
0.0016
6e-04
0.001
0.0034
0.0014
0.0022
0.0046
0.0238
0.002
0.0014
6e-04
0.0058
0.002
0.0014
0.0022
6e-04
0.026
0.0018
0.0042
0.0018
0.0026
0.0026
0.0018
0.002
0.0048
0.0132
0.0966
0.0036
0.0018
0.0018
0.0028
0.0022
0.0022
0.0062
0.0028
0.007
0.0132
0.0038
1
0.0078
0.0026
0.0078
0.0022
0.007
0.0026
0.0028
0.0018
0.0046
0.0018
0.0256
0.0016
0.0018
0.0652
0.003
0.0028
0.0018
0.0064
1
0.006
0.001
0.003
0.0046
0.0038
6e-04
0.0046
0.001
0.0038
0.0048
1
0.6348
0.002
0.0126
6e-04
0.003
0.0046
0.0034
0.0046
0.0014
8e-04
0.0138
0.0042
0.0128
0.003
0.0014
0.0028
0.0028
0.0036
0.0016
0.0042
0.0014
0.0024
0.7236
0.0024
0.0022
0.9758
0.005
0.0028
1
0.0034
0.0016
0.0032
0.0026
0.0016
0.0392
0.0042
0.0026
0.0016
0.002
0.001
0.0014
0.0016
0.0022
0.003
0.001
0.0322
4e-04
4e-04
0.0016
0.9926
0.0044
0.0066
0.0012
0.0032
0.0064
0.0028
0.0076
0.0024
8e-04
0.0018
0.0016
0.0014
0.001
8e-04
0.0036
0.0012
0.0016
0.0024
0.003
0.0026
0.003
0.0032
0.0044
0.0024
0.0018
0.0108
0.0056
0.121
0.0024
0.0326
0.0028
0.0022
0.0018
0.0026
0.003
0.001
0.001
0.0116
0.0024
0.0034
0.0044
0.002
0.0016
0.007
0.0028
0.9434
0.0054
0.0056
0.05
0.0024
0.0034
0.0044
0.0236
0.003
0.0024
0.0028
0.0012
0.0576
1
1
0.004
0.0024
0.0044
0.0048
4e-04
0.499
0.004
0.003
0.0028
0.0184
0.0028
0.033
0.0014
6e-04
0.0236
0.0012
0.0292
0.0088
0.0022
0.0042
0.0012
0.0154
0.0034
0.001
0.0022
0.008
0.008
0.0036
