0.0084
1
0.05
0.1124
0.0114
0.018
0.0054
0.0152
0.0142
0.0142
0.0056
0.0078
0.0106
0.0074
0.0094
0.0116
0.0226
0.0134
0.0068
0.0088
0.0128
0.011
0.0068
0.012
0.0112
0.0126
0.0378
0.007
0.018
0.0108
0.0084
0.0094
0.0086
0.0072
0.0078
0.0096
0.0204
0.0072
0.0552
0.0104
0.0074
0.0086
0.0114
0.0198
0.008
0.0152
0.0082
0.005
0.0098
0.005
0.0064
0.0062
1
0.0126
0.0078
0.0058
0.1066
0.0164
0.2656
0.019
0.0172
0.0328
0.0124
0.0378
0.01
0.0068
0.01
0.0104
0.0118
0.0258
0.0084
0.0078
0.358
0.0104
0.0092
0.0058
0.009
0.0144
0.4458
0.01
0.0324
0.007
0.0086
0.0076
0.014
0.0052
0.007
0.0052
0.0212
0.01
0.0356
0.0066
0.0068
0.0488
0.0182
0.0124
0.0126
0.0068
0.0072
0.0068
0.0094
0.0168
0.9134
0.011
0.0172
0.0366
0.0096
0.0082
0.0056
0.0082
0.0144
0.011
0.007
0.0086
0.0074
0.0472
0.0078
0.012
0.0144
0.0078
0.886
0.0072
0.0074
0.0074
0.6642
0.0044
0.0122
0.0102
0.0074
0.0082
0.0134
0.0172
0.0056
0.0054
0.008
0.0094
0.0076
0.0088
0.005
0.02
0.0104
0.0092
0.0184
0.0078
0.009
0.0064
0.0088
0.0084
0.04
0.015
0.0084
0.0102
0.0366
0.0066
0.01
0.0066
0.0252
0.0108
0.0224
0.0222
0.0324
0.0116
0.0202
0.007
0.0064
0.0092
0.0064
0.0082
0.0098
0.0108
0.0172
0.0096
0.0104
0.0066
0.0094
0.0056
0.0246
0.0086
1
0.0256
0.0074
1
1
0.0062
0.0074
0.0074
0.0138
0.0068
0.0252
0.053
0.0064
0.0086
0.0124
0.0086
0.0086
0.0132
0.0182
0.0206
0.5766
0.045
0.0072
0.0114
0.0088
0.0062
0.0122
0.0064
0.0164
1
0.0146
0.0116
0.0094
0.0076
0.0074
0.9914
0.0166
0.0098
0.0122
0.0094
0.0076
0.0182
0.1768
0.0174
0.011
0.0092
0.0138
0.0084
0.0192
0.0102
0.0208
0.014
0.0084
0.0208
0.0064
0.0132
0.0064
0.277
0.0166
0.0236
0.0094
0.0088
0.9484
0.0052
0.0108
0.0192
0.0082
0.0148
0.0358
0.015
0.0064
0.0064
0.022
0.0144
0.007
0.0102
0.011
0.0076
0.005
0.0096
1
0.011
0.0106
0.0126
0.009
0.0252
0.0384
0.0106
0.9554
0.0096
0.0382
0.015
0.0102
0.0122
0.006
0.008
0.0064
0.0066
0.0188
0.0094
0.0088
0.008
0.0082
0.0102
0.012
0.0406
0.0222
0.0068
0.0088
0.0398
0.0058
0.0096
1
0.0232
0.0088
0.0064
0.0068
0.1218
0.0172
0.0138
0.0154
0.006
0.0538
0.0088
0.0196
0.0078
0.0094
0.0266
0.0074
0.2854
0.0148
0.0138
0.0114
0.0998
0.0166
0.0084
0.0194
0.01
0.0074
0.0192
0.0234
0.019
0.0088
0.0098
0.0118
0.0366
0.3894
0.0184
0.0096
0.0112
0.0074
0.0122
0.0108
1
0.016
0.0076
0.922
0.009
0.022
0.006
0.0318
0.0082
0.0456
0.0162
0.0072
0.009
0.0066
0.01
0.0202
0.0066
0.0108
0.0696
0.012
0.0096
0.7584
0.0152
0.0136
0.073
0.0108
0.0092
0.0068
0.0074
0.0078
0.0056
0.0096
0.0108
0.0084
0.025
0.0256
0.041
0.9994
0.017
0.0094
0.0408
0.0086
0.0088
0.0112
0.03
0.092
0.0138
0.011
0.0098
0.015
0.01
0.0248
0.0134
0.006
0.0096
1
0.0186
0.4312
0.0096
0.0198
0.0246
0.0208
0.0138
0.0126
0.0498
0.0152
0.0302
0.0664
0.0588
0.0156
0.0086
0.0074
0.0078
0.611
0.0792
0.2704
0.012
1
0.0074
0.0194
0.0072
0.0068
0.0302
0.0118
0.0306
0.01
0.0098
0.0374
0.0072
0.0052
0.011
1
0.0062
0.0134
0.9654
0.0078
0.0272
0.0086
0.0126
0.011
0.0302
0.1964
0.013
0.0104
0.9936
0.0662
0.0192
0.0086
0.0084
0.0156
0.0326
0.0428
0.0332
0.4766
0.013
0.0144
0.4446
0.0118
0.0092
0.0376
1
0.0082
0.0168
0.08
0.0076
0.0196
0.009
0.0142
0.0322
0.9384
0.0104
0.0058
0.0092
0.0074
0.01
0.0142
0.0462
0.0328
0.0068
0.0508
0.0084
0.0068
0.0074
0.0156
1
0.0518
0.012
0.0138
0.0092
0.0062
0.0096
0.0106
0.0436
0.0078
0.0304
0.0076
0.0092
0.9998
0.0126
0.0264
0.013
0.345
0.022
0.0072
0.0082
0.008
0.01
0.0108
0.0132
0.0616
0.0176
0.0364
0.1158
0.5864
0.0102
0.0666
0.012
0.0074
0.3176
0.0296
0.0062
0.0098
0.0086
0.0172
0.012
0.0096
0.0432
0.86
0.0818
0.0144
0.0158
0.0212
0.9852
0.0096
0.0072
0.0338
0.032
0.0382
0.0066
0.0244
0.0476
0.0246
0.0074
0.0096
0.026
