0.8574
0.0198
0.02
0.0432
0.014
0.0276
0.1348
0.0256
0.023
0.0176
0.0116
0.0232
0.0544
0.9236
0.0254
0.0168
0.9954
1
0.015
0.0126
0.0124
0.016
0.0184
0.022
0.016
0.0242
0.2564
0.7168
0.0184
0.0134
1
0.013
0.0154
0.0182
0.2226
0.0146
0.0136
0.0128
0.013
0.02
0.0168
0.036
1
0.0252
0.0158
0.0162
0.8886
0.0142
0.014
0.8764
0.1162
0.1356
0.0656
0.0306
0.9976
0.0332
0.0128
0.018
0.0148
0.016
0.0188
0.0188
0.154
0.0742
0.0176
1
0.0328
0.0264
1
0.0178
0.0252
0.0378
0.0132
0.0104
0.0138
0.0276
0.024
0.3312
0.0162
0.0246
0.0234
0.1688
0.0284
0.0138
0.029
0.0144
0.0112
0.0186
0.0206
0.0144
0.0308
0.013
0.0142
0.0194
0.0256
0.025
0.0782
0.2544
0.431
0.0168
1
0.0142
0.0154
1
0.3584
0.0252
0.1938
1
0.0128
0.4136
0.034
0.0184
0.118
0.0406
1
0.0192
1
0.013
0.0228
0.0166
0.0178
0.925
0.0132
0.0168
0.07
0.0826
1
0.0438
0.9404
1
0.0486
0.0168
0.023
0.0194
0.0214
0.0128
1
0.0202
0.015
0.013
0.5402
0.0152
0.0166
0.0226
0.017
0.0124
0.0242
0.018
0.0164
1
1
0.0156
0.0114
1
0.021
0.0248
0.0202
0.0216
0.0664
0.0118
0.9898
0.0146
0.1674
0.6698
0.012
0.5828
0.017
0.0414
0.014
0.0146
0.013
0.2732
0.0092
1
0.07
0.016
0.0192
0.011
0.0654
1
0.0318
0.0098
0.031
0.0114
1
0.2462
0.0128
0.0278
0.0184
0.0264
0.018
0.6468
0.042
0.0166
0.2744
0.0168
0.293
0.0122
0.0198
0.0238
0.0192
0.0236
0.0276
0.0158
0.0164
0.126
0.7396
0.0194
0.0146
1
0.0182
0.034
1
0.483
1
0.6548
0.0112
0.0156
0.0262
0.017
1
0.9896
1
0.0148
0.0112
0.0218
0.034
0.0328
0.0142
0.013
0.0358
0.015
0.0634
0.9812
0.0172
0.011
0.0164
0.0404
0.7666
0.0124
0.0212
0.0326
0.0184
0.0332
0.018
0.0152
0.0262
0.0244
0.0972
0.0366
0.0264
0.096
0.0116
0.018
0.0232
0.0216
0.941
0.0402
1
0.414
0.0274
0.0172
0.0748
0.0132
0.0186
1
0.0652
1
0.0478
1
0.026
0.0368
0.0192
0.0504
0.0252
0.027
0.028
0.0176
0.015
0.0222
0.0146
1
0.0176
0.0196
0.0222
0.0278
0.9672
0.0186
1
0.0402
0.0324
0.0212
1
0.015
0.0516
0.0234
0.0458
0.0204
0.0196
0.0172
0.1338
0.0812
0.0196
0.0124
0.1772
0.0192
0.0258
1
0.1024
0.013
0.0236
0.168
0.0154
0.0266
0.062
0.0152
0.0202
0.0208
0.0132
0.0996
0.0148
0.0118
0.0648
0.2024
0.0676
0.026
0.0184
1
0.0216
0.0238
0.26
0.0136
0.0498
0.0202
1
0.015
0.3648
1
1
0.0168
0.0206
0.0728
0.0406
1
0.2092
1
0.0238
0.058
0.0164
1
0.0134
0.0648
0.1574
0.016
0.015
0.014
0.0128
0.5066
0.0186
0.016
1
0.163
0.0208
0.0134
0.0188
0.0276
0.0552
0.0114
0.0204
0.026
1
1
0.9998
0.044
0.0182
1
0.0296
1
0.018
1
1
0.039
0.0308
1
1
0.0664
1
0.0274
0.0116
0.0206
0.0284
0.0264
1
0.0174
0.0196
0.0264
0.8966
0.9996
0.0386
1
0.015
0.0556
0.13
0.019
0.087
1
0.0296
0.0266
0.0184
0.0164
0.0128
0.062
1
0.0414
0.0292
1
0.0184
1
0.8678
0.0304
1
1
0.0142
0.9978
0.0398
0.0212
0.014
0.0196
0.031
0.0182
0.0148
0.997
1
0.5762
1
0.0354
1
0.0164
0.0858
0.0366
0.0164
0.304
0.0186
0.0138
0.0202
0.0218
0.0134
0.0862
0.0166
0.0136
0.0164
0.031
0.015
0.843
0.017
0.0152
0.0184
0.021
0.0298
0.0234
0.016
0.0158
0.0168
0.0916
0.027
0.012
0.0244
0.013
0.013
0.0128
0.178
0.0564
0.0138
0.0128
1
0.836
0.0236
0.113
0.0334
0.099
0.0124
0.0252
0.332
0.0094
1
0.066
0.0158
1
0.0174
0.0164
0.0116
1
0.1198
0.0148
1
0.0182
0.0122
0.0148
0.0548
0.0138
0.0108
0.012
0.0136
0.9976
0.9868
0.3332
0.014
0.0188
0.0174
0.0142
0.7438
0.5188
0.0396
1
0.0136
0.0134
0.1084
0.128
0.0138
0.0168
0.6272
0.0914
0.0978
0.0158
0.026
0.0168
0.0166
0.0286
0.0288
0.0206
0.0182
0.0178
0.0136
0.0242
1
0.0182
1
0.9698
0.0236
0.0714
0.0202
0.9876
1
0.9968
0.0142
0.03
0.0162
0.045
0.0234
0.0634
0.085
0.0564
0.1898
0.013
0.798
0.0136
0.0132
0.023
0.0298
0.0544
0.1204
0.3256
0.0132
0.0336
0.0124
0.95
0.0714
0.0174
0.012
0.0242
0.0262
0.017
1
0.0602
0.0188
0.0296
0.0262
0.013
0.0166
0.0148
0.0136
0.0138
0.0858
1
0.8774
0.3044
0.4412
0.1572
0.0418
0.0464
1
0.0154
0.0212
0.0142
0.112
0.0264
0.0232
0.4994
0.1258
0.02
0.0212
1
0.0166
0.0208
0.2432
0.0198
0.0166
0.9768
1
0.0118
0.0384
0.0216
0.2226
0.0188
0.0698
1
1
1
0.8314
0.9802
0.079
0.9268
0.9788
1
0.013
0.0338
0.0272
0.12
0.0158
0.0128
1
0.5694
0.0206
0.0556
0.851
1
0.033
0.0284
0.0178
0.0464
0.9956
0.1548
0.015
0.0348
0.0134
0.0114
0.984
0.021
0.0168
0.027
0.0134
0.0314
0.0274
0.0134
0.0178
0.02
0.0202
1
0.0238
0.0128
1
0.0462
0.013
0.0142
0.0202
