0.4974
1
1
0.7052
0.013
0.0244
0.647
1
0.1738
0.0132
1
1
0.0036
0.0094
0.9998
0.9986
0.7648
0.9998
0.8254
0.0082
0.0312
1
0.0038
0.136
0.997
0.0076
1
0.0514
0.0042
0.9736
0.1572
0.998
0.3768
0.7658
0.5964
0.0594
0.8786
0.0414
1
0.0864
0.0272
0.0072
1
0.0094
1
0.8906
0.9742
0.0448
0.1226
0.9948
0.0752
1
0.0342
0.052
1
1
1
0.3898
0.0204
1
1
1
0.0224
0.0066
0.024
0.1718
0.6376
0.0086
0.9998
0.974
0.6624
0.192
0.9978
1
0.6924
0.975
0.0076
1
0.0944
0.854
0.7222
0.0088
1
1
1
0.1206
1
0.0626
0.005
0.9948
0.02
0.0068
0.087
0.0268
1
0.0516
1
0.0218
0.0294
0.013
1
1
0.7896
0.601
0.5786
1
0.0022
1
1
0.9494
1
1
0.0066
0.048
0.9998
1
1
0.1066
0.4992
0.3326
0.0062
1
0.0068
0.8464
0.191
0.0076
1
0.9978
0.681
0.0328
0.026
0.2696
0.0024
1
0.0434
0.0184
0.9308
0.0414
0.8706
0.8786
0.4552
0.0048
0.0274
1
0.584
0.0736
0.1354
0.0506
0.8754
0.8682
0.8796
0.0078
1
0.6456
1
0.8274
0.2058
0.0108
1
0.9982
0.032
0.3256
0.1132
1
1
0.002
0.997
0.921
0.9792
0.0624
0.1634
0.0054
0.952
1
0.4002
0.9636
0.7598
1
0.9996
0.9956
1
0.1714
0.0704
1
0.425
0.9998
0.9998
1
0.8584
0.0078
0.0362
0.0074
0.4944
0.2202
1
1
1
0.706
0.1542
0.0234
1
1
0.0412
0.2062
0.0096
0.9998
0.0028
0.9988
1
0.3386
0.3314
0.0888
1
0.1526
0.999
1
1
0.0106
0.0272
0.6284
0.9824
0.8644
1
0.0118
1
0.2524
1
0.0382
0.0122
0.4726
0.0122
1
1
0.5412
0.9978
0.6836
1
0.997
0.9638
0.0448
1
0.0456
0.0038
1
1
1
0.0518
0.1824
0.0772
0.0062
0.0052
0.0088
0.9994
0.082
1
0.9992
0.9458
0.0082
1
1
1
1
0.058
0.9998
1
0.9998
0.2518
0.0094
1
1
0.0516
0.2338
1
0.3776
0.215
0.9998
0.0036
0.9992
0.6012
0.0412
0.0486
0.9978
0.0384
0.0516
0.0416
1
0.9994
0.0316
1
0.0262
0.915
0.9802
0.0194
0.4726
0.0094
0.8762
1
0.049
0.7122
0.0784
1
1
0.9966
0.9234
0.9734
0.991
0.0106
1
1
0.9164
0.0418
0.9988
1
0.9786
1
0.666
0.4288
1
0.0124
0.0128
0.3212
0.0822
0.9576
0.5872
0.0086
0.3274
0.1842
0.0748
0.6424
0.0272
1
0.3054
0.963
0.1958
0.9972
0.0064
0.0182
1
0.3564
0.7184
0.6022
0.0074
0.5932
0.8974
0.9996
0.0608
0.9994
0.1098
0.8414
0.0154
0.2004
0.0106
0.0186
1
0.9924
0.1868
0.0496
1
1
0.9966
0.0162
0.0756
1
0.0134
1
0.9472
0.9998
0.0522
0.9978
1
0.719
0.0164
0.5802
0.9998
0.0238
0.9106
0.1486
0.869
0.99
1
0.0976
0.8856
0.0136
0.1244
1
0.0084
0.98
0.0798
0.0286
0.0096
0.0088
0.9944
0.0388
0.2346
0.0526
1
1
0.0654
0.0788
0.5646
0.405
0.9618
1
1
0.9788
1
0.0248
0.0614
1
0.0146
0.9742
1
0.1164
0.0062
0.457
0.9994
1
0.9958
0.8074
0.4474
0.6776
0.005
0.0378
0.0052
1
1
1
0.048
0.1734
1
0.0104
1
0.9176
0.0086
1
1
0.9998
0.1478
1
0.2324
1
1
0.8262
0.9944
1
0.8492
1
0.9078
1
0.924
1
0.0208
0.0172
0.8852
1
0.2798
0.0094
0.9342
0.0464
0.0048
0.9914
0.0336
1
0.9984
1
0.0228
1
0.9996
1
0.0146
0.0202
0.033
1
1
0.0052
0.731
0.0078
1
0.0294
0.9974
1
0.027
1
1
0.9478
0.3658
1
1
1
0.8466
0.9982
0.5694
0.9948
1
1
0.9864
1
0.1994
1
1
1
1
0.0462
0.4676
0.0192
0.9996
1
0.9996
0.976
0.1822
0.7906
0.2608
0.1046
0.999
1
0.8968
0.0884
0.9834
0.692
0.0222
0.6754
0.8714
1
0.1466
1
0.999
0.0638
0.983
1
0.1216
0.9982
0.0146
1
0.0646
0.9662
0.0478
1
0.2198
0.0194
0.1466
0.1086
0.1248
0.0092
1
1
0.9846
0.0606
0.954
0.5482
1
0.1908
0.095
0.0524
0.0864
1
0.0512
0.0238
1
0.1242
0.0926
0.5728
0.263
0.9504
0.671
0.9792
0.2512
0.9996
1
0.0738
0.9996
0.1322
0.0212
1
0.0364
1
0.0066
0.241
0.9994
1
0.0174
0.0108
0.9846
0.709
0.9844
0.0114
0.3108
0.9984
0.9982
0.9838
0.8336
0.1538
1
1
0.5258
1
0.976
1
1
0.0048
0.0144
0.3122
1
1
0.0644
0.0338
0.0162
0.4274
1
0.8776
0.9978
1
0.1038
0.9998
1
0.9998
0.0384
1
0.995
0.9996
1
1
0.9934
0.9476
0.3156
1
0.9796
0.0612
1
0.0362
0.937
0.9904
0.9048
1
0.371
0.7502
0.9616
0.0254
0.9994
0.9998
0.3414
0.0032
1
0.0136
0.998
0.004
0.0162
1
1
1
0.9882
1
0.9438
0.9978
0.9992
0.0664
0.0356
0.0146
0.9816
1
0.5144
0.0378
0.038
1
0.9494
1
0.0466
0.8518
0.7742
0.9982
0.9716
0.6438
1
0.0668
0.9088
0.0272
1
0.0144
1
0.9984
0.017
0.0114
0.9834
1
1
0.7954
1
0.8882
0.6374
0.1742
1
1
0.0374
0.0554
1
0.0462
0.0352
0.0172
0.9996
0.0178
0.9978
0.928
0.9156
0.01
0.7928
0.0672
0.35
1
0.4858
0.0092
0.9996
1
1
1
1
0.9816
0.973
0.0014
1
0.024
0.0262
0.6796
0.0038
0.482
1
0.0114
0.7926
1
0.0084
0.0038
1
0.9878
0.1744
0.8604
0.451
0.0218
0.9794
0.973
0.4534
0.9856
0.0624
0.3738
0.0694
1
0.9998
0.9128
0.9958
0.9998
0.0924
0.9998
1
1
1
1
1
1
