0.9608
0.8992
0.9926
0.992
0.512
0.938
0.9928
0.993
0.9858
0.994
0.9904
0.836
0.989
0.9936
0.9804
0.9954
0.9534
0.9804
0.9926
0.992
0.9942
0.9794
0.8166
0.9698
0.5188
0.9926
0.9888
0.9734
0.993
0.8926
0.7028
0.9428
0.7472
0.9826
0.9366
0.9934
0.9966
0.9906
0.9792
0.9826
0.995
0.9946
0.112
0.9956
0.9948
0.9698
0.9888
0.8666
0.9878
0.9846
0.9902
0.9836
0.9502
0.997
0.9962
0.97
0.944
0.9756
0.9834
0.942
0.9678
0.9952
0.994
0.9786
0.8322
0.913
0.9946
0.9942
0.9876
0.9938
0.9716
0.9754
0.9916
0.9438
0.947
0.9952
0.9916
0.993
0.997
0.993
0.987
0.9712
0.9958
0.99
0.985
0.9918
0.9918
0.9842
0.9566
0.9902
0.9916
0.8502
0.995
0.9952
0.9912
0.9892
0.9906
0.9902
0.872
0.9094
0.9906
0.8596
0.9942
0
0.9872
0.9922
0.989
0.991
0.984
0.989
0.9864
0.966
0.9886
0.993
0.9924
0.9866
0.9468
0.9958
0.987
0.9722
0.9902
0.9928
0.985
0.9948
0.9918
0.9968
0.996
0.9958
0.9928
0.9466
0.9598
0.9922
0.9952
0.9616
0.6488
0.8202
0.993
0.9782
0.9752
0.0016
0.9568
0.9894
0.9902
0.9664
0.9948
0.9806
0.9922
0.987
0.4868
0.9952
0.992
0.995
0.9924
0.9826
0.9948
0.9906
0.9928
0.9408
0.9872
0.9962
0.996
0.9964
0.9916
0.9812
0.9872
0.9492
0.9944
0.9952
0.9922
0.9898
0.9594
0.9948
0.0086
0
0.9074
0.9882
0.9952
0.9946
0.985
0.9952
0.9662
0.9866
0.9876
0.9946
0.992
0.9916
0.9402
0.9956
0.9944
0.9954
0.9932
0.7786
0.9864
0.9944
0.9918
0.8632
0.9874
0.9936
0.992
0.9892
0.9878
0.8544
0.9688
0.9814
0.9306
0.9944
0.9502
0.991
0.9794
0.993
0.988
0.991
0.989
0.9928
0.986
0.9938
0.9946
0.9972
0.9952
0.9848
0.9956
0.9938
0.9958
0.9942
0.9908
0.7104
0.9904
0.9716
0.9526
0.9868
0.9948
0.8928
0.2222
0.9594
0.983
0.9952
0.9462
0.9294
0.9882
0.9934
0.9726
0.6892
0.943
0.9344
0.995
0.995
0.0694
0.9916
0.6536
0.9906
0.9746
0.9942
0.8968
0.5268
0.9946
0.9932
0.9826
0.8498
0.9854
0.994
0.994
0.993
0.9704
0.9912
0.9874
0.9964
0.9938
0.9828
0.992
0.9766
0.9924
0.9932
0.978
0.9942
0.9886
0.9928
0.9932
0.9916
0.9816
0.986
0.9918
0.9952
0.9936
0.952
0.9928
0.9948
0.988
0.9932
0.9888
0.98
0.9918
0.8418
0.985
0.9922
0.99
0.9956
0.996
0.9764
0.9944
0.3924
0.991
0.9768
0.7024
0.9952
0.298
0.9856
0.9882
0.9952
0.995
0.9934
0.9892
0.995
0.98
0.7366
0.8644
0.2898
4e-04
0.9954
0.8832
0.9898
0.9826
0.9944
0.9716
0.9546
0.9952
0.9688
0.9954
0.9658
0.9614
0.9882
0.4746
0.0946
0.9224
0.9946
0.9962
0.9838
0.8884
0.8618
0.9904
0.9916
0.9568
0.9952
0
0.9906
0.9952
0.9922
0.9966
0.3714
0.9922
0.9944
0.9832
0.9786
0.9358
0.9948
0.8826
0.9968
0.0674
0.9934
0.7914
0.8302
0.9936
0.9822
0.9934
0.9688
0.261
0.9958
0.9948
0.988
0.9906
0.9952
0.9922
0.862
0.991
0.9878
0.9866
0.978
0.9898
0.9956
0.9956
0.9926
0.9774
0.9954
0.9948
0.9918
0.989
0.0106
0.9872
0.994
0.9844
0.9938
0.8516
0.9666
0.9956
0.9952
0.96
0.9948
0.0016
0.988
0.9432
0.9926
0.8814
0.978
0.8168
0.995
0.9398
0.9938
0.9794
0.992
0.982
0.9382
0.9958
0.9836
0.9962
0.9662
0.278
0.9954
0.9812
0.9944
0.8016
0.9964
0.992
0.9816
0.9874
0.9952
0.9928
0.9938
0.9928
0.9958
0.9666
0.987
0.9952
0.9854
0.9934
0.971
0.9894
0.99
0.9536
0.8818
0.997
0.983
0.9764
0.9968
0.9694
0.9964
0.9846
0.9918
0.9944
0.9906
0.9386
0.9858
0.9948
0.9934
0.9962
0.9946
0.9924
0.985
0.9728
0.9954
0.995
0.9936
0.9938
0.9886
0.9856
0.776
0.9916
0.002
0.989
0.9858
0.994
0.9952
0.9938
0.994
0.9948
0.99
0.8184
0.9922
0.9832
0.9944
0.99
0.9838
0.995
0.958
0.9674
0.9936
0.9816
0.9958
0.9884
0.996
0.9938
0.9914
0.9942
0.866
0.968
0.9934
0.9934
0.8612
0.9868
0.9934
0.9498
0.9942
0
0.9946
0.9948
0.959
0.996
0.9946
0.9892
0.994
0.994
0.9828
0.9954
0.9964
0.97
0.9888
4e-04
0.995
0.9956
0.9954
0.9966
0.984
0.9938
0.9004
0.9446
0.994
0.9752
0.991
0.945
0.9832
0.9942
0.99
0.9948
0.9706
0.992
0.9884
0.9828
0.9826
0.9952
0.9948
0.9368
0.9948
0.9962
0.9314
0.9886
0.9944
0.9902
0.8986
0.9924
0.9944
0.9654
0.9936
0.9956
0.9794
0.9952
0.9942
0.9936
0.995
0.9912
0.9886
0.991
0.653
0.9948
0.9952
0.9954
0.9954
0.8824
0.2222
0.9902
0.9492
0.87
0.9648
0.9936
0.9962
0.1138
0.9494
0.996
0.9918
0.9948
0.9954
0.9934
0.9884
0.9956
0.993
0.9922
0.9942
0.9886
0.9894
0.9956
0.9916
0.9932
0.9886
0.9644
0.9932
0.9956
0.379
0.9932
0.9858
0.9928
0.9946
0.0128
0.975
0.995
0.9956
0.994
0.9942
0.9946
0.9544
0.9942
0.9942
0.995
0.9936
0.9964
0.993
0.9942
0.9958
0.9888
0.9638
0.6912
0.9952
0.9944
0.9938
0.9894
0.9946
0.9902
0.963
0.9958
0.9954
0.9814
0.9924
0.9954
0.9944
0.9908
0.9848
0.9832
0.8922
0.996
0.9964
0.9946
0.9956
0.9914
0.9794
0.991
0.9934
0.9968
0.9964
0.9914
0.996
0.9674
0.9928
0.983
0.9946
0.993
0.997
0.996
0.9914
0.9954
0.9936
0.9886
0.9422
0.9812
0.9914
0.9132
0.995
0.9906
0.8816
0.9826
0.9638
0.9914
0.9954
0.9916
0.9966
0.9962
0.993
0.9936
0
0.9822
0.992
0.329
0.995
0.996
0.9958
0.9944
0.9744
0.9952
0.9958
0.9914
0.7628
0.9692
0.995
0.9942
0.9376
0.993
0.9952
0.8338
0.9954
0.9934
0.9956
0.9944
0.0772
0.9356
0.996
0.993
0.9794
0.9882
0.9962
0.9968
0.2168
0.9878
0.9796
0.9574
0.9952
0.9944
0.8878
0.9886
0.9958
0.9904
0.0946
0.995
0.9914
0.9926
0.9944
0.9652
0.9948
0.8224
0.9948
0.9804
0.995
0.9946
0.9958
0.7364
0.9934
0.9676
0.9334
0.9958
0.995
0.9956
0.1196
0.9318
0.9958
0.9816
0.994
0.9896
0.9936
0.9906
0.9944
0.9496
0.995
0.9946
0.994
0.9964
0.9976
0.996
0.994
0.993
0.9892
0.9964
0.9942
0.9952
0.9854
0.9918
0.9938
0.9912
0.994
0.9942
0.9848
0.9916
0.9922
0.9926
0.9834
0.9698
0.9896
0.9934
0.9964
0.9922
0.9924
0.9938
0.9956
0.9906
0.9954
0.9948
0.972
0.9946
0.993
0.9938
0.9946
0.991
0.9952
0.9824
0.997
0.9922
0.9932
0.9952
0.9884
0.9914
0.7694
0.3476
0.4978
0.9946
0.6284
0.9936
0.9946
0.9908
0.9948
0.9904
0.9952
0.9962
0.9652
0.937
0.9898
0.9952
0.9792
0.9962
0.9818
0.9218
0.9964
0.9954
0.9938
0.9956
0.9958
0.995
0.9954
0.9054
0.9894
0.993
0.996
0
0.9666
0.99
0.9948
0.9852
0.9948
0.997
0.9918
0.9954
0.996
0.9964
0.0054
0.9918
0.9946
0.9942
0.9946
0.9898
0.9922
0.9934
0.995
0.9962
0.8606
0.995
0.993
0.9944
0.9944
0.9946
0.9946
0.9948
0.9966
0.995
0.9844
0.9946
0.9936
0.994
0.995
0.983
0.9958
0.9954
0.9942
0.9964
0.9966
0.9964
0.985
0.9936
0.9966
0.9944
0.996
0.9956
0.995
0.995
0.9946
0.9928
0.992
0.9938
