0.8032
0.9968
0.9884
0.9808
0.6964
0.9656
0
0.8244
0.7648
0.9538
0.9224
0
0.5404
0
0.9878
0.9864
0.998
0.9936
0.9822
0
0.9976
4e-04
0.9994
0.9914
0.9852
0.999
0.9984
0
0.9894
0.9714
0.997
0.5602
0
0.789
0.9946
0.995
0.9912
0.9952
0.502
0.9882
0.9948
0.9986
0.9984
0.9278
0.0192
0.9624
0.997
0.9964
0
0.992
0.9968
0.9956
0.994
0.9886
0.9802
0.9976
0.9928
0.997
0.9852
0.9984
0.9976
0.9852
0.9872
0.9878
0.9974
0.9834
0.9498
0.8608
0
0.9952
0.9932
0.9794
0.9952
0
0.9936
0.9956
0.993
0.9966
0.979
0.9966
0.9516
0.9936
0.0688
0.998
0.914
0.9812
0.9564
0.9966
0.9958
0.9928
0.9504
0.0104
0.9958
0.9954
0.9634
0.9616
0.9866
0.9594
0.9872
0.9732
0.9668
0.077
0.995
0
0.0222
0.9898
0.998
0.995
0.993
0.9944
0.0864
0.904
0.9972
0.9682
0.9948
0.997
0.985
0.1386
0.9862
0.9652
0.8804
0.0036
0
0.9958
0.9934
0.9872
0.995
0.995
0.9218
0.9902
0
0.0136
0.9942
0.9958
0.9942
0.974
0.9952
0.9932
0.0016
0.9872
0.9692
0.9936
0.9924
0
0.9538
0.9864
0.9898
0.9948
0.9874
0.9262
0
0.9746
0.9788
0.993
0.056
0
0.9598
0.951
0.9942
0.9444
0.0032
0.9906
0.9208
0.9932
0.9902
0.9972
0.9902
0.0016
0.9132
0.0012
0.9534
0.9606
0.8888
0.9402
0.9392
0.0184
0.9194
0.0758
0.8812
0.9466
0.9458
0.6818
0.9928
0.96
0
0.9966
0.9812
0.7774
0.9024
0.6434
0.993
0
0.9602
0
0.9708
0
0.9248
0.996
0.9936
0.865
0.9848
2e-04
0.9776
0.9804
0.977
0.9344
0.0568
0.9404
0.9314
0
0.988
0.7382
0.984
0.7768
0
0.9684
0.0132
0.9626
0.973
0.9788
0.004
0.8266
0.6732
0.9206
4e-04
0.8044
0.0058
0.9684
0.9802
0.966
0.1312
0.0222
