0
1
1
0.9932
0
0
0
0
0.973
0.8374
0
0
0
0
0
0
0
1
0.9908
0.8854
0
0
8e-04
0.0924
0
0.9076
0
0.9472
0
0
0.8896
0
0.9146
0.9942
0.9888
0.9012
0.9906
0.9264
0.9998
0.9474
0.9368
0
0
0
1
0.9966
0.997
0.9438
0.9716
0.999
0.9686
1
0.902
0
0
1
0
0.954
0
0
0
0
0.9212
0
0.8864
0.9612
0.9892
0.8906
0.9998
0
0.9906
0.9736
1
1
0.9904
0.652
0.1514
1
0.9684
0.993
0.9756
0
1
0.9998
1
0.9664
0.996
0.8692
0
0.9992
0
0
0.9326
0.9414
1
0.0086
1
0.9358
0.8926
0.2312
0
0
0.7338
0
0.9668
1
0.879
1
1
0.9988
1
1
0.8898
0.911
0
1
1
0.9662
0.9732
0.949
0
1
0.0012
0.9648
0.9416
0
1
0
0.9888
0
0.9186
0.9778
0.0086
0.9996
0.2514
0
0.996
0.9534
0.996
0.9944
0
0.0614
0.9394
1
0.9902
0.873
0.9448
0.9362
0.9884
0.9952
0.5892
0
1
0.9768
0
0.9904
0.0016
0.3696
0.9996
0
0.8898
0.9686
0.9364
1
1
0.0024
0.9984
0
0.9984
0.9592
0.9788
0.5394
0.9938
1
0.8062
0.998
0
1
0
0
0
0.9592
0.9636
0
0.3444
0
0.9996
0.9988
0.9772
0
0.9436
0.9222
0.9424
0.5428
1
1
1
0
0.9498
0.9456
1
0
0
0.9826
0.8876
0.9966
0.0054
0.208
1
0.9204
0
0
0.999
0
0.9992
1
1
0.9218
0
0
0.9994
0.9968
1
0
1
0.6186
1
0.9264
0.8818
0.9874
0.8942
0
0
0.9888
0
0.9904
1
0.9994
0.9986
0.3944
1
8e-04
0.0032
1
0
0.421
0.9606
0.9798
0.922
0
0
0.637
0.999
0.9562
1
0.9996
0.9632
0.17
0
0.9994
0.9996
1
0.0052
0.9996
0
0
0.974
0.9272
0
1
0.9488
0
0
0.9744
0.9768
0
0
0.9998
0.9812
8e-04
0.9424
1
0.9596
0
0.8284
1
0
0
0
0
0.9906
0.9992
0.8174
0.9872
0
0.9942
1
0.941
0
0.9612
0
0
0
0.9902
0
0
0
0
0
0
0
0.9984
1
0.9966
0
0.9856
0.9872
0
0.0068
0
0
0.9618
0.9962
0.9858
0.8946
0.9812
0
0
0.052
0.932
1
0.9824
0.9986
0.9738
0.9994
0.9092
0
0
0
0.993
0.9906
0.8764
0.7502
0.996
0
8e-04
0
0.9706
0.9878
0
0.97
0
0.9358
1
0
0.9776
0.9434
1
1
0
0
0.9562
1
0.8302
0.9998
0.788
0
0.956
0.9996
1
0.9866
0.9226
0.8858
0
0.9082
0.9902
0.9506
0.0138
0
1
0
0.9962
0.9086
0.97
0
0
0.9988
0.0106
0.9352
0.9326
0
0.9996
0
0.9756
0
0
0.997
0
0.9168
0.9874
0
0
0
0
0.9972
1
0.2772
0.9612
0
0.691
0.999
0
0.7712
0
0.4882
0
1
0.9996
0.995
0.988
0.9224
0
0
0
0
1
1
0.9152
0.9672
0
0
1
0
0.0318
0.9998
1
0.3544
0.9688
1
0.9806
0.9998
0
0
0
0
0
1
0.997
0
0.9962
1
0.004
0.899
0
0.9996
0.9822
0
0
0.951
0.9
0
0
1
0.9998
1
0.9408
1
1
0
0.5154
0
0.8796
0
0
0.003
0.9944
0
0
0.9022
0.9994
0.9998
0.9418
0
0.9996
0.0348
0
1
2e-04
0
0.9894
0
0.9624
0
0
0
0.9992
0
0.9514
0.9998
1
1
0.9996
0.861
0.8014
0
0
1
0.9998
0
0
0.9886
0
0
0
1
0.9944
0.9394
0
0.9924
0.9424
0.993
0.9798
0
0.8336
0
0
0
0.9966
0
0.9532
0.9994
0
0
2e-04
0.991
0.9602
0
0
0.0426
0.9718
0
0.878
0.9198
0
0
0.9964
0
0.996
0
0
0.983
0.2124
0
0
0.9998
0.785
0.938
1
0.9686
0.619
0.9898
0.907
0.9878
0.1546
0.9972
0.9702
0
1
0.9638
0.9996
0.9728
0
1
0.8934
1
0.912
0
0.9984
0
0.9352
0
0.999
0.9852
0.9976
0
0.9478
0.9998
0.9992
0.998
0
0.9722
0.9998
0
0.0024
1
0.0858
0
0
0.8938
0.4984
0.9838
2e-04
1
0
0.9354
0.9248
0
0
0.9938
0.9998
1
0
1
0
1
0
0.1158
0.996
0.999
1
0
0.9992
0.9986
0
0.9988
0.9994
0.9604
0.9946
0.9524
0.9976
0.9976
0.9938
0.9998
0.9828
0.99
0.9974
0.4844
0.9998
0
0.9776
0.0104
1
0
0.9988
0.7538
0.0036
1
0
0
0.998
0
0.9948
1
0.9996
0.9596
0
0
0.9986
0
0.9904
0
0.2512
0
0
1
0.891
0.9946
0.993
0.9996
0.9992
0.9916
0
0.967
0
0.8868
0.9998
0
1
0.9998
0.922
0.9198
0.9984
0
1
0.9948
1
0.9922
0.9904
0.9828
1
2e-04
0
0
1
0.9548
0.9428
0.2178
0.9998
0.9308
0.9998
0.9986
0.9836
0.9278
0.9952
0
0
0
0
0.8406
0
0
0
1
0.9978
0.9994
0.9942
0.8742
0
0.9392
0.931
0.9922
0.0032
0
1
0.9144
0.9938
0
0.0066
0.8908
0
0.927
0.973
0.9922
0.988
0
0.9844
0.9932
0.9858
0
0
0.9616
0
0
0.9998
0.0022
0.9948
0.9996
0.9542
0.9996
0.9998
0
0
1
0
1
