0.9948
0.0078
0.9998
0.984
0
0
0.9992
1
1
0.9998
0.8538
1
0.9938
0.998
0.9952
0.82
1
0
0.9998
0.9934
1
1
0.9996
0
1
1
0.9962
1
0
0
0
1
0.9972
0
1
0
0.9958
1
0.9998
0.9886
1
0.9726
0.9922
1
1
0.9992
0
1
0
0
1
0.9996
0
1
1
1
0.9924
0.1298
0
1
1
1
0.9996
1
0.9998
0.9974
1
0
1
1
0.9844
0.9994
1
0
0.9838
1
1
0.9998
1
1
1
0.5662
0.9958
1
1
1
0.9978
0.9944
0.9962
0.9918
0.9986
0.1104
0.99
1
1
0.9998
0
0.9862
1
0.9998
0.9996
2e-04
0.9998
1
1
0.0642
0.999
0.993
1
0
0
0
1
0
1
0.998
0.9842
0.9916
1
0
0
0.9992
1
1
0.9198
0.9904
0.9998
1
1
1
0
0
1
1
0.855
0.9132
0
0
1
0.4842
1
1
1
0
1
0.9994
1
0.037
0.9934
0
1
0
0.981
0.89
0.9964
0.9874
1
0.9584
1
0.9988
0
0
1
0.264
0.9988
1
0.9992
0
0.9744
1
1
0.9976
1
0.9976
0.9054
0
0.0444
1
0
1
1
1
1
0.9976
0
1
1
0.9996
1
0.999
0.9848
0.998
1
0
0.9972
1
0.9986
1
0.9984
1
1
0
1
0.995
0.9544
1
1
0
0.93
0.999
1
1
0.9992
0.9622
1
0.991
0.9996
0.988
0.9982
1
0.9698
0.9748
0
0.9998
0.9996
0.9992
0.998
0
0
1
1
0.9998
0.9222
0.9506
0.977
0.9926
0.9954
0.9994
0.9002
0
0.9932
0.9916
0.9964
0.9584
0.9994
0.9986
1
0.9944
0.9976
0.9916
1
1
0.9956
0.9996
0.972
1
0.9988
0.9918
0.0538
0
0.9416
0.9996
0.9918
0.988
0.9994
1
1
0.9988
0.9832
1
1
1
0.9994
0.7136
1
0.96
1
0.9992
0.975
0.9808
1
0.9994
0.998
0.946
0.9996
0.9978
0.9216
0.0012
0
1
0.9998
1
1
0.9996
1
1
1
1
0
0.9728
0.9988
0.968
0.9996
1
0
1
1
0.9998
1
0
0.999
1
1
0.9984
0.9996
0.9972
0.9922
1
1
1
1
0.2394
0.9878
0.9954
1
0.999
0.9964
0.9978
0.9996
0
0.9882
1
0.9974
1
0.9994
0.9998
1
0.9988
0
0.998
0.9944
1
1
1
1
0.9998
1
0.9842
1
1
0.9648
0.9994
0.9902
0.9842
0.9996
0.9998
0.9968
1
0
0
0.9994
1
0.9972
1
1
0.8172
1
0.0508
0
0.9992
1
1
0.9992
0.9182
0.468
1
0.698
6e-04
1
0.968
0.9622
0.9994
0.9996
0.9974
1
0
1
1
0.9958
0.9852
0.9836
0.9998
1
1
1
1
0.9818
1
1
0.9996
1
0
1
0.9848
1
0.978
0.9998
1
1
1
1
0
1
1
1
1
0.9382
0.954
1
0.9994
1
0.9224
0
0.9994
1
1
0
0.9988
1
0.9964
1
1
0
1
1
0.9844
0.9998
1
0.9788
0.9958
1
1
0.999
0
1
1
1
0.9994
1
1
1
0
1
0.9996
1
0.9976
1
0.9818
0.998
1
0.9998
1
0.9982
0.9996
1
0.9986
1
1
0
0
0.9996
0.9996
0.9988
1
1
0.9894
1
0.9998
1
0.9992
1
0.9742
0.9964
1
0.9998
0.9994
0
0
0.9998
0
0.9346
1
1
1
1
0.9936
0.9996
0.9948
0.9996
0
1
0.999
0.9996
1
0.6286
0.3422
1
0
0.9996
1
1
0.9976
0
1
1
1
0
1
1
1
0.9962
1
1
1
0
1
1
0.9834
1
1
1
1
1
1
0
1
0
1
1
0.9994
1
0
0
0.9914
1
1
0.9942
0.9996
0.9988
0.9936
1
0.9998
0.9998
0.9506
0.9998
1
1
1
0
1
0
0.9926
1
0.9772
8e-04
0.8576
0.9978
1
0.999
0
0.9356
1
0.9998
0.997
1
1
0.9686
1
1
0.9972
1
0.9928
1
1
1
1
0.9922
0.942
0.9998
1
1
0.9194
0.9998
0.9436
1
0.9998
1
1
1
1
1
0.9976
1
1
1
1
1
0.9996
0.9992
1
0.9964
1
0.999
0.9992
0.9944
0.9996
1
1
1
1
1
1
1
0.9784
1
0.7506
1
1
