0.9792
0.9998
0.9318
0.9992
1
4e-04
0.9192
0.9998
1
0.4968
0
0.9984
0
0.1108
2e-04
0.265
1
0
0.0218
1
0.0596
0.001
0
0.9996
0.2934
1
0
0.0584
0.9998
0.9832
0.9998
0.5512
8e-04
0
0.8064
2e-04
0.0218
0.3766
8e-04
0.9882
0.006
0.012
0
0.064
2e-04
6e-04
1
0.4148
0.002
2e-04
0.2886
0.0908
0.984
2e-04
0
0.9998
0.1032
0
0.348
0
8e-04
0.7306
0
0.9044
0.6824
1
0
0.0064
0.982
4e-04
0.001
0
0.1118
0
0
0.9676
0.0262
0.1612
0.2264
0.0012
4e-04
8e-04
0.0864
0.1208
0.0892
0.1064
0.109
0.0776
1
0
4e-04
6e-04
0.8562
0.2706
2e-04
0.002
0.0048
0.999
0.002
0.8372
0
0.9986
0.9992
0.019
8e-04
0.0722
0.1916
0.0032
0.9806
4e-04
0.9718
4e-04
0.9682
6e-04
0
0.9988
2e-04
0.892
0.0382
0.8722
0.0016
0.999
0.509
0.9996
0
0.003
6e-04
1
0
0.001
0.4754
4e-04
0.993
0.9982
2e-04
0.9118
2e-04
2e-04
0.0076
0.9872
0
0.0034
0.0178
0
0.0394
0.993
0.1684
0.7606
0.9902
0.9998
4e-04
0.034
1
0.9968
0.9804
0.9962
0.9986
4e-04
0.9982
0.0038
0.1258
0.0454
0.1882
0.9618
0.9982
0.0036
0.0462
0.0012
0.0122
0.912
1
1
0.2894
0.9832
1
0.0028
0.0772
0.001
0.0104
6e-04
0.9928
0.039
0.0182
0.999
0.9892
0.298
0.0054
0.2712
0.9914
0.0046
0.0074
0.1398
0
0.9982
0.0778
0
0.01
0.3078
0.001
0.031
0.0018
0.0232
0.9608
0
0.001
0.9964
0.9548
0.0012
0.0036
0.0054
0.6218
0.0898
0
0.8822
2e-04
0.9184
0.8952
0.03
0.003
0
0.5926
0.0092
0.4954
0.9964
0
0
0.0042
0.0098
0.0014
0.0168
0.3428
2e-04
0.9952
0
0.6046
0.0236
0.0036
2e-04
0.213
0
0.356
0.3498
0.046
0.01
0.9848
0.4716
0
0
0.0046
0.0418
0
0.0564
0.9838
0.0024
0.0176
0.9986
0.0242
8e-04
0.003
0
0.0168
0.0186
0
0.8812
0.9922
0.0924
0.0036
4e-04
0.0178
0
0.0066
0.0614
0.7554
0.017
0.0028
0.9446
2e-04
0.0644
0.0082
0.9988
0
0.2154
1
0.0034
0.004
0.9756
0
0.0266
0.0026
0.4916
4e-04
0.0042
0.0144
6e-04
0
0.0856
0
0.0054
0.9978
0.7336
0.0042
0.0024
0.0092
0.0136
0.9844
0.9812
0
6e-04
0.9906
0.9952
2e-04
0.003
1
0.9872
0
0
8e-04
0.0088
0.0054
0.8794
0.5694
0.4114
0.6908
0.0462
0.1946
0
0.9842
0.019
0.0126
0.8782
0.298
0.0024
1
0.0572
0
0.3154
0.0016
0.0096
0.113
0.0014
6e-04
0.9974
0.999
2e-04
4e-04
0.004
0.0032
0.8592
0.9984
0.9976
2e-04
0.0072
0.9934
0.1188
0.7536
0.9962
0.983
2e-04
0.9992
0.8518
0.9994
0
0.0754
0.1868
0.066
0.0912
0.05
0.0348
2e-04
0.001
2e-04
6e-04
0.4944
0.001
0.9974
0.02
2e-04
2e-04
0.113
0.0418
0.001
0.0298
0.9986
0.9976
0.1964
0.3736
0.0012
0.0286
0.0112
0.0142
4e-04
0.0018
4e-04
0.082
0.1622
0.0108
0.003
0.0242
6e-04
0.9118
2e-04
0
0.0062
0.0342
0.0024
0.7784
0.0058
0
0.0156
0.0096
0.0222
0.008
0.999
0
2e-04
0
0.0012
1
0.9878
0.9016
2e-04
0
2e-04
0.0012
0
6e-04
0.9376
0.7046
2e-04
6e-04
4e-04
0.3264
0.0032
0.0026
0.9972
2e-04
0.0058
0
8e-04
0
0.0078
0.035
0.0716
0
0.99
0.9946
0.1194
0
0.003
0.0106
0.9998
1
0.1468
0.0044
0
0.0256
0.4818
0.0076
0.2896
0.4216
0.9996
0.1058
0.0168
1
0.4182
0.0594
0.0042
0.0034
2e-04
2e-04
0.999
0
0.0292
0.0466
0.042
0
0.0014
0.9994
0
8e-04
1
2e-04
0.273
0
0.026
0.5702
0.0012
0
6e-04
0
4e-04
0
0.0246
0.7676
0
0
0.757
0.004
0.0188
0
0
0.9946
0.9902
8e-04
0.011
0.001
0.013
0.0028
2e-04
0.2772
0
0.8328
0.0024
0.0044
0.0828
0.0036
0.9998
6e-04
0
0
0.2708
0
4e-04
0.004
0.1426
0.078
0.0026
0
0.997
0
0.2554
0.0044
0.9952
0.3296
0.0012
0.0084
0.0078
0
0
0
0.2864
6e-04
0
0.9824
0
0.1674
0
0
2e-04
4e-04
0.624
0
0.0772
0.0026
2e-04
0
0
0.2838
0
2e-04
0.027
0
0.0064
0.1954
0.004
0
0.997
0.0086
0.1962
6e-04
0.0018
0
0.0316
0
0.1338
0.0542
2e-04
0.1072
2e-04
0
0
2e-04
0.0484
0
0.0214
0.9996
0
0.2972
0.0014
0.981
0.0134
4e-04
0
0
0
0
0
0.0872
4e-04
0
0.991
0.002
