0.9412
0.9808
0.99
0.9966
0.993
0.9246
0.9812
0.9932
0.9948
0.4606
0.985
0.9914
0.9904
0.8536
0.9948
0.9952
0.9898
0.9882
0.898
0.8274
0.9964
0.9828
0.994
0.7948
0.9348
0.9938
0.3246
0.6182
0.9844
0.9702
0.9806
0.952
0.7044
0.0336
0.7768
0.981
0.826
0.9936
0.9322
0.5104
0.9346
0.987
0.7514
0.9198
0.9922
0.9824
0.987
0.9672
0.8044
0.9938
0.9656
0.0748
0.9918
0.4744
0.9946
0.9784
0.9926
0.9876
0.9942
0.9948
0.9674
0.9916
0.9922
0.9938
0.9926
0.899
0.8974
0.9934
0.9154
0.9944
0.9922
0.9896
0.9804
0.9766
0.9452
0.9792
0.9122
0.8454
0.994
0.995
0.9776
0.9262
0.9734
0.1528
0.9944
0.8558
0.9934
0.9882
0.975
0.8
0.9774
0.9868
0.993
0.896
0.9912
0.99
0.9858
0.5968
0.9622
0.0018
0.949
0.0044
0.4024
0.995
0.988
0.9842
0.8486
0.994
0.8876
0.95
0.9932
0.9892
0.7358
0.9864
0.9826
0.9716
0.945
0.3942
0.2744
0.8584
0.97
0
0.9644
0.904
0.992
0.9934
0.9746
0.9766
0.9918
0.0652
0.831
0.9816
0.9836
0.9914
0.9898
0.9826
0.9942
0.924
0.0292
0.8968
0.9944
0
0.1646
0.8676
0.9638
0.8856
0.875
0.9938
0.9882
0.716
0.9918
0.9818
0.957
0.9932
0.9744
0.9586
0.8128
0.5216
0.9918
0.9798
0.984
0.9304
0.0312
0.9416
0.9536
0.9872
0.9954
0.9536
0.9918
0.9222
0.6652
0.9534
0.9946
0.9788
0.99
0.9202
0.9276
0.9912
0.9438
0.9884
0.034
0.9676
0.0972
0.9422
0.995
0.8536
0.995
0.9842
0.3776
0.9938
0.9746
0.9336
0.9936
0.9548
0.9776
0.0456
0.9932
0.7558
0.4066
0.9612
0.646
0.9606
0.1402
0.983
0.694
0.9762
0.985
0.932
0.9582
0.0964
0.995
0.941
0.3464
0.4502
0.982
0.974
0.9438
0.9816
0.2476
0.9886
0.878
0.975
0.4436
0.9636
0.9006
0.9768
0.9868
0.8774
0.8706
0.9342
0.983
0.7772
0.9342
0.9398
0.9884
0.9434
0.9516
0.984
0.9868
0.995
0.6904
0.9718
0.978
0.9934
0.2686
0.9954
0.6724
0.9864
0.9158
0.9584
0.9828
0.9732
0.7674
0.939
0.899
0.8838
0.7514
0.9606
0.8902
0.9692
0.9668
0.911
0.5286
0.9474
0.9922
0.0224
0.9928
0.7608
0.9558
0.9264
0.001
0.7268
0.885
0.9498
0.6564
0.884
0.9668
0.2794
0.9648
0.8412
0.422
0.9936
0.9552
0.9222
0.3092
0.9846
0.6908
0.9832
0.8838
0.9512
0.9064
0.9022
0.9096
0.3942
0.972
0.009
0.9958
0.951
0.9838
0.9604
0.9906
0.937
0.6406
0.9898
0.9936
0.985
0.9866
0.251
0.6704
0.5622
0.9138
0.1784
0.9832
0.209
0.9628
0.9218
0.988
0.9906
0.9912
0.9898
0.8564
0.4006
0.3282
0.9896
0.9024
0.9504
0.9524
0.8576
0.9082
0.973
0.782
0.9916
0.639
0.9842
0.8688
0.9922
0.9484
0.8494
6e-04
0.8494
0.9908
0.9788
8e-04
0.024
0.9816
0.9866
0.8794
0.98
0.9416
0.9752
0.9244
0.8904
0.9818
0.9962
0.235
0.9912
0
0.9898
0.9882
2e-04
0
0.989
0.5126
0.8242
0.143
0.9564
0.1202
0.9912
0.9914
0.7
0.0738
0.9422
0.975
0.9454
0.165
0.9906
2e-04
0.9452
0.9904
0.382
0.9836
0.975
0.0408
0.0072
0.0932
0.0032
0.8752
0.9244
0.8638
0.1476
0.9714
0.9936
0.988
0.7692
0.8882
0.9636
0.8376
0.1094
0.918
0.551
0.9764
0.4834
0.9606
0.9932
0.9768
0.9914
0.9596
0.034
0.972
0.7782
0.9782
0.9378
0.763
0.8374
0.3188
0.885
0.968
0.7086
0.9912
0.0766
0.753
0.8166
0.9612
0.9932
0.8776
0.2878
0.9874
0.967
0.988
0.8098
0.9452
0.024
0.8294
0.723
0.6538
0.9946
0.9878
0.9824
0.9856
0.9946
0.9796
0.6778
0.7432
0.8628
0
0.9698
0.9936
0.9878
0.9652
0.9918
0.5108
0.972
0.8998
0.9668
0.994
0.939
0.9792
0.9852
0.99
0.9726
0.9892
0.9862
0.9722
0.96
0.9192
0.9934
0.9898
0.9798
0.995
0.9556
0.1158
0.7096
0.9794
0.2008
0.9936
0.99
0.9778
0.9682
0.9878
0.8878
0.9628
0.9812
0.976
0.9888
0.9158
0.984
0.933
8e-04
0.994
0.9834
0.8244
0.9278
0.9918
0.7604
0.9838
0.1718
0.8272
0.9614
0.7814
0.8558
0.9872
0.9938
0.287
0.1256
0.982
0.0154
0.8608
0.994
0.9014
0.9814
0.8506
0.9944
0.9902
0.9742
0.903
0.2074
0.8948
0.2998
0.9242
0.9636
0.996
0.9576
0.9934
0.9782
0.7768
0.9666
0.951
0.8612
0.9814
0.9012
0.9924
0.5904
0.064
0.8342
0.9876
0.9372
0.3134
0.9452
0.3044
0.6174
0.8856
0.9772
0.9808
0.9708
0.9918
0.9236
0.9906
0.991
0.9902
0.7882
0.2828
0.9398
0.9056
0.992
0.9334
0.9852
0.9898
0.8392
0.9936
0
0.9552
0.7694
0.9928
0.9858
0.8978
0.9634
0.6574
0.9888
0.9854
0.989
0.2492
0.9434
0.9914
0.8704
0.9868
0.9864
0.9954
0.9574
0.9536
0.9922
0.8616
0.9776
0.9648
0.9958
0.9622
0.9918
0.965
0
0.407
0.8306
0.9832
0.9784
0
0.9632
0.9878
0.905
0.0432
0.9478
0.963
0.9632
0.9818
0.949
0.8688
0.995
0.9744
0.9676
0.9562
0.985
0.963
0.9576
0.9716
0.4658
0.1734
0.9962
0.988
0.7374
0.9066
0.9804
0.9038
0.6822
0.9544
0.0414
0.4602
0.8092
0.9506
0.955
0.8506
0.0888
0.7724
0.9846
0.9522
0.979
0.9786
0.971
0.9376
0.7928
0
0.9698
0.992
0.9256
0.9916
0.9796
0.9532
0.6786
0.9872
0
0.993
0.9764
0.9238
0.8788
0.9368
0.7554
0.9424
0.9466
0.9154
0.9706
0.9544
0.914
0.8886
0.8732
0.9834
0.9906
0.9846
0.9862
0.9062
0.9274
0.9848
0.0012
0.7252
0.186
0.982
0.985
0.8046
0.987
0.9276
0.985
0.8964
0.044
0.7022
0.9588
0.0468
0.969
0.9926
0.8536
0.928
0.7214
0.958
0.9756
0.9872
0.9938
0.916
0.986
0.9746
0.8806
0.9744
0.9784
0.9762
0.9534
0.654
0.923
0.9576
0.8828
0.9342
0.9346
0.907
0.985
0.9776
0.9934
0.6314
0.9396
0.9848
0.6896
0.5266
0.6322
0.4894
0.0232
0.965
0.9492
0.9778
0.0984
0.985
0.9382
0.421
0.9166
0.9694
0.9948
0.0012
0.6674
0.9514
0.9456
0.9906
0.987
0.989
0.9786
0.9634
0.9868
0.8202
0
0.9894
0.9598
0.948
0.7492
0.9936
0.9716
0.945
0.8134
0.5404
0.969
0.9872
0.9928
0.0316
0.9916
0.156
0.778
0.058
0.9126
0.9862
0.9044
0.4562
0.941
0.9554
0.989
0.9886
0.994
0.9478
0.9842
0.9756
0.9896
0.6796
0.8054
0.9926
0.88
0.9346
0.0568
0.5312
0.9868
0.9646
0.0398
0.844
0.9554
0.9892
0.8362
0.9942
0.7284
0.9692
0.9418
0.7362
0.9526
0.6578
0.156
0.8694
0.972
0.992
0.9754
0.9606
0.7216
0.9202
0.961
0
0.976
0.0402
0.9556
0.955
0.8832
0.9332
0.8032
0.9722
0.9594
0.4872
0.928
0.7736
0.841
0.9696
0.992
0.3436
0.9652
0.9762
0.9772
0.8482
0.8562
0.9504
0.621
0.817
0.0198
0.9556
0.957
0.172
0.108
0.983
0
0.951
0.942
0.871
0
0.4024
0.7804
0.7002
0.6408
0.9922
0.8626
0.9456
0.717
0.019
0.9898
0.9782
0.9554
0.7184
0.9954
0.936
0.926
0.9692
0.03
0.8552
0.9578
0.261
0.1666
0.992
0.9496
0.9802
0.9848
0.9262
0.9832
0.007
0.941
0.6638
0.9948
0.9862
0.2424
0.8946
0.4986
0.0046
0.1366
0.9302
0.8906
0.9356
0.0956
0.4498
0.965
0.9894
0.9802
0.9888
0.9908
0.9774
0.04
0.9684
0.136
0.993
0.9424
0.6662
0.0084
0.712
0
0.0526
0.982
0.9718
0.7646
0.4082
0.7854
0.8612
0.8714
0.9732
0.7482
0.6858
0.9786
0.9956
0.9958
0.7344
0.7604
0.9266
0.9842
0.7226
0.882
0.9918
0.9918
0.9504
0.9828
0.9794
0.8992
0.9294
0.9824
0.9898
0.956
0.839
0.0062
0.7314
0.7278
0.9602
0.9042
0.988
0.9688
0.6498
0.9908
0.2588
0.695
0.6562
0.1092
0.9912
0.9052
0.1204
0.9606
0.9576
0.8962
0.7964
0.7084
0.045
0.9464
0.613
0.9716
0.793
0
0.9924
0.8062
0.9306
0.8294
0.8948
0.2264
0.8846
0.9738
0.992
0.5632
0.1908
0.9064
0.0854
0.9672
0.9014
0.7382
0.4724
0.8146
0.4326
0.9684
0.7284
0.566
0.7262
0.9032
0.9554
0.8098
0.8762
0.054
0.015
0.3722
0.983
0.8444
0.9902
0.938
0.9788
0.0616
0.9216
0.7356
0.9504
0.1362
0.9792
0
0.9898
0.588
0.6574
0.972
0.5706
0.9126
0.952
0.27
0.9674
0.014
0.6524
0.9912
0.8662
0.9726
0.0676
0.0012
0.7502
0.823
0.9866
0.9404
0.868
0.985
0.6278
0.9218
0.767
0.1702
0.0222
0.0278
0.9432
0.9448
0.9334
0.958
0.8238
0.899
0.9854
0.8778
0.9768
0.9738
0.879
0.9334
0.8824
0
0.9846
0.995
0.9696
0.9674
0.9058
0.8512
0.412
0.244
0.9732
2e-04
0.8132
0.938
0.9214
0.9852
0.9628
0.9878
0.1002
0.6814
0.6434
0
0.5738
0.9888
0.9776
0.9928
0.8978
0.6584
0.984
0.0248
0.9372
0.9194
0.9048
0.9378
0.9382
0.082
0.8868
0.6624
0.95
0.942
0.7816
0.9888
0.9954
0.8804
0.9676
0.953
6e-04
0.9856
0.9332
0.9378
0.1192
0.8738
0.0718
0.8086
0.7398
0.0072
0.9428
0.987
0.9732
0.9824
0.9464
0.6796
0.9852
0.9946
0.972
0.0242
0.882
0.0314
0.937
0.971
0.9496
0.8996
0.9816
0.979
0.9688
0.991
0.7114
0.8236
0.9856
0.79
0.8274
0.8662
0.018
0.9514
0.6806
0.9926
0.905
0.4282
0.9722
0.9946
0.9306
0.9826
0.9508
0
0.113
0.0436
0.8582
0.9884
0.9388
0.5366
0.842
0.9768
0.9866
0.9868
0.0532
0.9752
0.953
0.952
0.9806
0.9936
0.9692
0.9838
0.9842
0.9324
0.4746
0.989
0.8116
0.8172
0.957
0.9888
0.9704
0.9954
0.9474
0.0464
0.9856
0.1012
0.979
0.884
0.9858
0.7894
0.8852
0.9672
0.9308
0.6324
0.9908
0.989
0.9704
0.1298
0.3032
0.0772
0.89
0.9892
0.721
0.6776
0.9944
0.8728
0.9704
0.9612
0.9596
0.9842
0.005
0.988
0.0082
0.9908
0.9874
0.7732
0.049
0.9892
0.943
0.9766
0.1418
0.906
0.94
0.9618
0.9928
0.9778
0.9228
0.9946
0.9532
0.9854
0.9904
0.7506
0.9434
0.3226
0.9924
0.9742
0.5422
0.9904
0.8268
0.008
0.9154
0.9098
0.8686
0.9786
0.9802
0.9822
0.7688
0.989
0.9414
0.8566
0.8132
0.975
0.9026
0.9944
0.9696
0.7764
0.949
0.9828
0.8584
0.9488
0.9732
0.9906
0.9762
0.9232
0.957
0.9426
0.9952
0.9194
0.9004
0.5792
0.2318
0.9512
0.9908
0
0.9802
0.7994
0.846
0.7078
0.1306
0.9404
0.992
0.6032
0.9334
0.9528
0.1042
0.9884
0.984
0.9334
0.9798
0.9246
0.813
0.9848
0.5632
0
0.9908
0.4672
0.0308
0.9586
0.0262
0.9776
0.103
0.9784
0.1104
0.9706
0.9228
0.9842
0.9886
0.9084
0.9784
0.9916
0.8212
0.0162
0.96
0.943
0.462
0.9954
0.9794
0.908
0.9546
0.9256
0.2068
0.9738
0.7308
0.952
0.9278
0.1238
0.9948
0.9954
0.9944
0.818
0.881
0.003
0.1692
0.9258
0.9946
0.928
0.9352
0.982
0.9136
0.8718
0.9588
0.3776
0.8642
0.952
0.9734
0.845
0.9518
0.9404
0.979
0.756
0.875
0.747
0.9724
0.9724
0.926
0.9854
0.7714
0.8174
0.992
0.9742
0.7738
0.8298
0.992
0.963
0.988
0.9682
0.8904
0.9244
0.587
0
0.9822
0.979
0.9222
0.9862
0.9726
0.936
0.9574
0.9916
0.9908
0.9946
0.2014
0.6192
0.922
0.8756
0.9926
0.9814
0.7684
0.0084
0.9358
0.7946
0.9382
0.9954
0.8942
0.024
0.3048
0.9758
0.9902
0.461
0.981
0.3796
0.9874
0.9704
0.8858
0.002
0.9864
0.972
0.9444
0.464
0.961
0.963
0.8328
0.9602
0.9842
0.5082
0.9278
0.5842
0.985
0.993
0.008
0.8238
0.923
0.9774
0.9528
0.9916
0.9778
0.7908
0.9938
0.9522
0.9916
0.9914
0.8776
0.733
0.4894
0.9386
0.9908
0.8728
0.8988
0.973
0.8264
0.9088
0.9836
0.9718
0.959
0
0.4474
0.9844
0.9878
0.9836
0.949
0.9602
0.9894
0.9654
0.9608
0.8706
0.9904
0.99
0.928
0.9852
0.9558
0.962
0.9934
0.9564
0.9864
0.995
0.9842
0.9068
0
0.1928
0.9768
0.9632
0.963
0.9772
0.9822
0.9822
0
0.9884
0.9906
0.0042
0.981
0.9788
0.7562
0.668
0.9836
0.9918
0.8182
0.9276
0.9746
0.994
0.3728
0.169
0.988
0.8366
0.779
0.9402
0.9262
0.9918
0.9658
0.6952
0.2644
0.9512
0.9614
0.9868
0.994
0.7564
0.9644
0.9368
2e-04
0.1678
0.9494
0.1964
0.8842
0.9898
0.7676
0.7938
6e-04
0.884
0.9752
0.9612
0.9508
0.9666
0.932
0.9298
0.9912
0.9756
0.2834
0.9272
0.0718
0.9738
0.9824
0.9396
0.9602
0.004
0.441
0.9484
0.8562
0.9822
0.569
0.8306
0.986
0.9454
0.7026
0.3768
0.9912
0.9742
0.9776
0.9604
0.9858
0.904
0.889
0.965
0.694
0.9388
0.9946
0.3098
0.0038
0.987
0.9728
0.2112
0.7358
0.1812
0.9944
0.2644
0.6782
0.9218
0.9808
0.8912
0.9942
0.9828
0.006
0.9824
0.9124
0.9726
0.7942
0.9072
0.9932
0.5694
0.9918
0.9254
0.8272
0.428
0.6248
0.9828
0.9868
0.5886
8e-04
0.9744
0.0024
0.7274
0.899
0.0082
0.985
0.987
0.9852
0.191
0.2558
0.924
0.968
0.9888
0.9796
0.985
0.021
0.846
0.9936
0.942
0.984
0.6538
0.9112
0.4166
0.8714
0.9708
0.984
0.5194
0.9432
0.1738
0.984
0.796
0.9886
0.9524
0.3056
0.9826
0.1128
0.8652
0.8982
0.861
0.746
0.9834
0.9556
0.9924
0.9422
0.1884
0.9482
0.927
0.7668
0.9808
0.3994
0.889
0.006
0
0.6242
0.974
0.9786
0.8566
0.9416
0.0016
0.0256
0.0754
0.968
0.9592
0.8956
0.9688
0.0078
0.8424
0.857
0.0186
0.9782
0.8402
0.0196
0.4594
0.9288
0.0134
0.9916
0.5322
0.692
0.7434
0.805
0.0952
0.9908
0.2234
0.7122
0.916
0.6434
0.9898
0.9458
0.9854
0
0.6764
0.9658
0.5354
0.9032
0.9622
0.9406
0.5402
0.7228
0.9874
0.7532
0.9768
0.9624
0.8798
0.9028
0.9774
0.9774
0.0352
0.9818
0.985
0.871
0.9692
0.9798
0.9148
0.9374
0.8634
0.8534
0.9878
0.9754
0.9848
0.9874
0.2994
0.504
0.7722
0.9106
0.8668
0.2756
0.0134
0.4624
0.9724
0.9554
0.9578
0.0088
0.9382
0.0636
0.6264
0.9796
0.9428
0.3402
0.9852
0.9944
0.9248
0.9864
0.9746
0.9388
0.0104
0.9648
0.8986
0.9886
0.9776
0.9036
0.993
0.7828
0.4346
0.878
0
0.9568
0.9834
0.9426
0.7104
0.401
0.9586
0.7468
0.9926
0.9394
0.9894
0.9958
0.9938
0.7022
0.9756
0.696
0.9956
0.7402
0.9676
0.091
0.9876
0.871
0.4466
0.9496
0.9812
0.933
0
0.4126
0.9766
0.6838
0.9288
0.961
0.9696
0.9666
0.9928
0.9796
0.9618
0.9738
0.8974
0.6662
0.9856
0.9202
0.8314
0.9764
0.9908
0.9114
0.0638
0.8994
0.9824
0.8838
0.9596
0.9798
0.6302
0.0414
0.974
0.9216
0.715
0.6672
0.8636
2e-04
0.9642
0
0.0826
0.8378
0.319
2e-04
0.3618
0.9626
0.9374
0.2286
0.106
0.967
0.9788
0.776
0.1056
0.9778
0.0346
0.861
0.539
0.9686
0.027
0.9676
0.7904
0.982
0.0668
0.888
0.0566
0.0284
0.9444
0.8252
0.0824
0.952
0.0584
0
0.9604
0.979
0.0244
0.963
0.9334
0.4448
0.0734
0.0278
0.6486
0.8374
0.8118
0.5256
0.5566
0.1242
0.7338
0.0766
0.9536
0.6094
0.9386
0.7448
0.8172
0.8926
0.9166
0.01
0.9008
0.8364
0.0236
0.1396
4e-04
0.9134
0.9574
0.3078
0.9328
0.9814
0.9074
0.9052
0.7348
0.953
0.0016
0.962
0.9726
0.9792
0.9432
0.508
0.9282
0.1472
0.0068
0.814
0.9744
0.9066
0.4354
0.0104
0.9566
0.4188
0.8942
0.7822
0.9894
0.8744
0.977
0.003
0.8618
0.7296
0.9424
0.9172
0.8934
0
0.0154
0.9006
0.831
0.6954
0.8556
2e-04
0.4486
