0.0528
0.8298
0.0422
0.535
0.9772
0.8864
0.0152
0.0108
0
0.0096
0.625
0.0086
0.1726
0.0348
0.0908
0.6248
0.0026
0.9042
0.002
0.074
0.0018
4e-04
0.0152
0.9942
0.001
0
0.018
0.0172
0.956
0.7514
0.9866
0.0022
0.103
0.9208
4e-04
1
0.0552
0.0032
0.0162
0.1178
0.0144
0.7388
0.0868
8e-04
0.0016
0.0476
0.9626
2e-04
0.7946
0.9
0.0134
0.0062
0.8366
0.003
0.0016
0.0048
0.0708
0.994
0.9884
2e-04
2e-04
0.0132
0.0474
2e-04
0.009
0.0356
0
0.8554
0.0028
4e-04
0.1534
0.0136
2e-04
0.9898
0.204
0.0062
0.0062
0.0126
2e-04
0.0102
0.0032
0.9584
0.321
0.0038
0.0574
0.005
0.1714
0.2596
0.6154
0.074
0.0418
0.9034
0.1756
0.0064
0.0024
0.0106
0.9788
0.1096
0.004
0.0104
0.0104
0.9824
0.0074
2e-04
0.0186
0.761
0.0532
0.5034
0.0022
0.9976
0.8862
0.93
0.0024
0.8248
0.0042
0.022
0.423
0.1078
4e-04
0.9044
0.9944
0.019
2e-04
0.2986
0.6
0.3572
0.0076
0.0048
0.0062
0.0052
0.9992
0.9928
0.024
0.0948
0.9358
0.7288
0.993
0.9932
0.0064
0.8344
0.0078
6e-04
0.003
0.8868
6e-04
0.0158
2e-04
1
0.7894
0.9996
0.001
0.9884
0.209
0.7596
0.0648
0.8908
0.0012
0.3438
0.0018
0.0532
0.8634
0.959
0.0064
0.8652
0.1484
0
0.003
0.9616
0.2694
2e-04
0
0.0746
0.003
0.4082
0.9626
0.9198
0.9118
2e-04
0.9728
2e-04
0.0034
4e-04
0.0046
0.08
0.9672
0.0018
4e-04
0.0116
0.0248
0.2264
0.984
0.1176
0.0012
0.9796
0.8204
6e-04
0.0268
6e-04
0.9148
2e-04
0.0034
0.984
0.0016
0.0598
0.3584
4e-04
0.0238
0.9608
0.3446
0.0132
0.0072
0.0056
0.2324
0.5402
0.0336
0.2054
0.0152
0.296
0.6788
0.0032
0.5526
0.8342
0.978
0.0188
0.0114
0.7414
0.0804
0.9348
0.9182
8e-04
4e-04
0.0198
0.7008
0.2362
0.8648
0.1302
0.4694
0.022
0.9006
0.9822
0.108
0.0644
0.1494
0.981
0.063
0.0284
0.0012
0.97
0.9558
0.0854
0
0.0092
0.2082
0.007
0.898
0.0048
0.2456
0.08
0.999
0.9996
0.6084
0.1484
0.4222
0.1086
0.1724
0.0014
0.0076
0.0332
0.1314
0.1208
0.0014
0.0018
0.8266
0.6546
4e-04
0.5892
0.0012
0.0244
0.1312
0.232
0.0024
0.0258
0.138
0.842
0.1818
0.0618
0.7278
0.9508
0.9864
0.0158
0.0166
4e-04
0.0024
0.0078
8e-04
0.0038
0.345
0.0064
1
0.249
0.3244
0.528
0.4034
0
0.994
4e-04
0.0048
0.0276
0.0102
0.9972
0.2042
0.008
0.0018
0.7228
0.238
0.0336
0.1024
0.0028
0.0022
2e-04
0
0.997
0.4122
0.1842
0.0012
0.0548
0.5568
0.0254
0.2498
0.9708
0.897
0
0.0188
0.0028
0.0176
0.0076
0.0202
0.2256
0.9908
0.1892
0.224
0.0108
4e-04
0.0192
0.0014
0.0032
4e-04
0.3798
0.002
0.0056
0.4086
0.0158
0.4014
0.596
0.101
0.0014
0.1168
0.0052
0.9972
0.2442
0.0352
0
0.4006
6e-04
0.0014
0.9984
8e-04
0.902
0.979
0.5604
0.001
0.0024
0.222
0.9174
0.948
2e-04
0.874
0.9802
6e-04
0.4086
0.8898
0.0342
0.0346
0.0488
2e-04
0.9978
0.2366
0.0058
0.1646
0.7186
0.717
0.013
0.0012
0.0052
0.0038
0.0032
0.84
0.0134
6e-04
0.3982
0.0042
0.9914
0.0016
0.3024
8e-04
0.3296
0.4464
4e-04
6e-04
0.0054
0.0098
0.9956
4e-04
0.0028
0.004
0.0024
0.8846
0.7212
0.001
0.2332
0.1476
0.741
0.9734
0.0124
4e-04
0
2e-04
0.8242
0.001
0.0322
0.0016
2e-04
0.931
0.0062
6e-04
0.1774
0.0592
0.0046
0.3506
0.063
0
0
0.0446
0.9932
6e-04
8e-04
0.0204
0.017
4e-04
0
6e-04
0.9018
0
0.013
0.001
0.0472
0.1428
0.2936
0.0326
4e-04
0.0068
8e-04
0.7662
0.007
0.0592
0.044
0
6e-04
0.9876
0.6672
0.0092
0.0068
0.0426
0.0088
0.003
0.0968
2e-04
0.154
0
0.0234
0.0066
0.1746
0.0348
0.01
0.0034
0.031
0.9576
0.9934
0.0076
1
0.2812
0.0168
0
0.0016
4e-04
0.8926
0.0102
0.0962
0.0138
0.9886
0.0012
0.241
0.0258
0
0.9878
0.9892
0.002
0.971
0.0052
0.0092
0
0.6076
0.7378
0.0552
0.002
0.002
0.9988
0.1222
0.0148
2e-04
0.6574
0.005
8e-04
0.0052
0.994
0
0.0226
0.7144
0.003
0
0.088
0.001
2e-04
0.015
0.9992
0.0498
0.9664
0.0258
0.0134
0.17
0.002
0.9826
1
0.1148
4e-04
2e-04
0.48
0.0312
0.7656
0.0984
0.0026
0.3998
0.024
0.6716
0.0478
0.007
2e-04
0.037
0.9818
0.0036
0.9996
0.2516
0.0046
0.6998
0.9978
0.6352
0.044
0.0034
0.8152
0.9556
0.5948
0
0.023
0.0618
4e-04
0.0022
0.2978
0.025
2e-04
0.0726
0.008
0.576
0.0024
2e-04
0
2e-04
0.2936
0.9622
0.01
0.0014
0.12
0.7184
0.0238
0.7588
2e-04
0.0294
0.0022
0.0074
6e-04
2e-04
6e-04
0.292
0.0318
0.0298
2e-04
6e-04
6e-04
0.0138
0.1256
0.0084
0.9112
0.0032
0.0674
0.6004
0.1892
0.0022
8e-04
0.0134
0.2486
0.0014
0.0072
0.0044
0.0106
0.2316
0.0026
0.977
2e-04
0.0258
