0.1064
0.0066
0.002
0.0022
1
0.0032
1
0.0884
0.096
0.0038
0.0036
1
0.2124
1
0.0014
0.0116
0.028
0.815
0.016
0.9998
0.0352
0.9998
0.0022
0.0058
0.0092
0.015
0.0118
0.9996
0.0034
0.0238
0.013
0.1634
1
0.1818
0.0076
0.0082
0.017
0.0042
0.654
0.0108
0.0174
0.0046
0.002
0.0266
0.9858
0.0092
0.0044
0.001
1
0.0048
0.0032
4e-04
0.0046
0.0026
0.0066
0.0022
0.0016
0.0034
0.0258
0.001
0.0026
0.0028
0.003
0.0308
0.0024
0.0206
0.0158
0.0382
0.9996
0.0042
0.0844
0.03
0.0266
1
0.0014
0.008
8e-04
0.005
0.0096
0.0094
0.0042
0.0036
0.197
0.001
0.0086
0.0096
0.0032
0.002
0.006
0.004
0.01
0.9706
0.0034
0.0046
0.004
0.0034
0.0018
0.0082
0.0036
0.0032
0.0892
0.9782
0.0052
1
0.9464
0.0018
0.0026
0.0028
0.0074
0.0042
0.6428
0.0104
0.0016
0.0038
0.0016
0.001
0.0402
0.898
0.0042
0.0052
0.0326
0.9944
1
0.002
0.0112
0.003
0.0022
0.0024
0.0322
8e-04
1
0.966
0.002
0.0046
0.0026
0.0034
0.0036
0.002
0.9998
0.0016
0.0046
0.002
0.0048
1
0.0066
0.0014
0.0022
0.001
0.0102
0.0622
1
0.0024
0.0044
0.0016
0.9618
1
0.0056
0.0202
0.002
0.042
0.9618
0.0134
0.0086
0.0018
0.0016
0.0118
0.0016
0.9616
0.003
0.997
0.0238
0.0046
0.012
0.0584
0.017
0.9788
0.005
0.8166
0.0404
0.0066
0.0048
0.0282
0.0022
0.0052
0.9982
0.0016
0.0058
0.0328
0.0328
0.2764
0.0014
1
0.0046
1
0.0038
1
0.0146
6e-04
0.0054
0.0474
0.0024
1
0.0026
0.003
0.002
0.0164
0.8878
0.0066
0.0178
1
0.0016
0.0318
0.021
0.9992
1
0.9996
0.996
0.0048
0.032
0.0022
0.996
0.18
0.0252
0.0088
1
0.0264
0.8062
0.0104
0.014
0.039
0.9466
0.9972
