0.7284
0.9754
0
0.9812
0
0.9874
0.982
0.9718
0.973
0.9838
0.8884
0.981
0.9704
0.9532
0.5142
0.9744
0.9618
0.9818
0.979
0.9836
0.9532
0.69
0.9054
0.9696
0.9442
0.984
0.9618
0.9704
0.3032
0.977
0.9466
0.7744
0.1462
0.9052
0.982
0.9666
0.9512
0.4436
0.8114
0.9694
0.8008
0.9768
0.9426
0.9728
0.3434
0.9686
0
0.9838
0.979
0.888
0.9692
0.0012
0.9646
0.849
0.0618
0.9696
0.979
0.979
0.8348
0.9784
0.9378
0.9744
4e-04
0.9754
0
0.9064
0.9366
0.923
0
0
0.9692
0.8958
0.9486
0.9234
0
0
0.9818
0.823
0.9818
0.977
0.969
0.983
0.9686
0.5086
0.7794
0.9802
0.98
0.6034
0.9114
0
0.7912
0.9848
0.9812
0.0036
0.953
0.8604
0
0.7288
0.9544
0
0.9802
0.4478
0.9838
0.9364
0.9602
0.982
0
0.9748
0.971
0.9792
0.1012
0.9796
0
0.9032
0.2328
0.9514
0
0.9826
0.9702
0
0.9784
0
0
0.9748
0.0114
0.642
0.9396
0.9566
0.95
0.9828
0
0.9316
0.9696
0.9806
0.9692
0.9506
0.0262
0.9744
0.9792
0.9208
0.7754
0.088
6e-04
0.976
0.9126
0.5976
0.976
0.8806
0.9478
0.7716
0.9776
0.982
0.9508
0.98
0.9666
0.9694
0
0.9826
0.9588
0.865
0.9466
0.9582
0.0364
0.939
0.9846
0.9676
0.8656
0.1928
0.9708
2e-04
0.9694
0.9822
0.9764
0
0.9734
0.9764
0.9222
0.7706
0.891
0.0026
0.9744
0.194
0.9838
0
0.9568
0.985
0.9752
0.9806
0.9412
0.9786
0.9718
0.9276
0.9534
0.9816
0.5606
0.9554
0.9772
0.9044
0.9752
0.9418
0.0252
0.969
0.9792
0.9822
0.9814
0.9506
0.9764
0.98
0.9824
0.9834
0.9602
0.9502
0.9788
0.9694
0.9738
0.9778
0.9618
0.8868
0.9826
0.9808
0.9814
0.9474
0
0.9812
0.981
0.9574
0.9642
0.8316
0.9408
0.6496
0.9486
0.9838
0.9834
0
0.9814
0.9792
0.9328
0.973
0.9838
0.9726
0.9728
0.9684
0
0.9828
0.0054
0.9586
0.9662
0.9272
0.9818
0.9698
0.8974
0.8198
0.8292
0.895
0.9058
0.9424
0.951
0.9332
0.9784
0.9798
0.9564
0
0.9486
0.973
0
0.866
0
0.9514
0.966
0.9822
0.9734
0
0.962
0.945
0.9826
0.967
0.979
0.952
0.9692
2e-04
0
0.9818
0.9814
4e-04
0.9648
0.804
0.9732
0.9734
0.8078
0.9842
0.9806
0.974
0.9778
0.9818
0.883
0.979
0
0.9758
0.9814
0.9734
0.9762
0.9584
0.8854
0.979
0.9648
0.9642
0.9868
0.9726
0.0014
0.9816
0
0.978
0.9804
0.984
0.9106
0.0192
0.9382
0.98
0.9612
0
0.9446
0.9854
0.0086
0.974
0.5722
0.9664
0.9686
0.9794
0.9268
0.0076
0.9804
0.981
0.96
0.0044
0
0.964
0.9294
0.9554
0.9536
0.9826
0
0.9412
0.9434
0.983
0.9018
0.9566
0.9826
0.9082
0.9768
0.9818
0.9488
0.978
0.0288
0.538
0.9808
0.9708
0.9804
0.9798
0.9654
0.9514
0.9806
0.977
0.9538
0.9798
0.9416
0.2622
0.0016
0
0
0.9768
0.974
0.9796
0.9828
0.8936
0.9804
0.973
0.9808
0.9596
0.9748
0.974
0.953
0.9608
0.9558
0.9378
0.7598
0.975
0.9564
0.9714
0.9644
0.9724
0
0.9826
0.9324
0
0.9712
0.9804
0.9798
0.9834
0
0.9496
0
0.976
0
0.9834
0.9708
0.982
0.9804
0.9068
0.9816
0.9714
0.9694
0.972
0.9794
0.9574
0.968
0.9222
0.2516
0.0118
0.9782
0
0.9808
0.2066
0.9794
0.981
0.9776
0.9698
0.978
0.9792
0
0
0.9598
0.8774
0
0.8294
0.9388
0.9642
0
0.9838
0.9788
0.9568
0
0
0
0.9788
0.9674
0.9712
0.9666
0.9146
0.9732
0.9728
0.585
0.9484
0.9458
0.5622
0.9674
0.973
0.9812
0
0.982
0
2e-04
0.9788
0.9652
0.8906
0.9762
0.9616
0.967
0.9552
0.9622
0.9822
0.914
0
0.9552
0.0026
0.968
0
0.0052
0.5072
2e-04
0.9728
0.9068
0.9758
0.0508
0.9834
0.9834
0.9448
0.9852
0.9804
0.964
0
0.9598
0.8036
0.976
0.8328
0.001
0.0512
0.9746
0.9776
0.9494
0.6316
0.9556
0.9784
0.9698
0.7216
0.9794
0.9782
0.9576
0.0014
0
0.9822
0.9726
0.9256
0.9658
0.978
0.9364
0.979
4e-04
0.9534
0.9776
0.9592
0.9752
0.9734
0.979
0.9598
0
0.9472
0.1144
0.9816
0
0.9818
0.9742
0.9258
0.9472
0.9712
0.9824
0.957
0.974
0.9762
0.9778
0.9766
0.9506
0
0.9838
0.9818
0.9554
0
0
0.952
0
0.93
0.9678
0.9124
0.5786
0.931
0.5908
2e-04
0.9678
0.9686
0
0
2e-04
0.9686
0.0044
0
0.0024
0.9768
0.9804
0.9784
0.984
0
0.9784
0.9306
0.5856
0
0
0.9832
0.008
0.9724
0.9774
0.9744
0.9774
0.9776
4e-04
0.9666
0.9772
0.9624
0.0094
0.9792
0.9774
0.9552
0.9464
0
0.9588
0.9712
0.9556
0.9778
0
0.9694
0.9754
0.979
0.9758
0.5984
0.9834
0.9388
0.961
0.9678
0.982
0.9652
0.9484
0.8862
0.9824
0.8388
0.981
0.975
0.9818
0.9684
0.9694
0.9846
0
0.9382
0.9778
0.9854
8e-04
0.9828
0.952
0.964
0
0.9678
0.9602
0.9822
0.9312
0.3034
0.9128
0.0194
0.978
0.9708
0.9824
0.9626
0.9748
0.9736
0.957
0.9652
0.96
0.9814
0.938
0.965
0.9834
0.9732
0.9826
0.9104
0.7324
0
0.9608
0.9808
0.9832
0.9742
0.9702
0.9704
0.9354
0.9808
0.9722
0.9602
0.9696
0.9736
0.973
0.0298
0.9606
0.9806
0
0.9448
0.9692
0.9858
0.9776
0.9426
0.9744
0.9702
0.07
0.936
0.9224
0.9826
0.9746
0.8872
0.9638
0.9726
0
0
0.97
0.9274
0.9272
0.9844
0.9214
0.9754
0.907
0.9286
0.9706
0.9644
0.9828
0.0176
0.9714
0.9704
0.9762
0.9582
0.981
0.9714
0.9568
0.9648
0.9816
0
0
0.9324
0.964
0.94
0.913
0.9852
0.9792
0.9802
0.9686
0.9828
0.9752
6e-04
0.9454
0.9792
0.9746
0.9312
0.9718
0.9798
0
0
0.972
0.9748
0.9756
0.9518
0.9714
0.958
0.197
0.8382
0.97
0.9608
0.9688
0.9702
0.9758
0.9512
0.9812
0.956
0.9732
0.9818
0.9606
0.8716
0.9822
0.9852
0
0.9696
0.8716
0
0.9532
0
0.9672
0
0.9694
0.295
0.0018
0.9822
0.9548
0.9802
0.9434
0.9788
0.9766
0.9774
0.9814
0
0.9676
0.9718
0.9182
0.0374
0.9784
0.869
0.9766
0.9636
0.9848
0.9732
0.9744
0.972
0.9618
0
0.9806
0.9766
0.9488
0.3418
0.6846
0.9624
0.9086
0.9758
0.9822
0.9862
0.9732
0.9586
0.9146
0.8292
0.9566
0
0
0
0.962
0.9548
0.8386
0.9608
0.9792
0.9698
0.9286
0.9306
2e-04
0.9698
0.9468
0.9484
0
0.003
0.9742
0.696
0.9602
0.9836
0.9678
0.9778
0.978
0.9652
0.8728
0.962
0.979
0.9818
0.979
0.9434
0.9334
0.9174
0.9552
0.9536
0.9262
0.9822
0.9746
0.946
0
0.9822
0.9816
0.985
0.9794
0.975
0.9808
0.941
0.9832
0.3726
0.9634
0.9834
0.9774
0.9534
0.8808
0.6438
0.9796
2e-04
0.9812
0.9786
0.9538
0.974
0.9464
0.9782
0.9564
0.8094
0.9584
0.0158
0.9688
0.9778
0.9614
0.9554
0.9792
0.96
0.971
0.4792
0.9678
0.9818
0.9806
0.9766
0.9704
0.9656
0.9716
0.7716
0.9618
0.9572
0.0486
0.967
0.9626
0.9672
0.9814
0.9558
0.9718
0.9704
0.9824
0.9784
0.9802
0.9836
0.9654
0.9822
0.9702
0.9654
0.9786
0.98
0.563
0.9808
0
0.9808
0.1258
0.9744
0.0022
0.9816
0.935
0.978
0.976
0.9822
0.9758
4e-04
0.976
0.9258
0.9802
0.9812
0.7534
0.9834
0
0.9414
0.9562
0.9532
0.9776
0.6922
0.9774
0.9654
0.9812
0
0.5204
0.9834
0.9758
0.8156
0.9754
0.932
0.9782
0.9802
4e-04
0
0
0.9504
0.9144
0.9782
