0.0016
0.988
0.2954
0.9596
0
0.0316
0.8896
0.0624
0.8
0.5678
0.8804
0.8922
0.0112
0.9992
0.9962
0.9962
0.8338
0
0.9984
0.9754
0.9242
0.9972
0.9846
0
0.9966
0
0.0048
0.9986
0.9916
0.9396
0.978
0.7782
0.9766
0.248
0.8524
0.9402
0.9962
0.001
0.9812
0.007
0
0
0.993
0.4196
0.0488
0.949
2e-04
0
0.9562
0.8676
0.978
0.9424
0.9916
0.9974
0.8912
0.9972
0
0.9954
0.7664
0.9954
0.1622
0.5748
0.8358
0.9802
0.9962
0.9986
0.9938
0.934
0.9988
0.7598
0.4776
0
0.0038
0
0.9224
0.9734
0.6798
0.9906
0.916
0.9556
0.995
0.9786
0.998
0.9272
0.9296
0.9102
0.93
0.0042
0.3214
0.9858
0.9946
0.537
0.9828
0.9176
6e-04
0.97
0.88
0.9822
0.015
0.9204
0.9502
0.5574
0.9976
0.7124
0.7804
0.2292
0.9332
2e-04
0.976
0.4384
0
0.9944
0.992
0.7214
0.986
0.7764
0.6656
0.9866
0.9898
0.9962
0.2516
0
0
0.159
0.4704
0
0.009
0.0016
0.7626
0.9898
0
0.9958
0.9818
0.0146
0.8864
0.5054
0
0.9828
0.986
0.0328
0.9836
0.9754
0.922
0.9972
0.1952
0.9894
0.8944
8e-04
0.9862
0.9586
0.946
0.0548
0.646
0.1046
0.015
0.0042
0.9578
0.9754
0.9964
0
0.9882
0.9798
0.993
0.9786
0.0028
0.982
0.9842
0.9762
0.883
0.9814
0.8876
0.0866
0.981
0.9912
0.8716
0.4378
0.984
0.852
0.9832
0.3846
0.0784
0.6324
0.034
0.0398
0.9876
0.9968
0.0238
0.9962
0.9614
0.9832
0.9722
0.9946
0.8222
0.9944
2e-04
0.9654
0.0036
0.9576
0.0194
0.9616
0.9568
0.9774
0.7594
0.8576
0.4598
0.0634
0
0.9532
0.9482
0.9734
0
0.9716
2e-04
0.927
0.9548
0.9516
0.0076
0.9032
0.9654
0.6598
0.7368
0.9692
0.9286
0.005
0.9774
0.8212
0
0.984
0
0.9608
0.9514
0.994
0
0.8846
0.9902
0.995
0.908
2e-04
0.9784
0.9454
0.9584
0.8142
0.3678
0.854
0.7108
0.7814
0.8604
0.9814
0.8088
0.9804
0.9294
0.0072
6e-04
0.9982
0.1976
0.442
0.9924
0.9492
0.7714
0.1432
0.2642
0.9066
0.9504
0
0.7342
0.3676
0.6414
0
0.9
0.9602
0.9394
0.9826
0
0.979
0.9684
0.9846
1
0.8088
0.9804
0
0.9738
0.8692
0
0.877
0.1206
0.9498
0.1122
0
0.8638
0.991
0.8676
0.431
0.8796
0.9728
0.9228
0.8802
0.9934
0.9556
0.8314
0.9722
0.4752
2e-04
0.9618
0.9344
0.8352
0.0156
0.0606
0.001
0
0.9724
0.777
0.9662
0.9338
0.9564
0.9488
0.9954
0.9708
0.0018
0.7072
0.0016
0.9966
0.8142
0.0142
0.9508
0.9992
0.8178
0.9934
0.9728
0.9984
0.9448
0.0864
0.9886
0.982
0.9536
0.971
1
0.9994
