0.7586
0.9986
0.8914
0.9734
0.7246
0.6452
0.6546
0.038
0.8442
0.6938
0.2022
0.3142
0.6932
0.6806
0.8572
0.2452
0.7868
0.9776
0.9962
0.6832
0.6462
0.01
0.7224
0.8116
0.7016
0.6924
0.0862
0.8528
0.7202
0.348
0.8926
0.529
0.845
0.9966
0.9798
0.7648
0.9996
0.7676
0.5342
0.889
0.7628
0.7038
0.0728
0.6914
0.9988
0.9692
0.9998
0.7088
0.9452
0.991
0.797
0.9972
0.7664
0.6224
0.2292
0.9982
0.1188
0.947
0.707
0.3458
0.1226
0.067
0.7636
0.7042
0.7092
0.8852
0.9136
0.6858
0.9916
0.6972
0.986
0.9254
1
0.9972
0.6136
0.9776
0.7086
0.9996
0.8276
0.67
0.995
0.699
0.9994
0.9998
0.9998
0.8896
0.935
0.8508
0.7466
1
0.6988
0.6998
0.7578
0.9008
0.9142
0.7246
0.9906
0.7246
0.808
0.7012
0.129
0.376
0.9936
0.8666
0.8638
0.9974
0.7002
0
0.001
0.9994
0.9886
1
0.7018
0.7742
0.5732
0.6324
0.6352
0.549
0.9612
0.9256
0.694
0.8942
0.672
0.978
0.908
0.6902
0.9942
0.3152
0.9982
0.6942
0.8086
0.9404
0.7104
0.9936
0.7532
0.7046
0.9994
0.6424
0.982
0.9994
0.8782
0.7144
0.8332
0.9966
0.9498
0.6806
0.86
0.8516
0.9986
0.8862
0.9322
0.6994
0.9998
0.9888
0.227
0.6894
0.7032
0.6912
0.8326
0.7198
0.7048
0.705
0.7272
0.9984
1
0.7626
0.9988
0.5586
0.9562
0.699
0.8298
0.6968
0.642
0.9994
0.9012
0.9996
0.4988
0.9336
0.5994
0.407
0.4464
0.7332
0.5612
0.5778
0.9352
0.2808
0.0182
0.0402
0.997
0.6948
0.7402
0.6836
0.8688
0.887
0.8514
2e-04
0.992
0.5516
0.8468
0.6826
0.9786
0.0318
0.6352
0.8182
0.6962
0.8402
0.6864
0.9668
0.0036
0.9024
0.9242
0.7458
0.4272
0.7358
0.7452
0.9942
1
0.742
0.6466
0.8374
1
0.9982
0.012
0.6844
0.9978
0.9142
0.9998
0.7436
0.6514
0.9638
0.699
8e-04
0.0018
0.99
0.3374
0.9324
0.0076
1
1
0.716
0.999
0.619
0.7234
0.848
0.2518
0.2844
0.5784
0.8328
0.7736
0.7164
0.7112
0.6942
0.9982
0.8472
0.9982
0.9998
0.9298
0.6914
0.3134
0.977
0.1086
0.0244
0.7484
0.9994
0.2704
0.1796
0.9408
0.6916
0.108
0.9628
0.6598
0.5572
0
0.9654
0.9342
0.3338
0.7378
1
0.9928
0.6634
0.7646
1
0.6722
0.8256
0.7004
0.977
0.647
0.667
0.0056
0.6772
0.9998
0.9994
0.6498
0.974
0.6854
0.6132
0
0.8052
0.8674
0.733
2e-04
0.1738
0.6274
0.9246
0.6626
0.6512
0.6732
0.1548
0.1342
0.7216
0.6686
0.2646
0.6086
0.9972
0.014
0.9988
0.5074
0.0818
0.741
0.6824
0.752
0.6306
0.9982
0.846
0.6884
0.8458
0.781
0.6706
0.9544
0.7752
0.0066
0.6754
0.9998
0.9532
1
0.6924
0.6928
0.0264
0.8406
0.9784
0.9774
0.6938
0.952
0.9986
0.2842
0.8278
0.5468
0.7886
0.9964
0.656
0.6462
0.6854
0.7034
0.9954
0.7114
0.8716
0.6142
0.9794
0.9408
0.8806
0.6988
0.827
0.1362
0.6742
0.3772
0.7306
0.639
0.7114
0.9998
0.9962
0.9364
0.7382
0.9964
0.3612
0.7308
0.9992
0.8472
0.9934
0.518
1
0.785
0.9978
0.7048
0.8116
0.0062
0.6972
0.9998
0.688
0.6438
0.6804
0.6852
1
0.607
0.8984
0.5826
6e-04
0.8734
0.611
0.8046
0.793
0.9222
0.3748
0.0024
0.2662
0.9912
0
0.7122
0.5912
0.028
0.6742
0.998
0.0782
0.848
0.7038
0.9492
0.6776
0.002
0.9996
0.3672
0.8172
0.8458
0.7052
0.6842
0.7106
6e-04
0.9974
0.996
0.7202
0.7622
0.0556
0.703
0.9998
0.4002
0.6938
0.881
0.9556
0.3504
0.8626
0.9998
0.7864
0.9904
0.029
0.5558
0.3568
0.122
0.7752
0.4752
0.9956
0.198
0.7922
0.9882
0.6888
0.7032
0.4512
0.9784
0.8012
0.6844
0.4032
0.6452
0.6972
0.22
0.6826
0.9802
0.9972
0.9902
0.667
0.7204
0.999
0.0328
0.7018
0.673
0.7028
0.0042
0.3306
0.7014
0.8224
0.695
0.0254
0.6942
0.9964
0.9994
0.662
0.0136
0.2568
0.9358
0.954
0.9976
0.3914
0.0884
0.9488
0.2376
0.983
0.0426
4e-04
0.0022
0.9998
0.1502
0.8284
0.9996
0.8976
0.9834
0.9914
0.7734
0.716
0.6608
0.8814
0.9976
0.996
0.859
0.767
0.982
0.7396
0.6802
0.2656
0.0474
0.9966
0.753
0.9842
0.2142
0.692
0.2112
0.9912
0.2668
0.7156
8e-04
0.742
0.6378
0.9948
0.0752
0.8186
0.9984
0.6856
0.0478
0.74
0.4404
0.7118
0.1336
0.7426
0.6962
0.928
0.7862
0.665
0.7148
0.6806
0.1962
0.9986
0.613
0.9994
0.8236
0.0578
0.7772
0.737
0.729
0.8726
1
0.6488
0.7046
0.9908
0.7886
0.7206
0.9956
0.9254
0.9994
0.8158
0.522
0.9536
0.0616
0.0288
0.6912
0.1938
0.6488
0.6858
0.994
0.7128
0.9996
0.6996
0.8262
1
0.4978
0.6602
0.6978
0.9986
0.986
0.2236
0.6826
0.7638
0.959
0.9994
1
0.8078
0.6084
0.9784
0.03
0.8978
0
0.62
0.0206
0.5424
0.731
0.6622
0.6048
0.1612
0.9994
0.686
0.712
0.772
0.5998
0.0092
0.9942
0.9998
0.9964
0.7168
0.9796
0.1134
0.9998
0.6638
0.411
0.75
0.3642
0.2098
0.5888
0.9968
0.9972
0.6824
0.8574
0.9994
0.5968
0.7754
0.747
1
0.5922
0.9996
0.981
0.9192
0.9976
0.9888
0.8088
0.9958
0.6328
0.9672
0.7414
0.0018
0.6716
0.9022
0.7176
0.67
0.9986
0.003
0.0158
0.8556
0.7444
0.9998
1
1
0.6488
0.6942
0.6734
0.996
0.3678
0.7456
0.6214
0.6826
0.1762
0.734
0.9928
0.8124
0.6276
0.7568
0.1368
0.9998
0.927
0.7116
0.6988
0.486
0.7874
0.9998
0.691
0.0494
0.9946
0.713
0.6784
0.9784
0.1328
0.8488
0.9742
0.9702
0.4494
0.9442
0.726
0.9854
0.179
0.6264
0.6488
0.9994
0.6888
0.852
0.6644
0.9926
0.7926
0.9422
0.542
0.996
0.6758
0.8102
0.73
0.8128
0.1924
0.7794
0.7088
0.1662
0.0022
0.3522
0.97
0.9884
0.9998
0.999
0.708
0.1788
0.646
0.743
0.9906
0.7538
0.574
0.0012
0.723
0.9786
0.0068
0.7058
0.6984
6e-04
0.8688
0.8464
1
0.5964
0.687
0.8302
0.4386
0.7942
0.6836
0.7376
0.875
0.6842
0.2754
0.9906
0.7156
0.407
0.9956
0.6112
0.8304
0.975
0.0024
4e-04
0
0.0682
0.7188
