0.973
0.0248
0.9952
0.8264
0
0
0.991
0.9938
0.9998
0.9944
0.7346
0.9896
0.9686
0.9846
0.9754
0.7412
0.9992
0
0.9968
0.971
0.9988
0.998
0.9702
0
0.999
0.9994
0.9902
0.9936
0
0.0404
0
0.9984
0.9878
4e-04
0.9976
0
0.9658
0.9986
0.9922
0.9224
0.9962
0.7958
0.9594
0.9986
0.993
0.9872
0
0.999
0.1324
0
0.996
0.9936
0.001
0.9982
0.999
0.9966
0.974
0
0
0.9988
0.9994
0.9972
0.993
0.999
0.9932
0.9818
0.9988
0
0.998
0.9988
0.9554
0.9906
0.9996
0
0.9458
0.9964
0.9988
0.9964
0.9984
0.995
0.9982
0.027
0.9606
0.0036
0.9968
0.995
0.9752
0.9714
0.9512
0.9676
0.987
0.032
0.9528
0.9984
0.999
0.993
0
0.9596
0.9988
0.9964
0.9942
0.0132
0.997
0.9984
0.9982
0.3788
0.9914
0.8422
0.999
0
0
0
0.9984
2e-04
0.9994
0.9932
0.9744
0.9654
0.999
0
0
0.9888
0.9992
0.985
0.825
0.9634
0.995
0.9976
0.9994
0.9968
0
0
0.9984
0.9978
0.5462
0.7064
0
0
0.9952
0.611
0.999
0.9992
0.9978
0
0.9994
0.9906
0.999
0
0.302
0
0.9978
0
0.922
0.8376
0.975
0.5702
0.999
0.9078
0.9978
0.9826
0.0412
0
0.9978
0.0578
0.98
0.9996
0.9974
0
0.9372
0.9986
0.9994
0.9818
0.9978
0.9696
0.7106
0
0.012
0.9994
0
0.998
0.9974
0.9998
0.9976
0.9804
0
0.9988
0.9986
0.9902
0.9968
0.9708
0.1548
0.9816
0.9992
0
0.7732
0.9982
0.9838
0.9986
0.0026
0.999
0.999
0
0.9986
0.9782
0.8874
0.9996
0.999
0
0.8842
0.9892
0.9966
0.9966
0.9858
0.909
0.9978
0.6042
0.9938
0.9492
0.9186
0.9964
0.9184
0.235
0
0.998
0.997
0
0.9858
0
0.0034
0.9986
0.9986
0.998
0.9014
0.9098
2e-04
0.965
0.9728
0.9886
0.8184
0
0.9736
0.9294
0.982
0.0332
0.9814
0.9874
0.999
0.2268
0.6044
0.9574
0.9994
0.993
0.971
0.9928
0.936
0.9986
0.9872
0.9446
0
0
0.8738
0.9878
0.9668
0.938
0.9924
0.9966
0.9944
0.9828
0.9538
0.997
0.9972
0.9994
0.8148
0.554
0.9992
0.9128
0.9982
0.9894
0.9322
0.9376
0.9986
0.9804
0.982
0.8804
0.9918
0.9824
0.872
0.0124
0
0.6408
0.9976
0.9984
0.9988
0.9954
0.9994
0.9944
0.3954
0.9974
0
0.9394
0.917
0.9204
0.9906
0.9992
0
0.9986
0.9984
0.985
0.9944
0
0.9678
0.9964
0.9982
0.9736
0.9798
0.9816
0.9642
0.9984
0.992
0.9988
0.9996
0
0.9546
0.9754
0.9992
0.9882
0.9748
0.9766
0.989
0
0.0646
0.9994
0.9856
0.9976
0.9944
0.9958
0.9944
0.9512
0
0.9794
0.971
0.998
0.998
0.999
0.9994
0.9968
0.9988
0.9326
0.9986
0.9958
0.8612
0.9906
0.9578
0.9522
0.989
0.997
0.9804
0.9996
0
0
0.9908
0.9998
0.9366
0.9986
0.9994
0
0.9988
0.1386
0
0.351
0.9988
0.999
0.9886
0.001
0.4014
0.9994
0.3252
0
0.999
0.896
0.8946
0.9922
0.991
0.976
0.9994
0
0.9064
0.9968
0.9724
0.8146
0.857
0.9972
0.9992
0.9986
0.9942
0.9304
0.9044
0.9956
0.9974
0.7148
0.9632
0
0.9996
0.9522
0.9984
0.9374
0.0016
0.999
0.9978
0.9946
0.9952
0
0.9992
0.9988
0.9978
0.9984
0.8056
0.8918
0.9986
0.0344
0.8524
0.8552
0
0.9962
0.9984
0.9998
0.9996
0.1642
0.998
0.9842
0.9978
0.9984
0
0.9988
0.9984
0.9502
0.042
0.9988
0.9304
0.9752
0.9996
0.9464
0.9846
0
0.9978
0.9984
0.9952
0.9952
0.9988
0.9376
0.999
0.034
0.9996
0.9932
0.9992
0.9798
0.997
0.9574
0.9778
0.9994
0.997
0.9988
0.9608
0.9958
0.859
0.9886
0.9988
0.9986
0
0
0.9972
0.9948
0.9896
0.9976
0.9976
0.954
0.9988
0.973
0.942
0.9916
0.9982
0.9322
0.9916
0.9976
0.9988
0.9926
0
0
0.9964
0
0.8812
0.998
0.9354
0.9988
0.9992
0.4402
0.9944
0.9646
0.9942
0
0.998
0.9886
0.9896
0.9998
0.0038
0.0018
0.9996
0
0.9938
0.9984
0.9992
0.9662
0
0.9922
0.9954
0.998
0
0.9514
0.9976
0.9992
0.0864
0.9986
0.9992
0.998
0
0.999
0.9938
0.9442
0.9984
0.9998
0.9952
0.9986
0.9992
0.998
0
0.9934
0
0.9972
0.9964
0.986
0.9972
0
0
0.9504
0.9988
0.9994
0.9692
0.9976
0.5566
0.9846
0.995
0.99
0.995
0.8396
0.9914
0.9972
0.9968
0.9922
0
0.9974
0
0.9706
0.997
0.775
0
0.8132
0.9814
0.9988
0.7234
0
0.8908
0.9994
0.9966
0.9774
0.9992
0.9984
0.936
0.9948
0.9994
0.9834
0.9998
0.9068
0.9992
0.9994
0.9992
0.9998
0.9748
0.4882
0.9928
0.999
0.9882
0.8722
0.9918
0.7966
0.9994
0.9734
0.9984
0.9966
0.9994
0.9952
0.9998
0.7854
0.9952
0.9974
0.9994
0.9988
1
0.9916
0.992
0.994
6e-04
0.9978
0.9732
0.5042
0.9504
0.9702
0.999
0.9974
0.8908
0.999
0.9872
0.9982
0.9376
0.942
0.992
0
0.904
0.1504
