0.9494
0.9888
0.974
0.9696
0.9928
0.968
0.9882
0.9914
0.99
0.7998
0.9168
0.9832
0.9902
0.9854
0.9772
0.9888
0.9918
0.9776
0.9506
0.972
0.9772
0.9908
0.9862
0
0.265
0.9754
0.931
0.8958
0.9894
0.9904
0.983
0.9704
0.9894
0.9868
0.9914
0.956
0.1138
0.9874
0.9768
0.9892
0.9598
0.9886
0.7318
0.9572
0.9772
0.9898
0.9872
0.9288
0.9322
0.9854
0.9852
0.1522
0.987
0
0.9908
0.9866
0.988
0.9902
0.988
0.9876
0.9842
0.9754
0.9858
0.9762
0.9704
0.9778
0.967
0.9848
0.9856
0.9668
0.992
0.97
0.9826
0.9874
0.9736
0.989
0.9006
0.9854
0.9764
0.9736
0.9726
0.9802
0.9862
0
0.9922
0.9804
0.9734
0.993
0.9908
0.8574
0.9384
0.9902
0.9832
0.9762
0.9748
0.9914
0.993
0.7236
0.979
0
0.9704
0
0
0.9808
0.9904
0.9928
0.8278
0.9812
0.9566
0.9822
0.983
0.9314
0.9716
0.633
0.9776
0.9494
0.9238
0
0
0.9378
0.9854
0
0.993
0.9224
0.9824
0.9466
0.9932
0.9858
0.9572
0.5548
0.425
0.993
0.9868
0.9748
0.9016
0.9904
0.9792
0.9844
0.0402
0.9544
0.8422
0
0.1358
0.9466
0.8414
0.9846
0
0.9788
0.9718
0.8044
0.9204
0.9876
0.9762
0.9942
0.9834
0.9786
0.8624
0.8678
0.9896
0.963
0.9894
0.9658
0
0.9806
0.9678
0
0.981
0.9868
0.9888
0.986
0.8238
0.9504
0.988
0.9926
0.2864
0.989
0.9704
0.9074
0.9912
0.9914
0
0.9818
0.9528
0.9892
0.9558
0.9294
0.971
0.9816
0.9652
0.9622
0.9856
0.9722
0.9674
0.9802
0.9812
0.4156
0.9856
0.857
0.7758
0.992
0.985
0.8588
0.474
0.9936
0.9288
0.9878
0.9892
0.9014
0.9894
2e-04
0.9482
0.9712
0.169
0.7914
0.974
0.9882
0.9696
0.9904
0.7654
0.9886
0.9298
0.989
0.7008
0.9928
0.578
0.9878
0.988
0.9328
0.9186
0.9856
0.9928
0.9406
0
0.9876
0.9904
0.982
0.9868
0.9856
0.9908
0.9844
0.949
0.9914
0.9878
0.9872
0.4962
0.8792
0.7818
0.9926
0.9732
0.9842
0.992
0.9234
0.9282
0.9788
0.9448
0.9654
0.8992
0.9924
0.9798
0.9906
0.984
0.9704
0.8668
0.9788
0.9898
0.5598
0.982
0.9016
0.9872
0.9836
0.074
0.9362
0.975
0.98
0.9612
0.9214
0.988
0.809
0.9896
0.9416
0.254
0.9876
0.9876
0.9854
0.811
0.6262
0.9314
0.985
0.9706
0.9648
0.9552
0.9138
0.964
0.9772
0.9878
0.2182
0.8188
0.9778
0.9908
0.9772
0.9826
0.9616
0.9224
0.9868
0.9838
0.9926
0.984
4e-04
0.9478
0.8946
0.9624
0.2554
0.9892
0.4452
0.9884
0.9426
0.9826
0.991
0.9304
0.9872
0.907
0.669
0.811
0.782
0
0.985
0.9876
0.9832
0.9798
0.9846
0.952
0.9606
0.9132
0.0076
0.9632
0.9812
0.9808
0.9596
0.0312
0.958
0.9734
0.986
0.8354
0.0012
0.99
0.9908
0.9634
0.9916
0.9838
0.9904
0.977
0.9744
0.993
0.94
0.7972
0.99
0
0.9816
0.9914
0.0184
0.0068
0.9818
0.8626
0.9068
0.6296
0.9774
0.576
0.9892
0.9874
0.7692
0.1972
0.971
0.9902
0.983
0.007
0.99
6e-04
0.984
2e-04
0.692
0.9904
0.9366
0.3688
0
8e-04
0.0318
0.9338
0.9198
0.9012
0.1308
0.9764
0.9702
0.9898
0.952
0.9562
0.95
0.9654
0.94
0.9818
0.8594
0.9904
0.7942
0.986
0.9766
0.9906
0.99
0.9828
0.5254
0.9838
0.9274
0.9912
0.9804
0.8778
0.9524
0.4724
0.9626
0.9842
0.9534
0.9936
0.376
0.9344
0.9754
0.9848
0.9896
0.9856
0.5986
0.9834
0.9866
0.9838
0.8916
0.9812
0.138
0.9782
0.825
0.8492
0.0772
0.9906
0.988
0.9796
0.969
0.9898
0.9302
0.04
0.9906
0
0.9894
0.99
0.984
0.9092
0.9664
0.7696
0.987
0.9856
0.9818
0.9546
0.9708
0.9896
0.986
0.9898
0.9806
0.9898
0.9634
0.9858
0.978
0.9684
0.9858
0.9872
0.9882
0.9762
0.9844
0.99
0.8438
0.9898
0.7876
0.992
0.9854
0.9852
0.982
0.9416
0.9896
0.975
0.9882
0.989
0.9852
0.9538
0.9864
0.9896
0.0036
0.9762
0.9884
0.9356
0.9018
0.9766
0.8964
0.9734
0.883
0.9714
0.99
0.6512
0.9504
0.966
0.9888
0.8824
0.9844
0.9942
0
0.9392
0.988
0.972
0.9926
0.9538
0.9834
0.9872
0.9908
0.9584
0.007
0.9826
0.0178
0.0328
0.9896
0.9886
0.9804
0.9882
0.9876
0.9918
0.9874
0.9842
0.9274
0.9906
0.9748
0.9918
0.8962
0.2282
0.8072
0.9718
0.9828
0.2702
0.9802
0.928
0.0062
0.9864
0.9916
0.9836
0.9922
0.9884
0.9672
0.9908
0.9694
0.9844
0.977
0.9874
0.9654
0.9714
0.9848
0.9922
0.99
0.992
0.9456
0.986
0
0.9636
0.0062
0.9862
0.9916
0.9836
0.9866
0.9132
0.952
0.9906
0.9874
0.8016
0.9882
0.9898
0.9126
0.9908
0.9848
0.9878
0.9822
0.9902
0.9892
0.9166
0.9912
0.9922
0.9908
0.9808
0.9872
0.9898
0
0.4052
0.9854
0.9892
0.9884
0.9468
0.9886
0.9642
0.9124
0.3644
0.969
0.9848
0.9814
0.992
0.9332
0.9548
0.9792
0.9924
0.9798
0.977
0.991
0.9904
0.9884
0.99
0.6392
0
0.9834
0.9902
0.5082
0.9754
0.9894
0.9228
0.8726
0.967
4e-04
0.5434
0.981
0.872
0.9818
0.96
0.0012
0.0314
0.9502
0.9744
0.9916
0.0178
0.991
0.9646
0.911
0
0.98
0.9818
0.9838
0.9924
0.9858
0.9838
0.5756
0.9914
0
0.9764
0.9666
0.9732
0.9456
0.9726
0.989
0.982
0.9842
0.9626
0.991
0.9906
0.958
0.967
0.9576
0.9918
0.99
0.9662
0.9396
0.9526
0.9194
0.9862
0.001
0.8406
0.9756
0.99
0.9916
0.9458
0.993
0.9312
0.9842
0.9744
8e-04
0.699
0.9814
0
0.9824
0.9752
0.9892
0.9858
0.9164
0.9848
0.9892
0.99
0.9854
0.9814
0.9912
0.986
0.9808
0.9896
0.992
0.9872
0.9902
0.984
0.972
0.2718
0.9852
0.988
0.9812
0.9712
0.9724
0.9882
0.991
0.897
0.9778
0.9896
0.98
0.9846
0.8522
0.7822
0
0.9894
0.9858
0.9802
0.3842
0.9698
0.3618
0.7942
0.4378
0.988
0.9802
0
0.9806
0.9842
0.9782
0.991
0.97
0.9908
0.991
0.9896
0.9788
0.94
0
0.9078
0.977
0.9848
0.9434
0.987
0.9246
0.9692
0.8314
0.8824
0.987
0.9904
0.989
0.2306
0.9876
0.3622
0.9724
0.6002
0.9918
0.9908
0.9882
0
0.9878
0.9842
0.9852
0.9924
0.95
0.9842
0.9858
0.9886
0.9872
0.9006
0.9534
0.988
0.9678
0.9792
0.9786
0.9346
0.9946
0.9902
0.2038
0.9326
0.9814
0.99
0.9886
0.9876
0.8564
0.9878
0.9734
0.9482
0.9802
0.9002
0.0046
0.9678
0.9916
0.9672
0.9878
0.9912
0.069
0.9752
0.9724
0
0.988
0.9714
0.9896
0.982
0.986
0.9794
0.9702
0.9918
0.991
0.884
0.9842
0.6536
0.9596
0.9896
0.9846
0.9292
0.9866
0.9734
0.9914
0.9688
0.01
0.9886
0.504
0.933
0.9602
0.9838
0
4e-04
0
0.9904
4e-04
0.9886
0.9876
0.8888
0
0.7072
0.877
0.9688
0.6374
0.9564
0.2064
0.9314
0.934
0.9086
0.9426
0.9916
0.9764
0.9524
0.9734
0.9874
0.9768
0.9832
0.0108
0
0.9768
0.6158
0
0.9792
0.9884
0.992
0.9908
0.9854
0.9882
0.5276
0.9762
0.9368
0.8868
0.9824
0.3952
0.9792
0.9558
0.0024
0.982
0.9738
0.752
0.98
8e-04
0.5106
0.9846
0.9892
0.9862
0.9904
0.9914
0.9726
0.2172
0.9824
0.521
0.9892
0.9922
0.8922
0.0478
0.9028
0
0.7168
0.989
0.9904
0.9168
0.9608
0.9376
0.9574
0.9312
0.987
0.9386
0.939
0.9838
0.9898
0.8954
0.9732
0.8946
0.9702
0.9904
0.8286
0.9674
0.9922
0.9872
0.983
0.991
0.9826
0.9788
0.9812
0.9888
0.9892
0.9886
0.8668
0
0.9344
0.9446
0.9594
0.9834
0.9924
0.9802
0.982
0.9914
0.7552
0.9122
0.8832
0
0.9912
0.9696
2e-04
0.983
0.9034
0.9826
0.961
0.9522
0
0.9736
0.375
0.6652
0.982
0
0.9866
0.9404
0.9796
0.9782
0.9752
0.6022
0.9686
0.9836
0.9866
0.8974
0.0952
0.9666
6e-04
0.9874
0.984
0.9816
0.8732
0.9644
0.817
0.989
0.973
0.9816
0.8788
0.9788
0.9846
0.9638
0.969
0.0596
0.899
0.9142
0.9926
0.9184
0.8646
0.9832
0.9866
0.01
0.977
0.9376
0.9886
0.7044
0.985
0
0.9908
0.7418
0.9022
0.9888
0.0104
0.9762
0.9788
0.7058
0.988
0.1494
0.8748
0.9598
0.4322
0.9896
0.7248
0.0026
0.7792
0.9614
0.9876
0.9826
0.97
0.9868
0.9264
0.9778
0.9702
0.5924
0.0486
0.0646
0.9868
0.9846
0.987
0.982
0.9604
0.9764
0.9884
0.9692
0.9868
0.9886
0.957
0.9816
0.924
0
0.9912
0.9768
0.9856
0.9848
0.9712
0.989
0.8644
0.7174
0.9568
0
0.9864
0.9874
0.8738
0.991
0.8024
0.9898
0.2326
0.9334
0.9084
0
0
0.975
0.9852
0.9878
0.9742
0.8278
0.9816
0.9804
0.9878
0.9902
0.9692
0.9758
0.9716
0.2568
0.9884
0.967
0.9752
0.9836
0.9314
0.9908
0.9822
0.9702
0.9854
0.983
0.0028
0.9884
0.9854
0.9878
0.061
0.9316
0.0854
0.0176
0.9712
0
0.9632
0.9902
0.9892
0.9716
0.991
0.9232
0.9888
0.9308
0.1978
0.9602
0.9864
8e-04
0.9876
0.9896
0.9888
0.986
0.9872
0.9896
0.9908
0.9912
0.9772
0.9358
0.9868
0.9824
0.9172
0.9882
0.963
0.9912
0.9308
0.9876
0.9818
0
0.9886
0.9918
0.9898
0.991
0.9904
0
0.937
0
0.9716
0.9932
0.9882
0.7328
0
0.988
0.9862
0.9914
0.2344
0.9848
0.9642
0.9832
0.983
0.9548
0.9848
0.9928
0.9848
0.9772
0.7952
0.99
0.9474
0.962
0.9878
0.9936
0.9918
0.9584
0.9792
0.0024
0.9894
0.3946
0.9898
0.979
0.9904
0.9752
0.9714
0.9844
0.9888
0.905
0.9872
0.9932
0.9906
0
0.825
0.9534
0.9874
0.9914
0.9064
0.9344
0.96
0.959
0.983
0.9894
0.987
0.9908
0.9818
0.9916
0.6256
0.9786
0.991
0.9836
0.4054
0.9906
0.9854
0.9912
0.2054
0.987
0.9744
0.9716
0.9114
0.9886
0.9844
0.9906
0.9878
0.9914
0.9886
0.9256
0.9876
0.9878
0.9902
0.9874
0.9628
0.9914
0.97
0
0.9826
0.9866
0.9692
0.9892
0.9858
0.9886
0.9724
0.9902
0.9882
0.9772
0.9866
0.9866
0.9668
0.9044
0.9894
0.974
0.9772
0.994
0.9884
0.9882
0.9888
0.9826
0.986
0.9796
0.9882
0.976
0.9788
0.9734
0.8982
0
0.911
0.99
0.9948
0
0.9896
0.915
0.937
0.6532
0.6076
0.9844
0.9848
0.8238
0.984
0.9806
0.9876
0.991
0.9526
0.9806
0.9928
0.9604
0.9388
0.9904
0.9226
0.1898
0.9894
0.9924
0
0.9842
0.9164
0.9918
0
0.991
0.2304
0.989
0.987
0.9892
0.9866
0.9714
0.9838
0.9906
0.9828
0.0028
0.9788
0.9776
0.986
0.9864
0.99
0.9786
0.9808
0.9778
0.5508
0.99
0.972
0.9904
0.9882
0.6332
0.9438
0.9636
0.9916
0.9584
0.981
0.2078
0.6598
0.9702
0.962
0.9828
0.986
0.9906
0.9764
0.992
0.9854
0.9888
0.1948
0.9886
0.987
0.9264
0.9878
0.991
0.988
0.9458
0.9728
0.9604
0.9902
0.9834
0.9874
0.9916
0.9894
0.988
0.9858
0.9684
0
0.9528
0.9858
0.9906
0.9922
0.9884
0.9596
0.9728
0.844
0
0.978
0.9878
0.9846
0.9818
0.9788
0.9832
0.9872
0.9944
0.7806
0.9834
0.1166
0.916
0.9818
0.969
0.9854
0.9932
0.9464
0
0.9748
0.99
0.9918
0.9716
0.976
2e-04
0.9694
0.9844
0.9914
0.1546
0.9888
0
0.992
0.9886
0.0036
0.0222
0.9894
0.9878
0.1802
0.8574
0.9882
0.9764
0.958
0.9876
0.987
0.8574
0.9864
0
0.9858
0.8914
0
0.9668
0.9842
0.9906
0.9844
0.9662
0.9872
0.968
0.9836
0.9684
0.99
0.9852
0.975
0.5536
0.922
0.9866
0.9862
0.9628
0.987
0.9814
0.9438
0.9816
0.9262
0.9788
0.9782
0
6e-04
0.9916
0.9822
0.9886
0.9834
0.9854
0.9892
0.9894
0.991
0.9588
0.9904
0.9914
0.9842
0.991
0.9856
0.9844
0.9754
0.982
0.9926
0.9892
0.9906
0.965
0
0.0022
0.987
0.9902
0.9834
0.9916
0.9862
0.9894
6e-04
0.991
0.9914
0.1702
0.9854
0.9804
0.969
0.9746
0.9896
0.9918
0.965
0.9834
0.989
0.9638
0.7728
0.5136
0.8314
0.2496
0.934
0.9592
0.9806
0.9822
0.9928
0.9756
0.7892
0.9868
0.989
0.9908
0.987
0.9542
0.9868
0.9886
0
0.002
0.9834
0.6708
0.9678
0.9918
0.976
0.9708
0
0.991
0.9908
0.9912
0.9886
0.9874
0.9866
0.985
0.9912
0.979
0.9528
0.988
0.0052
0.9896
0.9892
0.982
0.9842
0.983
0.5422
0.9906
0.9804
0.98
0.9056
0.9614
0.8116
0.977
0.9656
0.2232
0.9872
0.9898
0.9916
0.9852
0.9922
0.9896
0.003
0.9896
0.9002
0.9896
0.9832
0.9884
0.0624
0.9858
0.9908
0.6196
0.9818
0
0.9834
0.022
0.9368
0.9794
0.9916
0.9792
0.9638
0.9904
0.1686
0.9872
0.975
0.99
0.9802
0.9822
0.948
0.8038
0.9758
0.9774
0.949
0.9826
0.9828
0.991
0.9856
0.8346
0.0058
0.9886
0.0966
0.939
0.9908
0.7718
0.9698
0.9888
0.9884
0.0342
0.9714
0.9882
0.9902
0.9848
0.9826
0.9896
0.9758
0.9844
0.982
0.9854
0.9906
0.579
0.9826
0.6464
0.9832
0.9904
0.9938
0.9728
0.9814
0
0.9914
0.9896
0.987
0.9792
0.8236
0.9914
0.7992
0.9768
0.9872
0.9548
0.9624
0.9862
0.9908
0.9914
0.9882
0.9808
0.9872
0.9922
0.9388
0.9916
0
0.972
0.894
0
0.7136
0.9924
0.985
0.9714
0.974
0.909
0.52
0.0398
0.9826
0.989
0.9888
0.9556
0.0406
0.9882
0.9834
0
0.9844
0.9584
0.4432
0.8808
0.9926
0.9896
0.9918
0.8828
0.042
0.9602
0.9776
0.9816
0.9822
0.6868
0.8636
0.9846
0.9214
0.9918
0.9812
0.9894
0
0.9286
0.9894
0.9764
0.9666
0.99
0.9894
0.0016
0.9792
0.991
0.9896
0.9874
0.9458
0.9544
0.9728
0.9902
0.9876
0.079
0.9836
0.989
0.9906
0.9892
0.9798
0.976
0.9858
0.9748
0.9838
0.9894
0.0604
0.9904
0.9892
0.9794
0.9078
0.9764
0.9546
0.9858
0.971
0.9838
0.9038
0.983
0.9842
0.9866
0
0.985
0.394
0.9028
0.984
0.9774
0.934
0.9898
0.9832
0.9828
0.988
0.9914
0.9864
0.1156
0.9902
0.9758
0.9804
0.9904
0.9854
0.9868
0.9828
2e-04
0.943
0
0.9866
0.9908
0.9846
0.1556
0.6856
0.9882
0.9672
0.99
0.9852
0.9922
0.8654
0.9916
0.9864
0.9912
0.93
0.987
0.9892
0.9844
0.9854
0.0072
0.9744
0.9562
0.9794
0.9838
0.976
0
0.9196
0.9896
0.981
0.9508
0.9868
0.9834
0.9812
0.9654
0.9916
0.9858
0.9866
0.9588
0.5166
0.9878
0.9822
0.986
0.9882
0.9838
0.9796
0.0364
0.9846
0.987
0.989
0.9712
0.9894
0.941
0.9722
0.9874
0.9744
0.9544
0.9718
0.9802
6e-04
0.9846
0
0.5546
0.9646
0.832
0.9642
0.1578
0.9858
0.9758
0.9666
0.86
0.9856
0.9732
0.9888
0
0.988
0
0.9728
0.8254
0.9856
0
0.985
0.9528
0.9904
0.8412
0.983
0.2064
0.8814
0.9904
0.985
0.9874
0.9638
0.9026
0
0.985
0.9818
6e-04
0.981
0.9728
0.8048
0.3314
0.9796
0.9826
0.9376
0.9394
0.9348
0.9608
0.964
0.941
0.3884
0.9526
0.9312
0.986
0.8594
2e-04
0.9788
0.9766
0.0778
0.9792
0.9718
0.8878
0.5718
0
0.9816
0.9898
0.8598
0.9786
0.9868
0.976
0.9712
0.9734
0.982
0
0.982
0.988
0.9872
0.9786
0.9252
0.965
0.8792
0.0552
0.9544
0.9888
0.947
0.7416
0.4748
0.9888
0.78
0.9566
0.6086
0.9858
0.9714
0.9888
0.0266
0.9596
0.8658
0.9476
0.958
0.9632
0.102
0.2058
0.9792
0.9628
0.9124
0.9654
0
0.8758
