0.9636
0.0144
0.4728
0.0996
1
0.2922
0.2438
0.8308
0.1918
0.3504
0.1258
0.073
0.8246
6e-04
0.0026
0.0056
0.0988
1
8e-04
0.0252
0.0576
0.0034
0.0112
1
0.0026
1
0.9366
0.0018
0.007
0.0766
0.0218
0.2456
0.0496
0.9618
0.1064
0.048
0.0032
0.987
0.022
0.9722
0.9996
0.9998
0.0102
0.4122
0.9776
0.0274
0.9936
1
0.013
0.0868
0.0184
0.0848
0.012
0.003
0.136
0.0036
1
0.0036
0.1552
0.0032
0.8722
0.5706
0.2106
0.012
0.004
0.0018
0.0076
0.0724
8e-04
0.5554
0.3038
1
0.9822
1
0.071
0.0334
0.231
0.0082
0.0584
0.062
0.0044
0.0492
0.002
0.289
0.0888
0.1232
0.0676
0.9936
0.6872
0.009
0.005
0.3006
0.0136
0.0958
0.9974
0.0168
0.1854
0.0156
0.979
0.071
0.0182
0.5986
0.0114
0.1572
0.1192
0.562
0.063
0.9966
0.0112
0.2218
1
0.0044
0.0086
0.1946
0.0094
0.1616
0.2538
0.0096
0.0136
0.0028
0.7372
1
0.9998
0.6648
0.38
1
0.805
0.9664
0.3102
0.0098
1
0.0046
0.009
0.6982
0.1518
0.2862
1
0.0148
0.0142
0.6844
0.0156
0.0282
0.1338
0.0024
0.8776
0.01
0.1416
0.971
0.013
0.026
0.029
0.9754
0.2776
0.6476
0.9366
0.9058
0.0334
0.025
0.0014
1
0.0094
0.0118
0.007
0.0202
0.9792
0.0152
0.0196
0.0196
0.177
0.0102
0.1128
0.939
0.0178
0.0054
0.1464
0.5046
0.0118
0.1204
0.015
0.6314
0.8924
0.2402
0.8802
0.9044
0.0098
0.004
0.9206
0.003
0.0262
0.0118
0.0206
0.0062
0.217
0.0054
1
0.0274
0.9762
0.0452
0.862
0.0348
0.0416
0.0202
0.2804
0.2456
0.6006
0.981
1
0.0406
0.0482
0.0236
1
0.0268
0.9994
0.081
0.0566
0.0384
0.9326
0.1372
0.0244
0.6442
0.3618
0.0646
0.0842
0.9926
0.0188
0.2968
1
0.0154
0.9998
0.0424
0.052
0.0032
0.9992
0.1886
0.0088
0.0052
0.0832
0.9998
0.0168
0.0628
0.0506
0.3034
0.858
0.1768
0.551
0.3228
0.1542
0.0168
0.291
0.0106
0.1712
0.935
0.997
0.0022
0.8696
0.6706
0.0066
0.0742
0.3954
0.7698
0.7168
0.102
0.0442
0.9998
0.3888
0.7036
0.384
1
0.1804
0.0606
0.0814
0.0058
1
0.0484
0.026
0.0058
8e-04
0.3252
0.0116
0.9998
0.027
0.6762
1
0.1936
0.9844
0.073
0.9408
1
0.2242
0.0104
0.2104
0.8416
0.207
0.0294
0.111
0.1824
0.0042
0.012
0.3564
0.0282
0.6214
1
0.025
0.0408
0.2836
0.97
0.8732
0.9972
1
0.0302
0.3578
0.0316
0.073
0.0956
0.042
0.001
0.0198
0.996
0.277
0.9868
0.0036
0.3278
0.9794
0.054
0.0028
0.2594
0.0034
0.0224
0.0024
0.0798
0.8002
0.0164
0.0194
0.0676
0.0452
2e-04
4e-04
