0.0078
0.0282
0.0852
0.054
0.015
0
0.0012
0.0244
0.0448
0.092
0.0802
0.0328
0.014
0.0148
0.0976
0.0396
0.011
0.0064
0.0016
0
0.0502
0.0016
0.0462
1
0.999
0.0634
0.0448
0.9998
0.005
0.0024
0.0154
4e-04
0.0098
0.1474
0.0248
0.1002
0.9998
0.0712
2e-04
0.019
0.0284
0.0084
0.0064
0.2754
0.0434
0.0088
0.0136
0.2518
0.0226
0.0534
0.0058
1
0.0352
1
0.0302
0.0038
0.02
0.0232
0.1504
0.023
0.0176
0.1062
0.0572
0.0742
0.0346
2e-04
8e-04
0.0728
0.004
0.2132
0.0302
0.3036
0.0026
0.0024
0.0022
0.008
0.0024
0.0434
0.048
0.0732
0.008
0.2562
0.08
1
0.0382
0.0608
0.164
0.0062
0.025
6e-04
0.1846
0.007
0.0224
0.0116
0.0646
0.0102
0.007
6e-04
0.0302
1
0.0038
1
1
0.0902
0.0058
0.0088
0.0098
0.0394
0.2456
0.0152
0.0464
0.1702
2e-04
0.0604
0.0018
0.0436
0.0106
1
1
0.0014
0.0016
1
8e-04
4e-04
0.0808
0.0608
0.0084
0.0084
0.0592
0.897
0.9986
0.0042
0.0118
0.256
0.1214
0.0554
0.0774
2e-04
0.0046
0.0074
0.1432
1
0.9922
0.002
0.0106
0.0048
1
0.0592
0.0802
0.007
0.1482
0.0018
6e-04
0.0142
0.0032
0.0036
0.0036
0
0.0204
0.1138
0.0098
0.0034
1
0.0014
0.0202
0.9774
0.0916
0.0022
0.0196
0.0014
0.006
0.0086
0.057
0.0052
0.7248
0.0012
0.002
0.1498
8e-04
0.008
1
0.003
0.9936
0.019
0.1752
8e-04
0.0864
0.0208
0.855
0.0836
0.0024
0
0.051
0.004
0.0056
2e-04
0.0638
0.0012
0.0036
0.007
0.0074
0.7056
0.9612
0.0038
6e-04
0.0048
0.0052
0.0022
0
1
0.0654
0.0016
0.9974
0.0012
0.0068
0.0112
0.002
0.0526
0
0.02
0.0024
0.0042
2e-04
0.0034
0.9966
0.0042
0.0016
0.003
8e-04
8e-04
0.0026
0.0022
1
0
0.0056
2e-04
0.0012
0.003
0.0224
0.0306
0.0012
0.0026
0.018
0.0176
0.0016
0.1102
2e-04
0.0224
0.0084
0.0038
0.0038
0.0246
2e-04
0.001
0.001
0.001
2e-04
0.003
2e-04
0.001
0.0018
6e-04
0.001
2e-04
0.022
0.9246
0.0374
0.2042
8e-04
4e-04
1
2e-04
6e-04
4e-04
0.3412
0.0278
0.0024
0
0.0014
0.0014
1
0.0382
0.0094
4e-04
2e-04
0.787
0
0.008
0
0.0032
0.0028
0.0198
0.002
4e-04
0.0036
0
0.2094
0.0448
0.0082
0.0054
0.0206
0.0016
0
0.031
0.0786
0.0098
0.0052
1
4e-04
0
0.001
1
0.0054
0.0018
0.0028
0.3744
0.0754
0.0168
0.0248
0.0068
6e-04
0.0052
0
0.088
1
4e-04
0.0024
6e-04
2e-04
0.0034
2e-04
0.0298
4e-04
0.9398
4e-04
0.0392
0.0012
2e-04
0.0012
0
0.0284
0.0098
0.9818
1
0.0128
0.0264
0.0018
0.0024
2e-04
0.006
0.0014
0.002
0.0176
0.0996
0.9996
0.009
1
0.0524
0.0154
0.0012
0.0022
0.0166
0.0032
6e-04
0.003
0.0276
0
0.0052
0.052
0.144
0.0078
0.0014
0
0.0014
1
0.019
1
6e-04
0.9858
0.001
0.0016
0.3556
0
1
1
0.004
8e-04
0.4806
0.0026
0
0.0136
0.1152
0.0182
0
0.0024
0.0058
4e-04
0.956
2e-04
0.9988
0.0018
0.001
0.001
0.03
0.0048
0.0302
0.0014
0.0096
0.0066
4e-04
0.0066
0.0018
0.0038
0.2896
0.0028
4e-04
0.0026
0.544
0.016
2e-04
0.0092
4e-04
8e-04
0.021
0.0016
2e-04
0.0326
0.0024
0.3648
0.001
0.0024
1
4e-04
6e-04
0.0012
0.9022
0.0288
0.0084
0.022
0.0462
0.0018
2e-04
1
0.0148
1
0.0168
0.0316
0.054
0.1368
0.2204
0.0016
0.0022
0.0014
8e-04
0.1354
6e-04
0.0026
0.0134
0.0236
0.001
0.0092
0.3262
0.0042
8e-04
0.0062
0.0534
0.0102
0.1452
0.0714
0.004
0.0048
2e-04
0.0226
8e-04
0.0198
0.0322
0.0292
0.0014
0.164
0.031
0.0026
0.0012
0.0028
0.0104
0.004
0.0048
0.0014
1
0.0432
0.0684
0.0038
0.0124
0.0196
0.001
0.0134
0.9996
4e-04
0.0012
0.8794
0.0028
0.117
0.0102
0.9992
0.1112
0.0202
1
8e-04
0.0178
0.4466
0.0048
0
0.0538
0.0182
0.0018
4e-04
1
0.0228
1
0.9998
0.004
0.0692
6e-04
0.021
0.0046
0.0172
0.0012
0.0012
8e-04
0.0038
4e-04
0.0136
0
1
0.0016
0.0802
0
0.999
0.0024
0
0.9924
0.0012
0.0022
0.002
0.0018
0.084
4e-04
0.0076
0.0396
0.023
0.0398
0.005
0.2174
0.002
0.0464
0.005
0.0428
0.0116
6e-04
0.056
1
0.0028
1
0.02
0.0028
0.0012
0.0054
4e-04
0.3276
0.0178
0.0098
0.9184
0.0054
0.0266
0.0062
0.0038
0.0078
0.0576
0.0038
0.0022
0.0302
0.0014
0.0176
0.007
0.0294
0.0022
0.0196
0.0012
1
0.0094
0.176
0.0026
0.0024
0.3716
0.0018
0.0434
0.0224
1
0.0118
0.008
0.0084
0.006
0.0054
8e-04
0.1378
8e-04
0.0918
0.0212
0.0138
0.0084
6e-04
0.0018
0.0056
1
0.0222
0.153
0.916
0
0.0016
0.0012
0.0026
0.0072
1
0.014
0.7662
0.3108
0.0056
0.0026
1
1
0.277
0.003
0.0096
0.9996
0.0016
0.0048
0.0034
1
0.0028
0.0768
4e-04
0.0258
0.0072
0.002
0.0082
0.0042
1
0.1562
0.0128
0.0012
6e-04
0.0012
0.0118
0.006
0.004
0.0042
0.0046
0.0018
0.0032
6e-04
0.006
0.0112
0.0248
0.0322
0.1612
0.0012
0.0078
0.0196
1
0.001
0.2728
0.0016
0.0056
0.001
0.0104
0.0044
0.0692
6e-04
1
0.9994
0.0024
1
0.0044
0.0674
0.1098
0.0028
2e-04
0.0022
0.0052
0.012
0.0496
8e-04
0.0088
0.0022
8e-04
0.0064
0.0024
0.0408
0.007
0.0042
0.0044
0.9996
6e-04
4e-04
0.0014
0.0058
0.0242
0.0016
0.0416
2e-04
0.0014
0.0056
0.0042
0.0046
0
0.1398
1
0.009
0.27
0.0056
0.0306
0.013
0.9992
0.0072
0.9968
0.003
0.0628
1
0.0906
0.0024
8e-04
0.0456
0.1076
0.0232
0.0044
0.0064
0.0336
0.1092
1
0.1212
0.0296
0.0036
2e-04
0.0442
0.686
0.0042
0.0046
0.0018
0.0082
0.0062
0.0282
4e-04
0.0662
0.0018
0.7806
0.9938
0.0042
0.0638
0.003
1
0.0082
0.003
0.0966
0.036
0.0646
0.0182
0.0104
0.005
0.0098
4e-04
4e-04
0.0362
0.0164
8e-04
0.0138
0.0056
0.0144
0.0026
2e-04
0.0198
0.008
0.02
0.0016
0.0554
6e-04
4e-04
0.0026
0
8e-04
0.0144
1
0.1752
0.001
0.0466
0.0134
0.0176
0.9984
0.0046
0.003
1
0.0018
0.0052
0.0398
0.003
0.0016
0.0018
0.058
0.0074
0.0054
2e-04
0.0018
1
0
0.0074
0.0152
0.0024
0.0016
0.0198
0.0018
0
1
0.0018
1
2e-04
6e-04
4e-04
1
1
1
0.0028
1
0.002
0.0012
0.005
1
0.0018
0.0016
0
1
0.0502
1
0.0202
6e-04
0.016
0.0606
0.0068
0.0084
0.9028
0.0796
2e-04
0.0032
8e-04
1
1
0.0066
8e-04
1
0.0266
0.0078
0.0034
0.0044
0.0018
0.0054
0.9964
0.0012
0
0.1884
0.0478
0.9992
0.002
0.8466
1
0.0292
0.0016
0.7456
0.0024
1
0.3672
8e-04
0.0206
0.0012
0.0156
0.0076
0.3724
0.999
0.0012
6e-04
0.061
0.1178
4e-04
0.035
2e-04
1
0.9996
0.003
8e-04
0.0012
0.687
2e-04
0.002
0.0122
0.0502
0.0064
0.001
0.0142
0.0498
0.1168
0.133
0.003
0.0014
0.0208
0.0016
2e-04
0.026
0.0232
8e-04
0.0172
0.011
6e-04
0.0032
0.005
0.0558
0.0016
0.0068
1
0
2e-04
0.0516
0.0016
0.0164
0.021
0.0348
0.0184
6e-04
4e-04
0
1
0.0272
0.1814
1
0.0354
0.0628
8e-04
4e-04
0
1
0.001
1
0.8876
0.0012
1
0.035
0
0.0022
0.001
4e-04
4e-04
4e-04
6e-04
0.0492
0
1
0.0046
1
0.0014
2e-04
0
4e-04
0.0024
0
2e-04
2e-04
0.0624
4e-04
0.0032
0.0018
0.0016
8e-04
0.5124
0.9962
0
0.0092
0.002
0.1388
0.001
0.0034
1
4e-04
4e-04
0.0012
0.0768
0.0268
1
0.0472
8e-04
0.001
0.0214
1
2e-04
0.0012
0.0052
0.0012
2e-04
4e-04
0.1124
0.9998
0.011
0
1
0.0906
0.1184
0.0064
0.0012
4e-04
0.093
0
0.0014
0.0258
2e-04
1
4e-04
0.002
4e-04
6e-04
0.0018
4e-04
0.003
0.021
0.0012
0.0172
0.0038
0.001
6e-04
0.0076
1
0.0054
0.077
8e-04
0.0036
0.0032
0.015
0
0.002
0.0084
0.1254
0.0118
0.001
0.0798
0.083
0.9582
0.0056
8e-04
0
0
1
0.5414
0.0466
0.0078
0.0448
0.0046
0.0434
0.0296
0.6992
0.0024
0.0032
0.8228
0.0052
0.9794
0.9792
6e-04
0
0.0022
2e-04
0.0662
0.0176
0.0682
0
0.001
0.0012
0.0232
0.0052
0.001
0.0036
1
0.011
0.99
1
0.013
1
0.0584
0.0112
0.0012
0.08
0.003
2e-04
0.0038
0.0928
0.9912
0.9858
0.0056
1
0.0014
0.0166
0.004
0
0.004
0.0026
0.0018
0.0112
8e-04
8e-04
0.0078
2e-04
0.0018
0.0542
0.001
8e-04
2e-04
0.0874
0.001
1
0.0032
0.0134
0.0016
0.0028
0.0022
1
0.0608
0.0212
0
0.0076
0.008
0.998
1
0.0016
0.028
0.0164
0
0.0034
0.0032
0.001
4e-04
0.0728
0.0016
0.0056
0.097
0.0032
0
0.014
0.002
0.0012
2e-04
0.0216
0.006
0.062
0.0016
1
0.0018
1
0.0074
0.0012
0.0052
4e-04
0
0.0134
0.0016
0.0014
0.0206
0.0042
0.002
1
6e-04
0.9986
0.0016
0.0154
2e-04
0
0.1278
8e-04
0.0048
4e-04
4e-04
0.0052
0.0228
0.0234
1
0.0292
0.013
8e-04
0.0092
0.0192
0.0054
0.002
1
0.002
0.0536
0.0018
0.1228
0.0302
0.0106
0.0516
0.001
0.0056
0.0422
0.0028
0.0028
0.0776
0.0188
0.0048
0.0024
0.0106
8e-04
1
0.0028
0.0016
2e-04
0.0038
0.0014
0.0038
2e-04
0.0106
0.0018
0.0062
0.0056
0.0016
0.0016
0.233
0.0102
0.001
8e-04
0.005
0.0018
0.0038
2e-04
0.101
0.012
0.0018
6e-04
8e-04
0.1404
0.0372
0.1162
1
0.0108
0.0014
0.0304
1
0.0394
0
0.001
0.0178
0
0.0016
0.0892
0
0.0094
0.0024
0.008
0.011
0.153
6e-04
0.0048
0.0014
4e-04
0.0358
0.6968
1
0.0512
0.0118
1
0.0046
0.9954
0.0012
1
0.0052
1
0.0012
0.001
0.0124
0.0268
8e-04
0.0122
0.0086
0.001
1
0.0272
0.0016
0.002
0.066
0.0164
6e-04
0.0012
0.0064
1
0.0102
2e-04
8e-04
0.0024
2e-04
0.143
0.1442
0.0542
2e-04
0.0052
1
0.0016
0.002
0.1346
8e-04
0.0016
0.0048
6e-04
0.0102
4e-04
0.0036
0.9992
0.0014
0.0018
2e-04
0.0082
0.0016
0.0064
6e-04
0.0024
0.003
0.0026
0.0076
0.0018
0.002
0.013
0.0012
0.4986
0.1748
1
0
0.025
0.0068
0.0054
0.0024
8e-04
4e-04
0.005
1
0.0098
0.007
0.043
0.0862
0.0118
2e-04
2e-04
0.0122
0.258
0.0706
1
2e-04
2e-04
6e-04
0.0428
0.0058
0
1
2e-04
0.0012
0.0064
0.2334
2e-04
1
8e-04
0.0014
0.012
1
0.0016
1
0.016
0.002
1
1
0.013
0.0016
0.9982
0.0022
0.0016
0
2e-04
0.0034
0.0788
6e-04
0.0022
1
0.006
0.4222
1
0.0042
0.0022
0.0036
8e-04
0.2562
0.0012
0
0.1346
0.0118
0.0142
0.0324
0.0016
1
0.6158
0.0042
0.0256
0.0038
0.0028
0.0184
4e-04
6e-04
0.2202
0.0314
8e-04
0.9996
1
0.0062
0.1086
0.0642
0.0032
0.0024
0.0316
0.0014
4e-04
2e-04
0.0102
0.0174
8e-04
0.0086
0.0338
0.0308
0.0938
0.002
0.0166
0.0252
0.007
0.0068
1
1
0.0196
6e-04
0.0012
0.003
0.04
0.0026
0
0.0172
0.046
2e-04
0.1016
0.1502
0.0144
0
0.002
0.022
2e-04
4e-04
0.0086
0.0258
0
0.0012
0.2446
1
0.0014
0.004
0
0.0116
0.003
2e-04
0.0024
0.0012
0.0046
0.014
0.0682
2e-04
0.0034
0.0012
1
1
0.0018
0.0012
0.052
0.01
4e-04
2e-04
1
0.0064
0.013
0.0032
0.0056
0.0048
0.0018
0.0014
0.039
0.011
0.9322
2e-04
1
0.0152
0.0256
2e-04
0.0038
0.2722
0.9998
0.0046
0
0.1678
2e-04
0.0012
0.1494
4e-04
0.0016
1
0.0408
0.0046
0.0562
0.017
0.001
8e-04
1
0.0032
4e-04
0.0058
0.0532
0.0042
6e-04
0.053
0.007
2e-04
4e-04
1
0.0604
1
0
0.0044
0.0128
8e-04
0.1164
0.0042
0
0.0158
8e-04
0.0406
0.0014
0
0.1958
2e-04
0.0292
0.0044
2e-04
0.0996
0.913
0.0026
0.0082
4e-04
1
6e-04
1
0
0.001
0.9522
0.0666
0.013
0.0056
1
0.8052
6e-04
0.0018
0.0176
0.285
0.0058
0.968
0.0124
0.1584
6e-04
0.0084
0.9998
0.0014
0
0.0024
0.0014
0.0262
0.0046
0.0028
1
0.0038
0.0368
0.0382
4e-04
0.9968
0.004
0.9988
0
0.0114
2e-04
2e-04
0.0304
0.008
0.0226
0.0016
0.1446
0.0014
6e-04
0
0.0064
1
4e-04
0.757
1
0.9946
0.0064
0.0072
6e-04
0.0108
0.0164
1
1
0.0438
0.0032
0.0274
0.0524
1
0.0012
2e-04
1
0.0184
0
1
0
0.0024
0.0472
0.072
0
1
0
4e-04
0.4176
0.0536
0.001
0.0016
0.0016
0
0.0126
0
0.0292
1
0.001
0.0022
0
0.0022
0.0178
0.001
1
0.0042
0.027
0.009
8e-04
0.1164
0.004
0
0.0254
0.003
1
0.0324
0.0148
0.0018
0.0034
0.6892
8e-04
0.0016
0.0016
0.0012
0.095
0.9998
0.0036
0.0182
0
0.9998
0.0016
2e-04
0.0044
0.7022
0.0014
0
0.17
0.001
0.0184
1
6e-04
0
4e-04
0.0142
0.002
2e-04
0.018
0.08
4e-04
0.0418
0.002
6e-04
1
0.0054
8e-04
0.0568
0.0054
6e-04
0.1556
6e-04
1
0.001
1
0.002
0.0126
8e-04
1
4e-04
0.001
4e-04
0.0462
6e-04
0.0878
0.2656
0.0274
0.002
0.003
0
0.0396
0.0012
0.0024
0.012
0.996
0.003
2e-04
0.0016
0.0034
0.0066
1
0.999
0.0034
0.0012
0.2406
0.001
0.002
0.0018
0.079
0.006
0.0016
0.0074
0.0012
0.9994
0.004
6e-04
0.001
0.004
0.0456
0.0214
1
6e-04
0.0566
0.0016
4e-04
0.005
4e-04
0.0416
0.0018
0.0016
0
0
6e-04
1
0.0522
1
0.0052
0
0
0.2972
0.0058
0.0012
0
6e-04
0.0012
2e-04
0.3594
0.0012
1
0.0072
1
6e-04
0.991
0.0016
1
4e-04
2e-04
0.0278
0.941
0.0018
0
0.9984
0.0018
0.0016
6e-04
0.0014
0
1
0.0084
0.0492
1
0.0014
2e-04
0.0614
0
0.0178
4e-04
2e-04
0.0088
6e-04
2e-04
0.0118
0.001
0
2e-04
0
0
0
0.0014
0
0.0028
0
6e-04
8e-04
0.9696
4e-04
1
4e-04
8e-04
0
0
0.003
8e-04
2e-04
0
0.0016
1
0.0022
0.0104
0.0034
0.0064
0
0
0.663
0.9932
2e-04
0.003
0.001
0
0.0026
0.0054
4e-04
4e-04
0.9996
0.0522
0
0.0018
8e-04
0
0
0.8448
0.001
0
1
0.0186
0.0018
2e-04
0
6e-04
1
0
