0.476
0
0.8348
0.0064
0
0
0.371
0.9098
0.9996
0.8124
0
0.909
0.7226
0.871
0.47
0
0.9852
0
0.9626
0.0036
0.99
0.9978
0.7034
0
0.9956
0.9998
0.7434
0.8846
0
0
0
0.98
0.6474
0
0.9872
0.0014
0.6196
0.9868
0.613
0.0124
0.9054
0
0.6232
0.9984
0.9862
0.8418
0
0.997
0
0
0.9404
0.9228
0
0.9828
0.9906
0.9682
0.582
0
0
0.9956
0.999
0.9732
0.8512
0.9992
0.813
0.5592
0.9998
0
0.9398
0.9996
0.0048
0.904
0.9986
0
0.1902
0.9198
0.993
0.8812
0.9982
0.875
0.974
0
0.2104
0.9988
0.9596
0.9192
0.7422
0.8176
0.0858
0.456
0.8716
0
0.4598
0.9576
0.9964
0.938
0
0.0274
0.9922
0.9186
0.8558
0
0.9722
0.9998
0.9582
0
0.8074
0.047
0.9876
0
0
0
0.9688
0
0.9826
0.9214
0.0164
0.0552
0.9996
0
0
0.8856
0.9964
0.9308
0.0038
0.0722
0.9356
0.9726
0.985
0.9674
0
0.0026
0.983
0.9862
0.1296
0
0
0
0.9564
0
0.983
0.9958
0.9642
0
0.9976
0.8914
0.9986
0.3924
0.0322
0.0014
0.9944
0
0
0
0.8582
6e-04
0.9948
8e-04
0.9564
0.848
0
0
0.971
0
0.849
0.9998
0.9552
0
0
0.9988
0.9994
0.859
0.9796
0.2608
8e-04
0
0
0.9968
0
0.998
0.8714
0.9994
0.8792
0.4996
0
0.9916
0.999
0.9198
0.993
0.377
0.0228
0.7426
0.995
0
0.0138
0.9842
0.8512
0.9972
0.0138
0.9998
0.9816
0
0.979
0.8378
0.0456
0.9932
0.9648
0
0.3916
0.694
0.9424
0.9084
0.0218
0.417
0.983
0.2186
0.899
0.4718
0.8522
0.9802
0.0346
2e-04
0
0.9412
0.4686
0.03
0.8676
0
0
0.993
0.9948
0.9422
0.0012
0
4e-04
0.5632
0.2672
0.8824
0
0
0.7132
0.6698
0.7998
0.0022
0.8336
0.7234
0.9948
0.3712
0.2514
0.7136
0.9994
0.9358
0.6222
0.922
0.4954
0.9926
0.8686
0.787
0.008
0.129
0.0866
0.8138
0.4706
0.578
0.8944
0.9836
0.9176
0.8638
0.1536
0.9518
0.9802
0.998
0.8412
0
1
0.003
0.9784
0.8264
0.0734
0.0718
0.9778
0.7754
0.8666
0.0098
0.8312
0.8374
0
0
0
0.9676
0.9248
0.99
0.9912
0.9362
0.984
0.9634
0.9508
0.9826
0
0.0194
0.264
0
0.9108
0.9948
0
0.996
0.9722
0
0.9174
0
0.5412
0.7828
0.9826
0.1732
0.7072
0.8114
0.4452
0.9776
0.9976
0.9984
0.9992
0.0222
0.5462
0.814
0.993
0.8864
0.3262
0.862
0.8652
0
0.0132
0.9994
0.7462
0.9646
0.9106
0.9518
0.8958
0.5798
0
0.6814
0.8524
0.9846
0.9994
0.977
0.999
0.9788
0.9978
0.6308
0.9852
0.944
0.8076
0.884
0.2038
0.568
0.8938
0.9962
0.8414
0.9962
0
0.4272
0.7578
0.9972
0.0132
0.9956
0.9958
0
0.9854
0
0
0.6504
0.9886
0.9948
0.8944
0.2536
0.0012
0.9978
0
0
0.9996
0.026
0.0718
0.8754
0.9444
0.8606
1
0.0012
0.8726
0.98
0.7226
0.0554
0.2558
0.9682
0.9934
0.9874
0.955
0.9648
0.6034
0.9482
0.99
0.9288
0.9768
0
0.9984
0.816
0.998
0.025
0.2664
0.9994
0.9984
0.99
0.9204
0
0.9994
0.9706
0.9454
0.9898
0.1432
0.1726
0.984
0.9384
0.983
0.0032
0
0.8876
0.9958
0.9988
0.9992
0.746
0.986
0.8726
0.977
0.9958
0
0.9982
0.9878
0.0094
0.9964
0.9852
0.0496
0.7432
0.9998
1
0.8906
0
0.9902
0.9952
0.9382
0.932
0.9998
1
0.9934
2e-04
0.9996
0.9272
0.9942
0.857
0.9678
0.0636
0.8674
0.9984
0.9714
0.9958
0.8712
0.9472
0.317
0.4362
0.9984
0.9996
0
0.8488
0.9308
0.9286
0.8946
0.9946
0.9726
0.0968
0.9986
0.9246
1
0.8878
0.9674
0
0.858
0.9578
0.9782
0.778
0
0
0.9484
0.006
0.3146
0.9868
1
0.9962
0.9954
0.2314
0.9226
0.4838
0.9282
0
0.9886
0.8174
0.937
0.9992
0
0.0114
0.998
0
0.9554
0.9854
0.9986
0.7548
0.012
0.8888
0.9974
0.9776
0
0.9082
0.9922
0.9978
0.9144
0.9914
0.99
0.9906
0
0.999
0.9734
0.4608
0.9962
0.9998
0.9876
0.9902
0.9986
0.9762
6e-04
0.9852
0
0.9678
0.9424
0.1612
0.999
0
0.7822
0.7612
0.9962
0.991
0.8562
0.9288
0.8594
0.4082
0.9508
0.9252
0.9216
0.0116
0.855
0.9798
1
0.9764
0
0.9492
2e-04
0.758
0.9352
2e-04
0.001
0.0838
0.7934
0.9816
0.0938
0
0.817
0.9988
0.8602
0.5774
0.9998
0.9806
0.624
0.9564
0.994
0.8462
0.9928
0.1626
0.9944
0.9982
0.9998
0.9994
0.7996
0.0022
0.9242
0.9978
0.2188
0.3596
0.9538
0
0.9998
0.9424
0.9986
0.9366
0.995
1
0.998
0.1922
0.9844
0.9714
0.9996
0.9982
0.997
0.947
0.9126
1
0.4744
0.9832
0.8972
0.3082
0.1106
0.9028
0.9998
0.9944
0.9918
0.9996
0.9992
0.9892
0.9952
0.2224
0.985
0.0664
1
0.9506
