1
1
0
0.9174
0
1
1
1
0.9998
0.9988
0.995
1
0.9904
1
1
1
0.9614
1
0.9942
0.9996
0.0106
1
1
1
0.947
0.6502
1
0.6118
0
0.9454
1
1
0
0.0016
1
1
0.9976
0
0.9998
0.9998
1
0.9992
1
0.0058
0
0.8716
0
0.9944
0.9994
0.9988
0.9998
0
0.984
0.001
0.9992
0.9958
0.998
0.9964
0.9882
0.999
0.885
1
0
1
0
1
0.2892
1
0
0
0.9824
1
0.9584
1
0
0
0.9972
1
0.9998
0.9882
0.997
0.9984
1
0.0012
0.9998
0.9998
1
0.0044
0.3226
0
0.9328
1
0.9996
0
1
0.9968
0
1
1
0
0.9988
1
1
0.943
0.9998
0.9948
0
0.9668
1
0.9986
0
0.9834
0
1
0
1
0
0.0012
0.9998
0
0.999
0
0
0.9552
0
2e-04
0.8832
0.9768
0.0958
0.9978
0
1
0.993
0.994
0.9986
1
0
0.9838
0.9982
0.9988
1
0
0
0.9896
0.9994
0.9982
0.9978
0.7376
1
0.9998
0.981
0.011
1
1
0.9568
0.6258
0
0.9986
0.7882
1
0.9742
0.0032
0
1
0.0318
0.9144
0.994
0
1
0
0.5894
0.9976
1
0
1
1
0
0.3052
0.9984
0
1
0.997
0.998
0
0.7408
0.818
0.9996
0.9998
1
1
0.1208
1
1
1
1
0.9956
1
1
1
1
0
1
0.9008
1
0.995
1
0.9984
1
0.9996
0.9998
0.0018
0.9974
0.999
0.9612
0.9996
0.7964
0.9998
0.9996
0.41
1
1
0.9998
0
0.9992
0.9972
0.8964
0.823
0.9998
0.0226
0
0.944
1
0.6828
0
0.9176
1
1
1
0.7356
1
1
0.7734
0
0.0154
2e-04
1
1
0.0026
1
0.862
1
1
0
1
0.9914
0.9924
1
1
0.4156
1
0.925
0
1
1
0
0.9976
0
1
0.9998
1
0.946
0
1
1
0.0118
0.969
0.9946
1
1
0
0
0.9996
1
0
1
0
1
1
1
0.8838
0.9998
1
0.969
0.9926
1
1
0
1
0.9992
0.945
0.9998
0.9976
0
0.9924
1
0.0098
0.001
0.9998
0
0.9992
0
1
0.998
1
0.8934
0
0.9646
0.9856
1
0
1
1
0
1
0
1
0.9886
1
0.9994
0
0.9998
1
0.9986
0
0
1
0.6396
0.8838
0.0644
1
0
2e-04
0.2722
0.021
0.9988
1
0.9998
1
1
1
0.029
1
0
4e-04
1
1
1
0.9998
1
1
0.9994
1
0.9642
1
0.0014
0
0
0
0
1
0.983
0.0114
0.9996
1
0.9984
1
0.9684
0.1996
1
0.9454
0.9998
1
1
0.9998
6e-04
0.9998
1
0.9998
0.0018
0.8654
0
1
1
0
0.5594
1
1
1
0
0.9094
0
0.9998
0
0.9998
0.9568
1
1
1
0.9998
0.0072
0.9994
1
1
0.9994
0.9506
0.9998
0
0
1
0
0.9994
0
0.9994
0.9996
0.953
0.9998
0.9846
1
0
0
1
1
0
0.0016
1
0.0032
0
0.9986
0.9992
0.9994
0
0
0
0.9838
1
1
0.0194
1
1
1
1
0.9146
1
0.6366
1
1
0.0012
0
0.9998
0
0
1
1
0.757
1
0.9464
0.8392
0.9362
1
1
1
0
0.0108
0
0.9064
0
0
0.9766
0
0.418
0.9998
1
0
0.9992
0.9998
1
0.9994
0.9998
1
0
0.8414
0.9988
1
0.912
0
0.0092
1
1
1
0.0034
0.3052
0.1132
1
0.9734
0.9994
0.989
1
0
0
1
1
0.0036
0.9626
1
0.958
0.942
0
0.004
0.9996
0.936
0.9998
1
0.9922
1
0
0.9784
0
0.9976
0
0.9988
0.9988
0
1
1
1
2e-04
0.9986
1
0.9604
0.985
1
0
0.9978
0.999
0.9996
0
0
1
0
0.6042
1
0.9284
0.7086
1
0
0
1
1
0
0
0
1
0
0
0
0.9986
1
0.9998
0.9962
0
0.5326
0.641
0
0
0
0.9934
0
1
1
1
1
1
0
1
0.9998
1
0
0.9312
0.9898
1
1
0
1
0.537
1
0.997
0
0.0674
0.9998
0.9186
0.0186
0
0.2564
0.435
1
1
0.9992
1
1
0.9996
1
0.0524
0.6356
1
1
1
1
1
0
0.5418
0.9998
1
0
1
1
0.9984
0
1
0.9978
0.999
1
0
0.0588
0
0.9816
1
0.8904
1
1
0.9996
0.8356
1
1
0.9452
1
0.875
1
0.9998
0.9976
1
6e-04
0
1
1
0.9998
1
1
1
0.3064
0.7964
0.9018
0.9928
1
1
0.0124
0
1
0.9994
0
1
1
0.9998
0.3266
1
1
0.982
0
0.001
1
0.9992
0.425
1
1
1
0
0
0.9862
0.9476
1
1
1
0.997
1
1
1
1
0.9982
0
1
1
0.3626
1
1
1
1
1
0.6334
0
0
0.9938
1
1
1
1
0.6288
0.9588
0.992
0.3392
1
0
1
0.9028
1
0.9902
0.9612
1
0
0
0.953
1
1
1
1
0.6214
0
0.9996
0.9388
1
1
1
1
1
0.0082
1
1
1
0.18
0
0.9996
1
0
1
1
0
0.0026
0
1
0
0.0032
2e-04
0
1
1
0.8738
0.9998
0.9964
1
1
0.9992
0
1
1
1
0
0.9836
1
0.9708
1
1
0.9998
0.9996
0.9998
1
0
0.994
1
1
0
2e-04
0.9998
0.6504
1
0.9998
0.9998
0.9622
0.9998
0
0.1214
1
0
0
0
1
0.6674
0.9256
1
0.9992
0.973
1
0
0
0.9914
0.9998
1
0
0
0.9998
0
1
1
0.8322
0.9988
1
0.995
0
1
1
0.9998
1
0.0456
0.9976
1
1
1
6e-04
0.9928
0.9892
0.6708
0
0.9996
0.9998
0.9998
0.9882
1
1
1
1
0.8134
0.0958
0.4582
0.9832
1
0.9922
0.9968
1
0
0.9908
1
1
0.9846
1
0.9496
2e-04
1
0.5614
0
0.6206
1
1
0.0186
0.1412
0.0014
1
0
1
0.994
0.999
0.1186
1
0.017
0.9998
1
0.0148
0.9984
0
1
0.9952
0.9934
1
0.8544
1
1
1
0.9986
1
1
1
0.9998
1
1
1
0.9982
0
0.9998
0
1
0
1
0
0.9998
1
0.9662
1
1
0.9866
0
1
0.8988
0.999
0.9996
0.0188
1
0
1
2e-04
1
0.999
0.0356
1
1
0.9974
0
0.003
1
0.96
0.436
0.9186
1
0.003
0.5554
0
0
0
1
1
0.992
