0.9856
0.9942
0.9366
0.951
0.9802
0.9906
0.9888
0.994
0.9578
0.913
0.9914
0.9312
0.975
0.997
0.9776
0.009
0.986
0.9918
0.7114
0.9446
0.9876
0.609
0.6908
0.9146
0.9332
0.942
0.9732
0.9918
0.1794
0.9906
2e-04
0.6946
0.9942
0.3872
0.9932
0.9864
0.9712
0.811
0.9812
0.9854
0.9938
0.9434
0.979
0.9956
0.9686
0.9862
0.9888
0.9346
0.99
0.657
0.6172
0.9198
0.537
0.8638
0.957
0.5818
0.9432
0.7552
0.6106
0.3208
0.9598
0.865
0.4912
0.2778
0.9536
0.992
0.9956
0.9984
0.0254
0.9898
0.9904
0.1602
0.9526
0.7642
0.4684
0.989
0
0
0.9142
0.4982
4e-04
0.7166
0.8684
0.006
2e-04
0.838
0.0322
0.8914
0.9898
0
0.211
0.549
0.0572
0.8886
0.084
0.8596
0.804
0.336
0.9756
0.102
0.1146
0.0752
0.1226
0.2354
0.2134
8e-04
0.0662
0.6872
0.5672
0
0.9832
0.9258
0.1622
0.989
0.991
0.0198
0.062
0.867
0.9858
0.9914
0.7504
0.9144
0.9972
0.8568
0.0028
0.9104
0.8634
0.7658
0.144
0.9482
0.9926
0.9942
0.9978
0.9976
0.996
0.9944
0.9974
0.997
0.9894
0.9744
0.9966
0.9972
0.9968
0.997
0.0562
0.995
0.9878
0.9962
0.9442
0.997
0.9932
0.996
0.9944
0.9928
0.9962
0.997
0.9914
0.9836
0.984
0.9954
0.995
0.996
0.009
0.9926
0.0146
0.994
0.9958
0.9984
0.961
0.9938
0.9968
0.9942
0.9772
0.9888
0.683
0.9854
0.9918
0.9448
0.1756
0.9942
0.8792
0.9982
0.9848
0.4508
0.9914
0.9922
0.981
0.9886
0.9886
0.984
0.9966
0.8318
0.9374
0.9848
0.9892
0.989
0.9978
0.9874
0.9974
0.9926
0.3146
0.996
0.9438
0.9962
0.9418
0.9836
0.9968
0.983
0.5202
0.9932
0.8934
0.9746
0.912
0.9912
0.997
0.9906
0.9852
0.9212
0.953
0.9718
0.9946
0.9848
0.9892
0.995
0.8634
0.9934
0.9882
0.8302
0.8588
0.9878
0.968
0.8918
0.8748
0.9854
0.9864
0.9976
0.991
0.9958
0.9686
0.9852
0.994
0.9942
0.0058
0.9624
0.9954
0.8906
0.9632
0.9646
0.9456
0.9898
0.9982
0.9956
0.9948
0.9696
0.9338
0.4028
0.9844
0.9872
0.9816
0.9878
0.9932
0.994
0.9864
0.977
0.9408
0.9936
0.9772
0.9984
0.989
0.981
0.9934
0.9934
0.9148
0.9966
0.8374
0.9604
0.9662
0.9852
0.994
0.9788
0.9892
0.992
0.9712
0.9844
0.976
0.9924
0.9812
0.9984
0.802
0.9898
0.9762
0.996
0.9954
0.9892
0.7372
0.9938
0.9888
0.968
0.9686
0.9934
0.9384
0.8032
0.9798
0.9848
0.9746
0.7164
0.962
0.9678
0.9586
0.9866
0.9586
0.986
0.9916
0.9914
0.9386
0.9946
0.987
0.9946
0.9956
0.9686
0.9792
0.9242
0.99
0.9922
0.9918
0.9192
0.913
0.993
0.8888
0.9954
0.969
0.7344
0.9878
0.9958
0.9922
0.9786
0.9902
0.874
0.9416
0.9934
0.9126
0.958
0.9908
0.9768
0.989
0.936
0.991
0.995
0.9956
0.9636
0.9778
0.9902
0.9868
0.994
0.994
0.971
0.9828
0.9846
0.9744
0.988
0.9708
0.9894
0.9978
0.9676
0.979
0.9938
0.9866
0.9122
0.9678
0.9918
0.9908
0.9664
0.9896
0.9834
0.9782
0.996
0.1314
0.9918
0.9966
0.9904
0.979
0.987
0.995
0.7808
0.9842
0.9586
0.9944
0.9932
0.9922
0.9636
0.9882
0.9786
0.9108
0.995
0.9742
0.9784
0.9634
0.9984
0.9926
0.9972
0.965
0.995
0.9978
0.9962
0.9432
0.9636
0.9894
0.9804
0.9926
0.9764
0.9942
0.9932
0.9814
0.9462
0.9788
0.9946
0.9914
0
0.9732
0.9964
0.9982
0.9608
0.9882
0.9908
0.9734
0.952
0.992
0.7932
0.9732
0.9964
0.9928
0.9976
0.635
0.9904
0.9912
0.9824
0.9942
0.9926
0.9844
0.9948
0.9964
0.9934
0.9914
0.9944
0.985
0.9974
0.997
0.9934
0.986
0.9898
0.9968
0.96
0.9792
0.762
0.9936
0.9974
0.9836
0.804
0.9938
0.9936
0.9874
0.9862
0.9938
0.9966
0.9928
0.9618
0.9892
0.9944
0.9856
0.9944
0.9618
0.983
0.9978
0.9816
0.997
0.9662
0.9934
0.9984
0.9964
0.9828
0.9846
0.9698
0.9978
0.984
0.9964
0.997
0.9902
0.9968
0.9888
0.9938
0.948
0.992
0.9894
0.9902
0.9846
0.9938
0.9922
0.997
0.9908
0.9982
0.9946
0.989
0.8712
0.9818
0.9964
0.9674
0.9904
0.9964
0.9784
0.9758
0.9782
0.9904
0.9848
0.9926
0.9668
0.9976
0.9698
0.978
0.953
0.9958
0.996
0.9694
0.9922
0.9784
0.9926
0.9878
0.992
0.9896
0.9916
0.977
0.994
0.9322
0.9616
0.9662
0.787
0.9872
0.996
0.9936
0.9868
0.9686
0.9968
0.989
0.9916
0.9916
0.9624
0.9712
0.996
0.9894
0.9456
0.9568
0.9788
0.9966
0.9962
0.9548
0.9756
0.9698
0.9796
0.9952
0.993
0.9938
0.9882
0.997
0.9946
0.9956
0.994
0.9956
0.999
0.9936
0.9886
0.9906
0.9982
0.988
0.9848
0.9904
0.9964
0.9356
0.9724
0.9742
0.9676
0.9972
0.994
0.9938
0.9698
0.9206
0.9554
0.944
0.925
0.9816
0.9752
0.9902
0.987
0.96
0.981
0.984
0.9518
0.992
0.9924
0.8862
0.9574
0.9852
0.9928
0.7814
0.89
0.9112
0.9912
0.857
0.9806
0.9842
0.9936
0.9884
0.9734
0.9924
0.9778
0.9918
0.9914
0.9886
0.9668
0.9944
0.9916
0.993
0.9692
0.9934
0.9828
0.9904
0.989
0.994
0.9938
0.9966
0.8756
0.985
0.9886
0.999
0.1266
0.9928
0.9902
0.9966
0.9906
0.9834
0.965
0.9824
0.9744
0.9544
0.993
0.9952
0.926
0.3344
0.9712
0.9742
0.9896
0.991
0.9916
0.9808
0.9904
0.983
0.9958
0.987
0.9814
0.9924
0.0046
0.9768
0.3266
0.9908
0.903
0.972
0.9956
0.9952
0.742
0.0382
0.9846
0.9968
0.9684
0.9864
0.9608
0.9824
4e-04
0.9908
0.998
0.9358
0.9826
0.9884
0.403
0.9828
0.9894
0
0.9934
0.9792
0.9908
0.955
0.9812
0.9616
0.9844
0.9958
0
0.9316
0.9962
0.9744
0.9958
0.5068
0.9918
0.0446
0.4894
0.9754
0.99
0.9772
0.9354
0.8816
0.9922
0.9636
0.0024
0.9574
0.9918
0.9968
0.992
0.986
0.987
0.9638
0.9968
0.9558
0.9934
0.9948
0.9098
0.9834
0.4632
0.953
0.9746
0.0088
0.7892
0.7042
0.9632
0.9916
0.9952
0.9952
0.8492
0.988
0
0.9852
6e-04
0.9868
0.9776
0.9982
0.9814
0.995
0.9718
0.869
0.9938
0.996
0.9718
0.99
0.966
0.9906
0.9026
0.9328
0.5812
0.9966
0.9938
0.985
0.9972
0.9796
0.9944
0.9928
0.9966
0.9962
0.981
0.9924
0.9926
0.9956
0.9872
0.9954
0.9624
0.9884
0.9788
0.9886
0.9896
0.4912
0.983
0.9826
0.9966
0.9956
0.9884
0.9894
0.9986
0.9798
0.9934
0.9874
0.2914
0.9784
0.9272
0.9646
0.9644
0.9878
0.9918
0.9936
0.9794
0.7874
0.989
0.9954
0.9926
0.993
0.946
0.8542
0.9944
0.9918
0.9786
0.9732
0.9888
0.9858
0.9784
0.9524
0.9756
0.9862
0.9762
0.978
0.9448
0.9784
0.9918
0.9684
0.9968
0.9606
0.9382
0.9966
0.9894
0.9796
0.8548
0.9238
0.969
0.9872
0.9942
0.8568
0.9952
0.975
0.953
0.9968
0.9928
0.9898
0.991
0.9866
0.9872
0.8096
0.9914
0.9834
0.9924
0.945
0.975
0.9674
0.9552
0.8896
0.719
0.9918
0.9762
0.9706
0.896
0.9822
0.9978
0.9792
0.9992
0.8984
0.9724
0.9796
0.8514
0.9946
0.993
0.9838
0.9928
0.9916
0.7868
0.8952
0.9968
0.99
0.9954
0.9916
0.9936
0.8514
0.9928
0.994
0.9932
0.955
0.9812
0.9248
0.994
0.9796
0.956
0.9968
0.9872
0.988
0.9704
0.8684
0.9104
0.9974
0.9324
0.9544
0.9724
0.9658
0.9798
0.9706
0.9804
0.9972
0.991
0.9968
0.8506
0.9914
0.995
0.7304
0.9834
0.9968
0.9834
0.9938
0.959
0.958
0.9938
0.9828
0.9966
0.9108
0.9936
0.9922
0.986
0.991
0.9758
0.956
0.9846
0.8428
0.9958
0.9924
0.6384
0.9942
0.959
0.9858
0.9632
0.978
0.4112
0.997
0.9872
0.8722
0.9932
0.9876
0.985
0.994
0.9936
0.9932
0.0142
0.9764
0.992
0.9952
0.9392
0.989
0.9964
0.9496
0.9964
0.9918
0.6984
0.8754
0.9906
0.9592
0.1092
0.9754
0.9924
0.9778
0.9964
0.832
0.966
0.8282
0.9962
0.9566
0.9824
0.9816
0.4626
0.9944
0.9288
0.979
0.9846
0.995
0.9174
0.9514
0.9136
0.9922
0.992
0.9032
0.967
0.994
0.8316
0.9766
0.9904
0.4944
0.1318
0.9928
0.8494
0.9578
0.897
0.822
0.983
0.7302
0.9872
0.762
0.0844
0.4356
0.9934
0.99
0.992
0.2226
0.9622
0.961
0.9874
0.9976
0.9262
0.9952
0.9684
0.9948
2e-04
0.1776
0.996
0.9872
0.9262
0.8062
0.9718
0.9914
0.9638
0.9718
0.9636
0.8668
0.9948
0.923
0.919
0.7596
0.993
0.7158
0.981
0.8878
0.3396
0.9474
0.989
0.9946
0.9826
0.9922
0.9398
0.8798
0.8422
0.9806
0.996
0.8846
0.4362
0.979
0.993
0.8984
0.9922
0.9658
0.874
0.9942
0.9748
0.8746
0.9946
0.8974
0.9816
0.9298
0.9932
0.944
0.8458
0.988
0.0516
0.9394
0.7426
0.094
0.997
0.9156
0.9974
0.984
0.9934
0.959
0.9916
0.9232
0.8994
0.9394
0.9754
0.8934
0.9838
0.9976
0.9158
0.949
0.995
0.7974
0.9948
0.9964
0.6796
0.8208
0.8716
0.9752
0.3904
0.808
0.9736
0.9502
0.9346
0.937
0.9952
0.9982
0.9298
0.9774
0.9932
0.9608
0.875
0.7004
0.9902
0.7872
0.9952
0.9676
0.9928
0.9956
0.9358
0.7304
0.0016
0.9746
0.9958
0.8814
0.9746
0.9918
0.9736
0.9388
0.9886
0.8924
0.0148
0
0.9476
0.91
0.9074
0.8712
0.98
0.9932
0.7316
0.9794
0.0288
0.8272
0.9866
0.991
0.8318
0.9654
0.9832
0.9638
0.9906
0.0056
0.9946
0.9402
0.9226
0.0022
0.9632
0.9574
0.989
0.9932
0.9754
0.9832
0.9482
0.9962
0.9434
0.8392
0.9768
0.9946
0.9552
0.9984
0.9974
0.9126
0.8986
0.9882
0.8854
0.9962
0.9634
0.9888
0.9778
0.9868
0.7232
0.9972
0.9954
0.9912
0.996
0.9822
0.9982
0.9932
0.9902
0.951
0.9716
0.9698
0.6576
0.9624
0.9558
0.9956
0.995
0.6988
0.819
0.9932
0.9876
0.0012
0.098
0.993
0.6682
0.99
0.8926
0.7304
0.8812
0.0154
0.843
0.9958
0.9972
0.9972
0.221
0.998
0.987
0.818
0.6316
0.9424
0.9784
0.9976
0.0984
0.9436
0.025
0.9692
0.0024
0.8432
0.9882
0
0.4144
0.9826
0.9478
0
0.9052
0.994
0.996
0.0938
0.9114
2e-04
0.9968
0.996
0.9894
0.9676
0.9942
0.9954
0.9412
0.0232
0.729
0.006
0.117
0.6812
0.9776
0.8174
0.4902
0.9778
0.9944
0.6772
0.2066
0.9436
0.6156
0.8192
0.0676
0.856
0.9804
0.988
0.9732
0.6374
0.8334
0.9924
0.912
0.2502
0.8748
0.9564
0.9874
0.999
0.1922
0.9942
0.792
0.879
0.6372
0.9942
0.9306
0.9694
0.9852
0.9628
0.9872
0.8202
0.9824
0.8132
0.971
0.9946
0.9982
0.8836
0.9892
0.9416
0.789
0.9636
0.9938
0.9584
0.3212
0.923
0.9962
0.9118
0.9496
0.898
0.9954
0.9906
0.5922
0.9624
0.9976
0.9968
0.9976
0.9946
0.79
0.8152
0.998
0.582
0.9882
0.87
0.9672
0.9748
0.9394
0.7604
0.9948
0.9498
0.989
0.8318
0.8592
0.3834
0.9966
0.7674
0.9934
0.61
0.6952
0.9806
0.9816
0.8024
0.4892
0.9624
0.9708
0.8712
0.021
0.989
0.1288
0.9954
0.7674
0.9858
0.9166
0.9858
0.8722
0.974
0.985
0.855
0.9444
0.0064
0.834
0.9102
0.986
0.8936
0.901
0.8334
0.535
0.9022
0.4072
0.6206
0.9282
0.1514
0.6866
0.7304
0.9536
0.234
0.89
0.2214
0.0438
0.9682
2e-04
