0.0132
8e-04
0.2786
0.4934
0
0.0302
0.3386
0.52
0.2226
0.6156
0.3148
0.0186
0.5218
0.8038
0.0928
0.4552
6e-04
0.5956
0.1938
0.5004
0.662
0.1282
8e-04
0.0196
0.1338
0.6188
0.25
0.1738
0.8246
0.0042
0
0.0136
0.0046
0.503
0.0054
0.7646
0.6942
0.4888
0.694
0.0488
0.5362
0.769
0
0.771
0.809
0.0044
0.758
0.329
0.0818
0.1328
0.3976
0.527
0.084
0.759
0.5684
0.1908
0.3848
0.0352
0.6886
0
0.238
0.6362
0.5112
0.2014
0.0058
6e-04
0.6888
0.7566
0.6964
0.6458
0.0044
0.0608
0.6162
0.0018
0.0132
0.4094
0.2634
0.2666
0.7488
0.7374
0.5424
0.0172
0.7928
0.3654
0.0328
0.2624
0.3138
0.6446
0.0018
0.6366
0.4784
0.0014
0.7328
0.7536
0.7512
0.5276
0.6008
0.2724
6e-04
0.004
0.5274
0.0012
0.7512
0.236
0.3932
0.5618
0.6444
0.4954
0.4492
0.1606
0.6548
0.007
0.6222
0.7142
0.7186
0.551
0.0178
0.8012
0.355
0.0038
0.4306
0.632
0.2564
0.7998
0.3644
0.8168
0.603
0.5542
0.7534
0.0632
0.4852
0.6796
0.6086
0.017
2e-04
0
0.6986
0.2822
0.0162
0
0.2402
0.2862
0.4084
0.1532
0.746
0.5592
0.6736
0.1764
0
0.7584
0.5094
0.6526
0.7742
0.777
0.7036
0.6208
0.7224
0.0252
0.3842
0.8182
0.7028
0.8134
0.4778
0.5004
0.582
0.2926
0.7652
0.5292
0.6366
0.273
0.0042
0.6458
0.0414
0.1458
0.0012
0.5766
0.8102
0.7918
0.2524
0.7374
0.0262
0.5444
0.1756
0.7938
0.7454
0.6682
0.0218
0.797
0.8236
0.784
0.7624
0.003
0.6398
0.7796
0.6018
0.01
0.7162
0.7886
0.315
0.6324
0.5716
0
0.232
0.0022
0.029
0.6876
6e-04
0.5562
0.4996
0.7438
0.1766
0.5502
0.3022
0.7406
0.3156
0.7208
0.7376
0.6676
0.7548
0.3112
0.4864
0.7562
0.6954
0.783
0.5582
0.314
0.091
0.0244
0.6258
0.423
0.6388
0.0014
4e-04
0.0398
0.4054
0.745
0.6234
0.0016
0.8088
0.5572
0.1394
0.198
0.2034
0.0014
0.7066
0.4866
0
0.8144
0.2666
0.506
0.1756
0.6282
0.0042
4e-04
0.8124
0.6384
0.0372
2e-04
0.1308
0.6832
0.7676
0.7376
0.3152
0.5892
0.8206
0.697
0.5398
0.2004
0.51
0.4054
0.7038
0.241
0.1818
0.5998
0.741
0.8278
0.7582
0.611
0.479
0.008
0.7456
0.7776
0.7216
0.309
0.7236
0.8148
0.5694
0.7542
0.6814
0.1382
0.6932
0.022
0.0214
0.4368
0.5456
0.7566
0.823
0.1288
0.7832
0
0.6162
0.0418
0.0016
0.7228
0
0.2734
0.7006
0.7958
0.6566
0.7742
0.625
0.7158
0.1362
2e-04
0.0206
0
0
0.7158
0.3382
0.7976
0.681
0.6516
0.0464
0.0012
0.7828
0.0486
0.7532
0.0022
0.0088
0.4994
8e-04
0
0.0956
0.6186
0.673
0.0512
0.0364
0.0024
0.6914
0.574
0.0042
0.7992
0.2072
0.6464
0.6734
0.6206
0.814
8e-04
0.7026
0.8022
0.5058
0.0324
0.0154
0.5686
8e-04
0.7966
0
0.7632
4e-04
0.0026
0.7184
0.4482
0.8132
0.0248
0.4108
0.7666
0.8108
0.7094
0.087
0.7508
0.5436
0.0066
0.1526
2e-04
0.521
0.2858
0.5888
0.7652
0.8118
0.7558
0.09
0.6916
0.7716
0.6516
0.7222
0
0.4092
0.789
0.7074
0.8248
0.0212
0.0052
0.8136
0.818
0.0518
0.762
0
0.3342
0.112
0.731
0.4516
0.3504
0.0014
0.741
0.0056
0.6966
0.2724
0.5508
0.0998
0.237
0.8304
0.5442
0.788
0.4116
0
0.8206
0.1878
0.646
4e-04
0.8224
0.2658
0.4128
0.7064
0.8152
0.1502
0.7364
0.6608
0.7666
0.0362
0.213
0.8274
0.2712
0.6416
0.5158
0.6922
0.078
0.0038
0.0354
0.725
0.175
0.498
0.7634
0.0118
0.8124
0.151
0.615
0.802
0.2492
0.0074
0.4544
0.791
0.7624
0.7882
0.7624
0.5144
0.5818
0.004
0.7296
0.6612
0.6838
0.8108
0.4992
0.6048
0
0.6834
6e-04
0.6512
0.1722
0.8092
0.744
0.755
0.74
0.7676
0.2208
2e-04
0.77
0.2564
0.612
0.7722
0.807
0.501
0.4458
0.0162
0.6964
0.2372
0.779
0.2276
0.808
0.6718
0.679
0.7114
8e-04
0.0064
0.268
0.691
0.0016
0.6184
0.607
0.2074
0.7056
0
0.6156
0.7622
0.0256
0.7658
0.822
0.5638
0.809
0.7446
0.5852
0.8024
0.6924
0.0594
0.4392
0.0072
0.7772
0.7666
0.5558
0.8102
0.5904
0.2812
0.0158
0.322
0.8192
0.0132
0.1752
0.003
0.006
0.6994
0.56
0.735
0.334
0.73
0.7664
0.4042
0.098
0.561
0.7314
0.011
0.817
0.7798
0.1622
0.0802
0.768
0.3908
0.014
0.508
0.7478
0.5324
0.7066
0.8064
0.781
0.2996
0.565
0.7534
0.8132
0.4128
0.502
0.0108
0.02
0.7902
0.747
0.6522
0.8006
0.3738
0
0.1924
0.0516
0.7966
0.0914
0.5628
0.7238
0
0.2856
0.6856
0.7708
0.8174
0.8008
0.832
0.0936
0.7954
0.3784
0.4402
0.7522
0.7044
0.2782
0.7194
0.4448
0.6382
0.0242
0.0118
0.7086
0.8238
0.0014
0.4628
0.2866
0.4844
0.4852
0.0302
0.2322
0.8092
0.807
0.7066
0.6458
0.5744
0.3182
0.8036
0.7876
0.8062
0.6294
0.764
0.1818
0.5522
0.8256
0.4204
0.5158
0.216
0.724
0.6932
0.599
0.8118
0.7404
0.7224
0.134
0.73
0.7744
0.5036
0.7874
0.787
0.6994
0.4364
0.3818
0.1838
0.1414
0.7854
0.7324
0.7758
0.4364
0.5086
0.0044
0.5086
0.6726
0.7796
0.7814
0.6348
0.7984
0.0888
0.786
0.6154
0.7182
0.62
0.7922
0.7816
0.3806
0.791
0.606
0.3194
0.092
0.1056
0.736
0.0038
0.8002
0.5092
0.819
0.2572
0.029
0.7788
0.7166
0.57
0.818
0.7838
0.6686
0.7104
0.0136
0.4754
0.639
0
0.5658
0.6654
0.7942
0.7746
0.6276
0.7906
0.7876
0.7416
0
0.4904
0.651
0.829
0.239
0.5862
0.8016
0.006
0.8094
0.7384
0.8128
0.817
0
0.0156
0.7958
0.6262
0.0472
0.4514
0.8024
0.7736
2e-04
0.7776
0.0146
0.029
0.8224
0.8266
0.0018
0.716
0.7966
0.3046
0
0.7486
0.8004
0.663
0.743
0.0588
0.8154
0.0218
0.8202
0.0138
0.8222
0.789
0.8106
0
0.6958
0.022
0.146
0.7774
0.598
0.824
0.0014
0.0642
0.8224
0.0832
0.4618
0.799
0.776
0.333
0.804
0.323
0.5668
0.8054
0.7746
0.7224
0.7772
0.7848
0.7988
0.7586
0.7598
0.7736
0.7884
0.7768
0.6288
0.819
0.7762
0.7288
0.6234
0.7482
0.8048
0.159
0.6482
0.7122
0.0866
0.759
0.7768
0.7044
0.7544
0.7826
0.8108
0.8254
0.802
0.7606
0.771
0.814
0.3746
0.7444
0.2228
0.7152
0.8154
0.8282
0.8134
0.5084
0.8156
0.7104
0.6166
0.813
0.4014
0.1054
0.0634
2e-04
0
0.8214
2e-04
0.5908
0.796
0.6564
0.8008
0.822
0.8094
0.7862
0.047
0.7878
0.8402
0.8142
0.2368
0.7392
0.7626
0.0812
0.7746
0.7924
0.8192
0.7626
0.7336
0.7712
0.7202
4e-04
0.4508
0.7092
0.7932
0.7504
0.1614
0.7044
0.8016
0.1026
0.8232
0.7914
0.7086
0.6964
0.7652
0.8154
0
0.5036
0.7764
0.7658
0.7616
0.2602
0.5092
0.7272
0.7592
0.8158
0.0714
0.8312
0.8024
0.6452
0.6934
0.7492
0.7854
0.7208
0.8004
0.8064
0.305
0.7968
0.7076
0.811
0.763
0.4584
0.7298
0.8014
0.5002
0.7852
0.7852
0.8068
0.0376
0.765
0.7528
0.78
0.7856
0.734
0.478
0.7882
0.7546
0.684
0.601
0.8262
