0.9998
0.9998
0.9998
0.9998
0.9982
1
0.9694
0.9998
0.9998
0.9968
1
0.9926
1
0.995
0.9996
1
0.9996
0.9996
0.9996
0.9994
0.9998
1
0.9998
0.9994
1
1
1
1
1
0.9998
0.9998
0.9996
0.9988
0.9996
0.9998
0.9998
0.9996
0.9996
1
0.9996
1
0.9998
0.9998
1
0.9996
1
1
1
0.9992
1
1
0.9998
0.9996
0.9998
1
0.9998
1
0.9998
0.9998
0.9998
0.9998
0.9994
0.9996
0.9998
0.9994
0.9996
0.9998
0.9998
0.9988
1
1
1
0.9996
0.9996
0.9996
0.9998
0.9998
1
1
1
0.9998
0.9998
1
0.9998
0.9998
0.9996
1
1
1
1
1
0.9994
0.9992
0.9996
1
0.9998
1
0.9998
0.9998
0.9992
1
0.9998
1
0.9996
0.9998
1
0.9996
1
0.9996
0.9998
0.9994
1
1
1
1
0.9998
0.9996
1
0.9998
1
0.9998
1
0.9528
1
0.9998
1
0.9998
1
0.9996
1
0.9994
0.9998
0.9994
1
1
0.9998
0.9998
0.9998
0.9994
0.9998
0.9998
1
1
0.9978
1
0.9998
0.9998
0.9996
1
1
0.9986
0.9996
0.9998
1
1
0.9976
0.9998
1
0.9998
1
0.999
0.9994
0.9998
1
1
0.9998
1
0.999
1
0.999
0.9994
0.9996
1
0.9998
0.9998
0.9994
1
0.9988
0.9996
0.9998
1
1
0.9998
0.9998
0.9982
0.9998
1
0.9996
0.9996
1
1
0.9968
0.9998
0.985
1
0.9812
1
0.9998
0.9994
1
1
0.9834
1
0.9998
1
0.9996
0.9994
1
1
0.9974
0.9998
0.9996
0.9984
0.999
0.9488
0.9996
0.999
0.9998
0.9998
0.9998
0.9994
0.9996
1
0.9998
0.9974
1
0.9994
0.9998
0.9996
1
0.9998
0.9998
