0
0
1
0
1
0
0
0
0
0
0.1446
0
0
0
0
0
0
0
0
0
0.9752
0
0
0
0.084
0.9888
0
0.9936
1
0
0
0
0.9996
0.9556
0
0
0
0.9774
0
0
0
0
0
0.9876
0.9994
0.9416
1
0
0
0
0
1
0
0.9994
0
0
0.4164
0
0.9934
0
0
0
1
0
1
0
1
0
1
1
0
0
0
0
1
1
0
0
0
0.005
0
0
0
0.984
0
0
0
0.9506
0.9466
1
0.9266
0
0
1
0
0
1
0
0
1
0
0
0
0.0082
0
0
1
0.0024
0
0
1
0.8582
1
0
0.9994
0
1
0.9396
0
1
0.0784
1
1
0
1
0.9968
0
0
0.9864
0
1
0
0
0
0
0
0.991
0.9594
0
0.0032
0
1
1
0
0
0
0
0
0
0
0
0.952
0
0
0
0
1
0
0
0
0.9988
0.9976
0.999
0
0.9608
0
0
0.9958
0
1
0.9174
0
0
1
0
0.3044
0.9208
0.9722
0.0376
1
0
0
0
1
0
0.7668
0.0112
0
0
0
0
0
0
0
0
0.0358
0
0
0
0
1
0
0.2096
0
0
0
0
0
0
0
0.9998
0
0
0
0
0.93
0
0
0.9636
0
0
0
1
0
0
0.99
0
0
0.9996
0.9994
0
0
0.9636
1
0.9706
0
0
0
0.9132
0
0
0.4042
1
0.9498
0.9954
0
0
0.937
0
0
0
0
0.998
0
0.0258
0
0
0
0.972
0
0
1
0
0
1
0
1
0
0
0
0
1
0
0
0.9298
0
0.964
0
0
1
1
0
0
1
0
0.9996
0
0
0
0.1306
0
0
0.7186
0
0
0.771
1
0
0
0
0
0
1
0.9228
0
0.9392
0.9816
0
1
0
1
0.0044
0
0
0
1
0
0
0
1
0
0
1
0
0.9998
0
0
0
0.945
1
0
0
0.9108
1
1
0
0
8e-04
0.9346
0
1
1
0.8736
0.9668
0
0
0
0
0
0
0.8274
0
1
1
0
0
0
0
0
0
0
0
0
0
0.9336
1
0.9994
1
1
0
0
0.9622
0
0
0
0
0.9368
0.8914
0
0
0
0
0
0
0.9846
0.0216
0
0
0.997
0.9906
1
0
0
1
0.8046
0
0
0
1
0
1
0
1
0
0.9972
0
0
0
0
0.9256
0
0
0
0
0
0
0.9952
0.9994
0
1
0
0.9916
0.0798
0
0
0
0
0
1
0.9998
0
0
1
0.9544
0
0.9942
1
0
0
0.9142
1
1
1
0.9648
0
0
0.99
0
0
0
0
0.9986
0
1
0
0
0.0316
1
0
1
1
0
0
0.9614
0
0
0
0
0
0
0
1
0.9416
0.999
0.7446
1
1
0
1
0.7168
0
0
0.98
0
0
0
0.223
0
0
1
0
0
0
0.9994
0.9974
0.9082
4e-04
0
0
0.9064
0.936
0.862
0
0.9898
0
0
0
1
1
0.7848
0
0.9992
0.9972
0
0
0.765
1
0.9884
0
1
0.0252
0
0
0
1
0.9996
0.9898
0
1
0
0
0.9998
0
0
0
0.9996
0.9638
0
0
0
0
1
0
0
0
1
1
0
1
0.4226
0
0.9944
0
0
1
1
2e-04
0
1
1
1
0
0.9908
1
0.987
0.2442
0
0.9004
0
1
0.9926
2e-04
1
1
1
0
1
0
0
0
0
0
0.986
0
0
0
1
0.9894
0.9524
0
0
1
0
0.6182
0
0
1
0.0012
0
0.9892
0.9162
0.9794
0.9526
0.9108
0
0
0
0
0
0.9924
0
0.9662
0.9886
0
0
0
0
0
1
0.8066
0
0
1
0
0
0
1
0
0
0
0
1
0.9664
0.9982
0
0
0.9854
0
0
0
0
0
0
0
0
0.5396
0
0
0
0
0.9554
1
0
0
0
0
0
0
1
0.9654
0
0.43
0.8844
0
0.9426
1
0.0014
0
1
0
0
0
0.9932
0
0
0
0.9998
0.9928
0
0
0.9774
0
0
0
1
1
0.9968
0.8996
0
0
0
0
0
0
0
0
0.8312
0.9996
0
0
0.5092
0
0
0
0
0
0.9112
1
0
0
0
0
0
0
0.93
0.943
0
0.9822
0
1
0
0.478
0
1
0
0
1
1
0
0
0
0
0
0.9982
1
0
8e-04
0
0
0
0
0
0.9888
0
0
0
0.9998
0.9992
0
0
1
0
0
1
0.9944
1
0
1
0.9718
1
1
0
0
0.401
0
0.9388
0
0
0
1
0
0
0
0.9994
0
0
0
0
0
0.0052
0
0
0
1
0
0
0
0.998
0.9738
0
0
0
0
0
2e-04
0
0.9732
1
0
1
1
1
0
0
0.696
0
0.7902
0
0
1
1
0
0
0
1
1
0
0.994
0
0
0.9828
0
6e-04
0
1
0
0
0
0
0.906
0.409
0
0
0
0.9974
0.0408
0
0.9718
1
2e-04
0
0
0.7488
0
0
0
0
0
0.9976
0.94
0.6774
0
0
0
0
1
0.73
0
0
0
0
0
0.946
0
0.9978
1
0.8126
0
0
0.9594
0.9492
0.9816
0
0.984
0
0
0
0.9344
0
0.9474
0
0
0.9452
0
1
0
0
0.7528
0
0.0328
0
0
0
0
0
0
0
0
0
0
0
0
0.9952
0
1
0
0.9996
0
1
0
0
0.9762
0
0
0
1
0
0.9998
0
0
0.9652
0
1
0
0.9986
0
0
0.988
0
0
0.9696
1
0.9588
0
0.8248
0.999
0.9634
0
0.968
0.8648
1
1
1
0
0
0
