0.9742
0
0.9438
0
0.1502
1
0.992
0
0.005
0
1
0.1968
1
0.9958
1
0.9984
0
1
0.988
0
0.9978
1
1
0
0
0.9002
1
0.996
0.6352
0.9918
0
0.4682
1
1
0.9834
1
1
0
1
0.946
0.9986
1
1
0.9302
1
1
0.0012
0.9856
1
1
0.9982
0.9966
0
1
1
0.002
0.9992
1
0.7732
1
1
0.7252
1
0.9454
0.8046
0
1
0.9986
0
1
1
1
0.9976
1
1
0.6944
0
0
0.9986
1
1
1
0
0.9308
0.9996
0.9966
0.9992
0.9968
0.7018
1
0.9998
1
0
0.9746
1
1
0.9996
0
1
0
1
0
0
1
1
0.9984
0
0.9912
0
1
0.3732
1
0
1
1
0
1
0.017
1
0
1
0
0.3278
0.637
1
0.9998
0.9996
0
1
1
0
1
0.0046
0
1
0
1
1
0.9998
0.8748
1
1
0.9994
1
0.9978
0
0.9822
0
0
0
1
0.9998
8e-04
0
0.6668
2e-04
0.4082
1
0
1
0.998
0.9984
0.9972
0
0.5482
1
0.9958
0.9998
0.9998
0.9928
0.8638
2e-04
0.9986
0
2e-04
0.9998
0.9994
1
0
1
0
0.9998
1
0
0
0.9962
0
0.9826
0.051
1
1
0.9914
1
0
0.994
1
0.9994
0.9142
0.9998
0.9998
1
0.9908
0.9634
1
1
0.7732
0.5448
1
0.9998
1
0.8468
0.997
1
0
1
0
0
0.999
1
1
0
0.9996
0.5144
0
1
1
0.9994
1
0.9996
0.9994
0.6748
1
0
1
0.9282
0.9998
0.997
1
0.989
1
0.9926
0.9974
0.9992
0.9984
0
0.5198
1
1
0.9998
0.9984
1
0.9988
0.9838
1
0.8594
0.018
1
1
1
1
1
0.9996
1
0.9642
0
0.9978
1
1
0.999
1
1
0.9974
0.8182
1
1
0.9926
1
0
1
0
1
0.9864
0.0052
0.9998
0.9992
0
0.9998
0
1
0.328
1
1
0.9996
1
0.9998
0.0392
1
1
0
0.9396
0.9998
1
0.8182
1
0
0
1
1
0
0
1
0.9998
0.5852
0
1
1
1
1
1
0
0.9914
0.9974
0.8976
0.9944
0.9948
1
0.7632
0.9998
0.9886
0.98
0.9014
0.7522
0
0.9262
1
0
1
1
0.9942
1
1
0
0
1
1
1
0.9998
0
0.9306
0.9694
1
1
0.9732
0
0.3728
0
0
1
0.6648
0.9738
0.874
1
0.9986
0.9918
0.999
0.9938
1
0.9998
1
1
1
1
0.0068
1
0.7914
1
1
1
0
0.972
1
0.9982
0
0.9038
0.9946
0
1
0.999
0.9998
0.9998
1
1
1
0
0.9914
0.9998
1
1
1
0.0072
1
1
0.9998
0.9998
1
0.9974
1
1
0.9994
1
0.9992
8e-04
0.6312
1
1
1
1
0.4936
0.859
0.907
1
1
1
1
1
1
0
0
1
1
1
0
1
1
0
1
1
1
1
1
0.9998
0.9914
0.9984
1
0.2148
0
0.9682
1
1
0.9998
0.7468
2e-04
0.9954
0.9956
1
0.9988
2e-04
1
0.7944
0.9806
0
0.9978
0.9998
0
0
0.9956
0.9998
0.9996
1
1
0.2834
1
0.9998
0.9994
0.8956
1
1
0
1
1
0
1
0.9686
1
0.9996
0.0318
1
1
1
1
1
0
0.9984
0.995
1
1
0.9946
1
0.9998
1
1
0
0.9244
1
0.9996
1
1
1
1
0.9988
1
0.991
1
0.9998
0
1
0
1
1
1
0.9972
1
1
1
0.966
0.9968
1
1
0.9638
1
0
1
0
0.707
1
1
0
1
1
1
0.1788
1
1
0.8662
1
0
1
1
1
1
0.9954
1
0.9978
1
1
0.9998
1
0.9696
1
1
0.9918
1
0.9998
0.9984
0.9996
1
0.9532
0.9998
0.9988
1
1
1
0.9996
1
0.993
0.9976
1
0
1
1
1
1
0.9974
1
0.9988
0
1
0
1
0.0678
1
1
1
1
1
1
1
8e-04
1
1
0
1
