0
0.9948
0.2662
0.9734
0
0.364
0.9158
0.3374
0.9324
0.8294
0.9102
0.9544
0.0824
0.999
0.998
0.9972
0.9272
0
0.9992
0.987
0.9526
0.998
0.994
0.0012
0.9984
0
0.1566
0.999
0.9944
0.9484
0.9788
0.8192
0.9836
0.4344
0.9536
0.975
0.9984
0.0422
0.9866
0.187
0
0.004
0.9926
0.6978
0.1038
0.9816
0.042
0
0.967
0.9322
0.9888
0.9306
0.9846
0.9972
0.9032
0.9962
0
0.9964
0.9028
0.998
0.3484
0.168
0.918
0.992
0.9942
0.9984
0.996
0.948
0.9986
0.6812
0.7528
0
0.0406
0
0.9366
0.9742
0.8788
0.9952
0.9676
0.9582
0.9972
0.9898
0.9974
0.9306
0.9298
0.9118
0.9366
0.0274
0.1848
0.9892
0.9966
0.795
0.9948
0.9306
0.0136
0.9914
0.9134
0.9914
0.0744
0.9506
0.9774
0.7846
0.997
0.9058
0.8802
0.6604
0.9548
0.004
0.9854
0.5672
0
0.996
0.9946
0.8588
0.9932
0.8832
0.8802
0.9936
0.9928
0.9984
0.4074
0
0
0.3852
0.5902
0
0.174
0.0308
0.7862
0.9966
0
0.9978
0.9882
0.2122
0.8804
0.3792
0
0.9862
0.988
0.2072
0.9884
0.9904
0.9732
0.9976
0.209
0.9916
0.8994
4e-04
0.9944
0.9764
0.9884
0.0876
0.6982
0.24
0.0448
0.0646
0.976
0.9826
0.9986
0
0.9954
0.9938
0.996
0.9938
0.0086
0.9942
0.9894
0.985
0.8196
0.9916
0.9118
0.1172
0.9878
0.997
0.889
0.4196
0.9882
0.9002
0.9896
0.2514
0.238
0.8924
0.1128
0.125
0.9944
0.9986
0.1822
0.9978
0.965
0.992
0.9888
0.9978
0.841
0.9956
0
0.9812
0.0014
0.9722
0.1086
0.9782
0.9712
0.9856
0.7764
0.7712
0.3668
0.0018
0
0.9654
0.967
0.9846
0
0.988
6e-04
0.9196
0.9594
0.9734
0.0138
0.9174
0.9728
0.6942
0.7304
0.9348
0.925
0.0196
0.9902
0.7616
0
0.9912
2e-04
0.9678
0.961
0.9972
0
0.8602
0.9938
0.9978
0.9216
8e-04
0.9872
0.9586
0.9008
0.7432
0.231
0.8676
0.6812
0.7578
0.8666
0.9754
0.8346
0.9918
0.8502
0.0294
8e-04
0.9986
0.23
0.5312
0.9976
0.9572
0.6198
0.214
0.3066
0.9306
0.976
0
0.6362
0.3346
0.5398
0
0.868
0.9122
0.9418
0.9934
0
0.9818
0.9858
0.9972
0.9994
0.7098
0.9912
0
0.978
0.2994
0
0.8346
0.0066
0.9308
8e-04
0
0.8364
0.9852
0.8636
0.3434
0.854
0.9728
0.9008
0.837
0.9988
0.989
0.7644
0.9832
0.3642
0
0.9838
0.9666
0.7972
0.0032
0.0516
0.0046
0
0.9782
0.6598
0.977
0.949
0.9714
0.975
1
0.9834
0.0048
0.7068
0.0056
0.9952
0.757
0.015
0.9624
0.9952
0.793
0.997
0.9918
0.9944
0.9452
0.2736
0.9934
0.9898
0.962
0.9736
0.9998
0.9996
