0.7342
0.922
0
0.9952
0.0116
0.9846
0.9878
0.9742
0.9766
0.994
0.9234
0.9592
0.9948
0.906
0.3188
0.974
0.9952
0.9862
0.991
0.984
0.9796
0.5144
0.8248
0.965
0.9948
0.9728
0.9208
0.969
0.302
0.9962
0.8832
0.8886
0.4544
0.9928
0.9762
0.9276
0.9444
0.98
0.6844
0.9644
0.699
0.9934
0.952
0.9724
0.9056
0.9716
0
0.9904
0.9926
0.91
0.991
0.4454
0.9964
0.7706
0.138
0.9926
0.9572
0.994
0.7816
0.9948
0.998
0.9602
0
0.9734
0.003
0.7778
0.7356
0.835
0
0
0.9914
0.5832
0.9976
0.673
0.0038
0
0.9944
0.2596
0.9836
0.9922
0.9938
0.9892
0.9738
0.9812
0.895
0.9438
0.963
0.8024
0.9906
0
0.607
0.978
0.9672
0.1832
0.8464
0.9906
0
0.366
0.8682
0
0.9856
0.4912
0.972
0.9948
0.9368
0.9924
0
0.987
0.925
0.984
0.4222
0.985
0.142
0.738
0.8264
0.9098
0
0.9482
0.8748
0
0.9796
0
6e-04
0.9946
0.1644
0.9464
0.9946
0.9968
0.9632
0.9942
0
0.806
0.9934
0.9908
0.9936
0.913
0.959
0.944
0.9956
0.95
0.6904
0.1858
0.0206
0.9948
0.909
0.6758
0.9812
0.813
0.9328
0.5256
0.9934
0.9784
0.8958
0.9844
0.995
0.996
0
0.9916
0.9974
0.5682
0.5656
0.9458
0.8742
0.989
0.6494
0.9964
0.9662
0.9362
0.9132
0.0124
0.9886
0.9934
0.985
2e-04
0.9874
0.9434
0.9942
0.8236
0.8524
0.3132
0.9526
0.0592
0.9854
0
0.9978
0.9912
0.961
0.9846
0.8558
0.9258
0.9784
0.8716
0.855
0.9674
0.3814
0.948
0.9414
0.909
0.9568
0.7764
0.6786
0.909
0.9774
0.9714
0.994
0.9128
0.995
0.9488
0.9854
0.9888
0.5766
0.9088
0.9918
0.9952
0.9794
0.9784
0.9642
0.8962
0.9664
0.9692
0.982
0.8578
0
0.9908
0.9886
0.6776
0.9968
0.6162
0.7876
0.8608
0.997
0.9718
0.8676
0
0.9808
0.9722
0.803
0.7438
0.9856
0.988
0.9242
0.992
0.0032
0.9422
0.9638
0.7892
0.9044
0.9944
0.9712
0.9946
0.9646
0.8412
0.918
0.9252
0.9276
0.8954
0.7706
0.8928
0.9748
0.97
0.9922
0
0.947
0.9756
0.0104
0.9486
0
0.9838
0.9534
0.9594
0.996
0
0.9782
0.9746
0.9836
0.9962
0.9422
0.916
0.8888
0.0034
0.1776
0.9902
0.9828
0.2538
0.9078
0.8314
0.9312
0.9638
0.6802
0.9322
0.9784
0.9844
0.9826
0.995
0.5374
0.9226
0
0.9542
0.9906
0.9956
0.9854
0.9946
0.5898
0.9766
0.91
0.9886
0.9592
0.9678
0.4396
0.9742
0
0.8196
0.992
0.9748
0.9882
0.3388
0.995
0.994
0.9424
0
0.8602
0.9898
0.7818
0.9656
0.6582
0.9258
0.9962
0.965
0.4618
0.057
0.9792
0.923
0.4784
0.5954
0
0.9574
0.9248
0.9974
0.989
0.9594
2e-04
0.8232
0.9886
0.8896
0.917
0.7608
0.9878
0.8036
0.9338
0.955
0.9974
0.9646
0.5284
0.304
0.958
0.9742
0.9558
0.9774
0.9562
0.8198
0.9866
0.9332
0.9928
0.9534
0.9914
0.0416
0.4798
0.3312
0.0028
0.9738
0.9954
0.9204
0.9908
0.7738
0.994
0.9664
0.979
0.9922
0.9426
0.9962
0.943
0.8814
0.826
0.9166
0.9812
0.7232
0.9088
0.9534
0.9524
0.8012
0
0.961
0.934
0
0.9954
0.9478
0.989
0.9862
0
0.9906
0.002
0.898
2e-04
0.9836
0.7996
0.9858
0.9606
0.9024
0.9674
0.9922
0.9078
0.9642
0.9352
0.9344
0.9928
0.9844
0.9624
0.8282
0.9568
0
0.9848
0.9468
0.8406
0.9882
0.9958
0.9194
0.9946
0.9404
0
0.5348
0.8696
0.7624
0.5178
0.993
0.9194
0.9078
0.1638
0.9724
0.9928
0.6714
2e-04
0.034
0
0.9488
0.9044
0.9234
0.9038
0.8862
0.947
0.9276
0.3282
0.7352
0.9026
0.5582
0.952
0.9634
0.9066
0.1926
0.977
0.018
0.1204
0.9524
0.8974
0.984
0.989
0.9966
0.9918
0.9798
0.9154
0.9894
0.8334
0
0.9956
0.8332
0.9852
2e-04
0.0896
0.627
0.0282
0.9768
0.9646
0.9624
0.9594
0.9854
0.9858
0.7914
0.9214
0.9934
0.8976
6e-04
0.9972
0.9532
0.9594
0.8318
0.9268
0.9904
0.8494
0.9784
0.9434
0.9854
0.9868
0.9854
0.9288
0.1298
0.9942
0.9944
0.9654
0.0418
0
0.8712
0.9248
0.3926
0.2004
0.9758
0.9938
0.9868
0.6944
0.9696
0.9842
0.5886
0.6834
0.964
0.996
0.8524
0.0014
0.3954
0.9732
0.9908
0
0.99
0.9832
0.6312
0.9796
0.973
0.9842
0.7932
0.9124
0.9764
0.9946
0.9942
0.797
0.3836
0.994
0.9924
0.95
0.4506
0
0.962
0
0.995
0.9034
0.7886
0.9752
0.8948
0.5438
0.0488
0.7742
0.9106
2e-04
0
0.1352
0.8946
0.971
0
0.9632
0.9694
0.9722
0.7498
0.9912
0.3934
0.6892
0.9906
0.4554
0.0178
8e-04
0.9942
0.1736
0.937
0.9654
0.9
0.9126
0.9392
0.9232
0.9002
0.9638
0.446
0.2902
0.5302
0.6538
0.969
0.8236
0
0.8364
0.9698
0.9652
0.9896
0.2726
0.9922
0.949
0.915
0.9824
0.9808
0.9528
0.9936
0.9026
0.9
0.9942
0.8818
0.8722
0.675
0.9664
0.9858
0.8428
0.9612
0.988
0.8908
0.9048
0.9428
0.0134
0.9948
0.9892
0.9892
0
0.968
0.9356
0.7986
0
0.89
0.8018
0.99
0.8684
0.5094
0.9842
0.9336
0.9954
0.9746
0.8628
0.8624
0.9472
0.9862
0.9954
0.9056
0.8542
0.9918
0.7706
0.9886
0.9344
0.6024
0.9776
0.6624
0.9904
0.0112
0.856
0.9774
0.9834
0.9706
0.9146
0.9772
0.3824
0.9464
0.9966
0.9358
0.497
0.98
0.9836
0.1386
0.7418
0.9896
0.0452
0.5728
0.732
0.9952
0.9688
0.776
0.8874
0.9934
0.4504
0.9584
0.789
0.9888
0.9454
0.6678
0.8992
0.9224
2e-04
0.3958
0.2432
0.404
0.7136
0.9732
0.6562
0.9852
0.6146
0.8396
0.9104
0.9102
0.933
0.8532
0.9648
0.9218
0.9488
0.949
0.977
0.9286
0.9194
0.94
0.9736
0
0
0.7442
0.932
0.9622
0.7516
0.9846
0.9566
0.9662
0.982
0.6994
0.9618
0.007
0.8592
0.9864
0.9812
0.1604
0.9956
0.9886
0.0034
0
0.9956
0.943
0.9292
0.8406
0.9724
0.7356
0.4508
0.65
0.9926
0.9566
0.9862
0.956
0.9654
0.8626
0.9702
0.9572
0.93
0.976
0.5404
0.8568
0.992
0.9826
0
0.9454
0.6978
0
0.9426
0
0.9676
0
0.978
0.1732
0.571
0.9796
0.8466
0.9418
0.8726
0.8646
0.9746
0.9468
0.9904
0
0.9514
0.882
0.9774
0.8152
0.9942
0.8366
0.996
0.8616
0.9828
0.9594
0.9882
0.9314
0.9584
0
0.9834
0.9692
0.8174
0.9412
0.9784
0.8644
0.9694
0.935
0.9862
0.9816
0.9908
0.864
0.782
0.193
0.8362
0.0142
2e-04
0
0.972
0.996
0.9382
0.8698
0.9688
0.9942
0.9386
0.7186
0.0022
0.9926
0.8074
0.9574
0
0.1056
0.9594
0.966
0.9586
0.9826
0.9596
0.9438
0.9212
0.9074
0.7378
0.8484
0.9632
0.9702
0.973
0.9914
0.799
0.7282
0.9404
0.8914
0.7224
0.9712
0.9896
0.743
0.0504
0.9852
0.9916
0.9844
0.9324
0.956
0.9892
0.8736
0.9762
0.0176
0.8014
0.827
0.986
0.877
0.8958
0.0748
0.9676
0.027
0.9878
0.982
0.8492
0.9968
0.8258
0.9964
0.9918
0.2874
0.9134
0.1364
0.9946
0.9846
0.9678
0.973
0.944
0.9814
0.9392
0.9834
0.916
0.9738
0.9938
0.4712
0.966
0.974
0.955
0.6214
0.9826
0.9866
0.0358
0.8672
0.9624
0.9092
0.961
0.9584
0.9332
0.8506
0.9558
0.9926
0.972
0.9602
0.9818
0.979
0.9624
0.8918
0.9378
0.9934
0.9032
0.8996
0
0.9822
0.5754
0.917
0.0946
0.986
0.9688
0.9786
0.9634
0.9926
0.993
0.098
0.9516
0.5522
0.989
0.9908
0.99
0.953
0
0.839
0.9142
0.826
0.993
0.9434
0.9676
0.9724
0.9462
0.0022
0.993
0.9856
0.9886
0.6472
0.766
0.5716
0.9378
0.9916
0.1896
2e-04
0.0044
0.8936
0.5704
0.9918
