1
1
0.0238
1
0.7002
1
1
1
1
1
1
1
1
1
0.9994
1
1
1
1
1
1
1
1
1
1
0.9998
1
1
0.9372
1
1
1
0.996
1
1
1
1
1
0.9988
1
1
1
1
1
0.9728
1
2e-04
1
1
1
1
0.8082
1
0.9898
0.9928
1
1
1
0.9944
1
1
1
0.0338
1
0.0648
0.9994
0.7054
1
0
0
1
0.9992
1
1
0.2222
2e-04
1
0.9978
1
1
1
1
1
1
1
1
1
0.9296
1
0
0.9868
1
1
0.9996
0.9998
1
0
1
0.9998
4e-04
1
0.997
1
1
1
1
0.0012
1
1
1
0.946
1
0.9986
0.9994
0.9824
1
0
0.9496
1
0
1
0
0.6746
1
0.1988
1
1
1
1
1
0.0696
1
1
1
1
1
0.9994
1
1
1
1
0.2908
0.6594
1
1
0.9984
1
0.9996
0.9998
0.9996
1
1
0.9998
1
1
1
0.0698
1
1
1
0.9754
0.9958
0.731
1
0.9988
1
1
0.9996
0.9998
0.1722
1
1
1
0.1078
1
1
1
0.999
0.9998
0.9924
1
0.9952
1
2e-04
1
1
1
1
0.9998
1
1
0.9956
1
1
0.9996
1
0.9998
0.9998
1
1
0.1864
1
1
1
1
1
1
1
1
1
0.9094
1
1
1
1
1
1
0.9998
1
1
1
1
2e-04
1
1
0.9786
1
1
0.999
0.9884
1
0.9998
1
0.0016
1
1
0.999
0.9978
1
1
1
1
0.067
1
0.2692
0.9996
0.9998
1
0.9998
1
1
1
0.9974
0.9998
1
1
0.9902
1
1
1
1
6e-04
1
1
0.3968
1
4e-04
1
0.9998
1
1
0
1
1
0.9926
1
1
1
1
0.0732
0.6302
1
1
0.8628
1
0.994
1
1
0.999
1
1
1
1
1
0.9252
0.999
2e-04
1
1
1
1
1
0.7712
1
0.9998
1
0.9374
1
0.43
1
2e-04
0.9996
1
1
1
0.4856
1
1
1
0.0036
1
1
0.6116
1
0.877
1
1
1
0.9838
0.578
1
0.9998
0.9838
0.3974
0
1
0.9992
1
1
1
0.0094
0.9958
1
0.9986
0.9998
0.9932
1
0.9982
0.9998
1
1
0.9998
0.292
0.4064
1
1
1
1
1
0.9994
1
1
1
0.9994
1
0.3738
0.933
0.32
0.0064
1
1
0.9996
1
0.999
1
1
1
1
0.9996
1
1
1
1
1
0.9884
0.994
1
0.9978
0.984
0.9984
0.0022
0.9998
0.9994
0.0014
1
0.9998
1
1
0
1
0.1984
1
0.0084
1
0.9976
1
1
1
1
1
0.9998
0.9998
0.9998
1
1
1
0.9798
0.7524
1
2e-04
1
1
0.9998
1
1
1
1
1
0.002
0.6798
0.9998
0.9994
0.339
1
1
0.9982
0.3682
1
1
0.989
2e-04
0.517
0
0.9998
0.9996
1
0.9998
0.9992
0.9998
1
0.9986
0.9932
0.9996
0.9028
0.9998
1
0.9998
0.9602
0.9998
0.2466
0.2018
0.9992
1
1
1
1
1
1
1
1
1
0
1
0.9992
1
0.0054
0.0574
0.9642
0.1996
1
1
0.9996
1
1
1
0.9986
1
1
1
0.0188
1
1
0.9998
0.9976
0.986
1
0.9956
1
0.999
1
1
0.9968
1
0.8604
1
1
1
0.5016
0.0058
0.9996
0.9984
0.9866
0.9264
1
1
1
0.6658
0.9996
1
0.9906
0.9988
1
1
0.9984
0.013
0.8728
0.9994
1
0.0168
1
1
0.5714
0.999
0.998
1
0.9784
1
1
1
1
0.9998
0.2328
1
1
1
0.259
0
1
0
1
0.9984
0.9948
1
1
0.8284
0.246
0.9962
0.9998
0.0096
4e-04
0.0752
0.9994
0.9992
2e-04
1
1
1
0.995
1
0.3222
0.9898
1
0.7802
0.0578
0.2272
1
0.1794
1
0.9998
1
0.996
0.9998
0.999
0.9982
1
0.986
0.3272
0.9828
0.9994
1
0.9992
0
0.9972
1
0.9998
1
0.9536
1
1
0.9998
1
0.9252
1
1
1
0.9956
1
0.9984
0.9992
0.9464
1
1
0.999
1
1
0.9988
0.9998
0.9998
0.0788
1
1
1
0.0066
1
0.9998
0.997
0
0.9984
1
1
0.9996
0.8572
1
0.9854
1
1
0.9998
0.9998
1
1
1
0.9998
0.9966
1
0.9968
1
0.9992
0.9866
1
0.9962
1
0.1152
0.9994
1
1
1
0.999
1
0.9022
1
1
0.9982
0.9718
0.9998
1
0.16
0.9996
1
0.522
0.9892
0.9946
1
0.9652
0.9978
0.9932
1
0.5654
1
0.9966
1
0.9982
0.999
0.9992
1
0.0088
0.3604
0.9224
0.9838
0.9864
1
0.991
1
0.9926
0.9998
0.9998
1
1
0.9654
0.9998
0.9998
0.9998
0.9998
1
1
0.998
0.9992
1
0.1064
0.0988
0.9664
0.9994
1
0.9996
1
1
1
1
0.9988
1
0.7178
0.9998
1
1
0.9516
1
1
0.0052
0
1
1
0.9992
0.9968
1
0.9896
0.7382
0.9904
1
0.9996
1
1
1
0.9998
1
0.9994
0.9998
1
0.9728
0.8624
1
1
0
1
0.982
8e-04
0.9672
2e-04
0.9996
0.0034
1
0.6686
0.957
1
0.999
1
1
1
1
0.9998
1
0
0.9992
0.9998
1
0.9386
1
0.9992
1
1
1
1
1
0.7788
1
0
1
1
0.9936
0.8756
1
0.9988
0.9316
0.9998
1
1
1
0.9964
0.272
0.5614
0.9998
0.7568
6e-04
0
1
1
1
0.9972
1
1
0.9974
0.798
0
1
0.9688
0.9996
0
0.6068
1
0.9998
1
1
0.9996
0.9994
0.9994
0.9934
0.198
0.9994
0.9998
1
1
1
0.998
0.9528
1
0.9994
0.4356
1
1
0.9752
0.0722
1
1
1
0.9992
1
1
0.992
0.9998
0.0602
0.9704
0.9988
1
0.9992
1
0.1854
0.9998
0.2038
1
1
1
1
0.9992
1
0.9998
0.8386
0.9984
0.0492
1
1
1
1
1
0.9976
1
0.9988
0.9988
1
1
0.9954
1
1
1
1
1
1
0.0154
0.9834
1
1
1
1
1
1
0.9994
1
1
0.9998
1
1
1
0.999
1
1
0.996
1
0
1
0.7562
1
0.9542
1
0.9992
1
0.9998
1
1
0.6104
1
0.8972
1
1
1
1
0
0.9988
0.9914
0.9906
1
1
1
1
0.9998
0.1516
0.9834
1
1
0.9992
0.9998
0.9782
0.9992
1
0.127
0.3098
0.0658
0.9992
0.916
1
