0.0302
0.0022
0.1074
0.0056
1
0.0044
0.7948
0.0036
0.0038
0.0096
1
0.9984
0.0884
0.0226
0.9996
1
0.005
0.0032
0.0994
0.0086
1
0.0032
0.0084
0.0036
0.0048
1
1
0.0104
1
0.0034
0.7022
0.009
0.0068
1
0.028
0.9986
0.0028
0.012
0.0066
0.0048
0.0052
0.0052
0.9998
1
0.0074
0.0034
0.006
0.0542
0.0256
0.0052
0.9996
0.004
0.0042
1
1
0.0076
1
0.0098
0.0076
0.0054
0.0036
0.0078
0.0134
1
0.016
0.0044
0.0058
0.0044
0.0086
0.0312
0.0142
0.0072
1
0.0094
0.0072
0.0044
0.0072
0.013
1
0.005
0.0038
0.0064
0.009
0.0074
0.9398
0.0048
0.0076
0.003
1
1
0.005
0.0126
1
0.0112
1
0.0126
0.0034
0.01
0.0022
1
0.005
0.007
0.005
1
0.007
0.0036
0.0682
0.0888
1
0.013
0.0066
0.003
0.0066
0.0044
0.7052
0.01
0.0042
0.011
0.0068
0.004
0.04
0.0152
1
0.9602
0.0362
0.0144
1
0.0066
1
1
0.0056
0.8372
0.0238
0.0056
0.012
0.0078
0.0192
1
0.001
0.9968
0.0056
1
0.0024
0.0094
0.0068
0.005
0.003
0.0064
0.0058
0.0604
0.0024
0.0032
0.0076
1
0.0094
1
1
1
1
0.0036
1
1
0.027
0.0066
0.0048
0.0042
0.0168
0.0036
0.0102
0.0046
1
0.0126
0.0056
0.005
0.0182
1
0.0048
0.0022
0.0086
0.0054
0.0068
1
0.01
1
0.0314
1
0.0162
0.0088
1
0.0032
1
0.0044
0.003
0.0092
0.009
0.0138
1
0.0192
1
0.0048
0.0056
0.048
0.004
0.0124
1
1
0.0066
0.0048
0.0032
0.0146
1
1
0.0036
0.0048
0.0132
0.0036
0.0026
0.0332
0.0094
1
1
0.0038
0.0042
0.4246
0.01
1
1
0.0034
1
1
0.0056
1
1
0.006
0.0034
0.0056
0.9992
0.0072
0.0126
0.7498
0.0046
1
0.0028
0.007
1
0.9938
0.0074
0.0154
0.004
1
0.0284
0.0172
0.016
0.0346
0.005
0.0026
0.0214
0.0202
0.0192
0.0146
0.0142
0.0064
0.044
0.003
0.0128
1
0.0246
0.004
0.0046
0.9928
1
0.0206
0.0552
0.0092
0.0216
0.0356
1
0.0094
1
0.0128
1
0.0294
0.0056
0.0134
0.9902
0.0272
0.0568
0.0082
0.0052
0.0048
0.0032
0.0032
0.0038
0.017
0.0212
0.0056
1
0.03
0.0038
0.0044
0.007
0.0038
1
0.0108
0.0276
0.005
0.004
0.0076
0.0048
0.0048
0.05
0.0208
0.004
0.0048
0.0068
0.0046
0.023
1
0.0054
0.0124
0.0112
0.0032
1
0.0086
1
0.0056
0.0068
1
0.005
1
0.0168
0.1092
0.0032
0.0042
0.0064
0.0418
0.0282
0.0058
0.0016
0.0046
0.1122
0.0028
0.0104
0.0074
0.0054
0.0044
0.0064
0.0174
0.0062
0.04
1
0.9792
0.0066
0.005
0.0096
0.0408
1
1
0.3034
0.005
0.003
0.0082
1
1
0.0036
1
0.007
0.0032
0.0058
0.0096
1
0.0048
1
0.0116
0.0074
0.004
0.0048
0.0034
0.0344
0.0054
1
0.0032
0.0044
0.003
1
0.0114
1
0.0046
0.9846
0.006
0.0154
0.0036
0.0034
0.005
0.0086
0.003
0.0062
0.0878
0.004
0.0154
0.0066
0.01
0.003
1
1
0.1134
0.004
1
0.0036
0.0102
0.0072
1
0.0228
0.0076
0.006
0.0056
0.01
0.0132
0.266
0.8584
0.0048
0.0076
0.0052
0.0042
1
0.0038
0.0108
0.007
0.0094
0.0052
1
0.0036
0.0324
1
0.0064
1
0.0038
0.01
0.0322
0.2304
0.0032
0.0122
0.0138
0.0036
1
0.0062
0.0072
1
0.0056
0.0126
1
0.0058
0.0026
0.0032
0.011
0.0876
0.0086
1
0.005
0.0048
0.0046
0.003
0.007
0.0078
0.0306
1
1
1
0.0364
0.0108
0.0038
0.0264
0.0064
0.0132
0.0044
0.0032
0.003
1
0.0902
0.0046
1
0.0724
