0.0048
1
0.0768
0.0116
0.0056
1
1
0.9926
1
0.0044
0.0952
0.0314
1
0.0076
0.0058
0.0114
0.9884
1
0.0084
0.0094
0.0266
0.0042
0.0064
0.006
0.0148
0.0062
1
0.0048
0.0054
0.006
0.1018
0.0148
0.019
0.047
0.0042
0.0084
0.0072
0.381
0.0056
1
0.0038
0.0106
0.0034
0.0102
0.0098
0.0214
0.0078
0.0052
1
0.0064
0.0068
0.0096
0.1582
0.0104
0.0142
0.0078
0.0146
0.0092
1
0.004
0.0156
0.0156
0.007
0.01
1
0.0116
0.005
0.1182
0.0214
0.008
0.0096
0.008
0.9988
0.0082
1
1
0.0092
0.007
0.0056
0.0074
0.0068
0.0094
1
1
0.0036
1
0.0046
0.0066
0.0072
0.0046
0.0072
0.0122
0.005
0.015
0.0058
0.008
0.006
1
0.4998
0.0038
0.006
1
1
0.0072
0.008
0.002
0.0058
0.0056
0.0078
0.0038
0.0058
1
0.9916
0.0084
0.0136
0.0076
0.006
0.0078
0.0064
0.004
0.0078
0.2014
0.008
0.006
0.0188
0.0048
0.0248
0.0082
1
0.0094
0.005
0.0084
0.012
0.039
0.008
0.0054
0.0074
0.0066
0.005
0.9942
0.006
0.0058
0.0046
0.007
0.0062
0.02
0.0034
0.0142
0.0104
0.0054
0.0068
0.0102
0.007
0.003
0.0056
0.0202
0.0156
0.15
0.0048
0.0064
0.0086
0.06
1
0.0048
0.0114
0.0054
0.0136
0.007
0.012
0.0058
0.0082
0.1198
0.0064
0.0112
0.8954
0.007
0.006
0.0072
1
0.0074
0.0066
0.0084
0.0048
1
0.0056
0.014
0.0066
0.0354
0.0066
1
0.0086
0.0514
0.0066
0.0466
0.013
0.0066
0.0536
0.0078
0.0104
0.0094
0.0052
0.006
0.008
0.0072
0.0048
1
0.006
0.0054
0.0052
0.0084
0.0064
0.0074
0.008
0.01
0.005
0.6256
0.006
0.0078
0.0126
0.01
0.0158
0.0052
0.005
1
0.0172
0.0082
0.0044
0.0056
0.005
0.0048
0.006
0.0134
0.0146
0.0046
0.0072
0.0192
0.007
0.0086
0.01
0.0054
0.0054
0.0588
1
0.0046
0.0164
0.0082
0.0074
0.007
0.0038
0.024
0.0088
0.0038
0.0076
0.0056
0.0204
0.034
0.0048
0.2788
0.0052
0.0082
1
0.0088
0.0064
0.0254
0.007
0.0538
0.0042
0.0052
0.0086
1
0.0064
0.0228
0.0064
0.007
0.0052
0.0084
0.0058
0.047
0.0046
0.0772
0.0114
1
0.0044
0.0084
0.004
1
0.0164
0.0058
0.0042
1
0.757
0.0054
0.0058
0.0516
0.012
0.0068
0.0054
0.0086
0.0306
0.0102
1
0.0028
0.0036
0.0082
0.0054
0.4768
0.005
1
0.0036
0.0092
0.0226
0.0082
0.0042
0.0066
0.005
0.0086
0.0078
0.007
0.0038
0.0202
0.0084
1
0.0072
0.003
0.0058
0.0044
0.0032
0.0068
1
0.0078
0.0026
0.006
0.0064
0.0068
0.8868
1
0.031
0.0046
0.0062
0.0076
0.0078
0.0028
0.0068
0.0046
0.0064
0.0104
0.0068
0.0048
0.0022
0.003
0.0086
0.0058
0.0036
0.004
0.0048
1
0.0088
0.0036
0.0062
0.004
0.8916
0.006
1
1
0.007
1
0.0038
0.0044
1
0.0042
0.0076
0.0052
0.004
0.0042
0.0058
0.0076
0.0052
0.0058
0.0096
1
0.0086
0.1122
0.0038
0.0116
0.0072
0.0046
0.0066
0.0036
0.006
0.007
0.0194
0.0024
0.0058
0.009
0.0048
0.0058
0.6234
0.0056
0.0152
0.0064
0.0056
1
1
0.007
0.0086
0.0082
0.01
0.0618
0.0218
0.0176
1
1
0.0036
0.0154
0.0104
0.0086
0.0062
0.1488
0.0034
0.0086
0.0106
0.1788
0.0054
0.0084
0.0046
0.0076
0.0078
0.0048
0.01
0.4268
0.0074
0.9998
0.0082
0.0026
0.0078
0.0078
0.0046
0.0034
0.007
0.0104
0.0752
1
0.0052
1
0.0124
0.0116
0.0266
0.0132
0.0094
1
0.0092
0.0066
0.0072
1
0.0046
0.0056
0.0066
0.2892
0.0046
1
0.0144
0.0024
0.01
1
0.0074
0.0122
0.0254
0.006
0.004
1
1
1
0.9968
0.0194
0.0058
1
0.1272
0.0096
1
1
0.0066
0.0108
0.7094
0.0118
0.0128
0.0146
0.0066
0.0052
0.0028
0.0028
0.3232
0.011
0.0344
0.0668
0.1374
0.0984
0.0076
0.007
0.0064
0.0078
0.0028
0.0112
0.0088
0.0068
0.0114
0.0056
0.0094
0.0074
0.0084
0.0046
0.005
0.0046
0.0038
0.0074
0.0052
0.0106
0.0238
0.0062
1
0.008
1
0.0062
0.0136
0.032
0.0074
0.0258
0.0066
0.5738
0.013
0.0108
1
0.004
0.0056
0.009
0.0062
0.006
1
0.0044
0.007
0.0092
0.0058
0.0058
0.0038
0.0062
0.0078
0.0038
0.009
0.01
1
0.9998
1
0.0032
0.0192
0.0052
0.0058
0.0056
1
0.0078
0.0082
0.0052
0.0122
0.0076
0.0088
0.2764
0.0186
1
1
0.007
1
0.0214
1
0.0274
0.033
0.0074
1
0.0128
0.0058
1
0.0096
