1
0.0018
0.0046
8e-04
0.9684
4e-04
0.9986
1
8e-04
0
0
1
1
0.0062
0.0028
0.0022
0.002
0.441
2e-04
2e-04
0.0014
8e-04
0.0038
0.001
0.978
0.7728
2e-04
0.0012
0.9996
0.001
0.0018
0.0022
1
0.0024
2e-04
0.0058
0.0024
2e-04
0.0016
4e-04
1
6e-04
1
1
0.0016
1
0.0098
0.0664
0.0022
0.0016
1
0.0012
0
8e-04
1
0.0104
0.0032
0
0.0014
1
0.0024
0.0038
0.001
0.0016
6e-04
6e-04
0
1
1
0.0062
1
2e-04
0.9572
0.0012
0.0018
1
1
0.0028
4e-04
0.2342
0.0066
0.1988
0.001
6e-04
6e-04
0
0.0032
0.0034
0.001
0.0014
0.0026
1
1
0.0018
0.0016
0.004
8e-04
0.0028
0.0022
1
0.0242
0.3244
0.0112
4e-04
0.001
2e-04
0.0014
6e-04
0.0084
0.0028
0.0028
0.0148
0.0034
0.0024
0.0022
0.6526
8e-04
0.0034
1
0.0056
0.072
0.0022
2e-04
0.7292
0.0014
0.998
0.002
8e-04
0.0042
4e-04
8e-04
0.0028
6e-04
0.0016
0.004
0.001
0.0012
4e-04
0.025
0.0104
1
0.0014
1
0.0058
0.0012
0.0052
0
0.0084
0.004
0.0038
0.0012
0.0034
1
0.0032
0.0016
1
0.0076
0.0328
8e-04
0.0018
0.0048
0.0234
0.0044
0.0046
0.0056
0.0034
0.013
0.1504
0.001
1
0.018
1
0.0016
8e-04
0.0196
0.002
1
8e-04
1
0.001
0.0012
1
0.0358
1
0.0022
0.001
4e-04
0.0016
0.0312
6e-04
0.0018
0.007
6e-04
0.001
1
0.0016
1
1
0.0016
0.0526
1
1
1
1
0.001
0.001
0.0016
1
2e-04
1
0.0058
0.6716
0.3584
0.001
0.0058
0.0026
4e-04
0.0068
0.0016
0.0016
4e-04
0.001
0.0034
0.0026
0.442
0.0022
0.0076
2e-04
1
0.0046
1
0
0.1192
0.004
0.0066
1
0.0018
0.0052
1
0.1192
0.0014
4e-04
0.0014
0.0028
0.001
2e-04
0.9186
1
1
2e-04
6e-04
0.0094
0.0018
4e-04
4e-04
0.0302
1
0.3078
0.009
0
1
2e-04
0.0016
0.0096
0.0018
0.0016
0.002
6e-04
6e-04
1
0.0064
1
1
0.0236
0
1
8e-04
0.0016
1
0.0022
6e-04
0.0156
0.003
0.0202
1
4e-04
1
0.0572
0.014
0.006
0.002
0.0018
0.0072
4e-04
0.001
1
1
1
1
2e-04
0.0028
4e-04
0.007
0.001
0.001
6e-04
0.002
0.001
0.0012
0.2322
6e-04
0.0136
1
0
4e-04
4e-04
1
0.014
0.0026
0.0018
2e-04
0.0028
4e-04
2e-04
0.0052
0
0.003
1
0.0034
6e-04
1
0.0028
0.0666
6e-04
1
0.066
0.0024
0.0222
1
0.9976
1
4e-04
0.0088
0.0386
0.002
1
1
0.0172
2e-04
1
0.0118
6e-04
0.024
0.0816
0.0076
2e-04
0.0078
1
0.0012
0.0598
1
0.0012
1
4e-04
0.0024
0.0056
8e-04
0.0052
0.0176
0.0072
2e-04
0.0092
4e-04
1
0.0012
0.0052
6e-04
6e-04
0.0032
1
1
0.0076
1
0.001
6e-04
0.002
0.0012
0.0058
0.0136
0.002
1
1
0.002
0.0074
2e-04
0.002
0.0026
0.0424
6e-04
0.0076
0.0024
0.013
1
1
1
0.9998
0.0012
0.0014
1
4e-04
0.1604
0.001
1
0.0136
0.0066
0.029
0.008
0.0492
0.0072
1
4e-04
1
0.0022
1
0.015
0.048
1
1
0.0306
0.0038
0.0066
0.594
8e-04
0.0076
0.0022
0.6582
1
0.0026
0.0108
2e-04
0.005
0.9998
0.0072
1
1
1
0.0488
2e-04
0.0028
1
0.0162
4e-04
1
0.0284
0.0058
0.0028
0.0022
0.061
0.002
0.0018
0.0594
1
0.027
0.0044
0.0424
0.0012
0.0052
4e-04
0.0038
2e-04
2e-04
0.9978
0.0078
0.0758
1
1
0.1638
1
0.0384
0.0042
1
0.0014
0.0038
0.1066
0.003
0.0086
1
1
0.0038
0.0062
0.004
1
1
0.0016
1
0.0044
0.0022
0.9948
0.0052
0.0032
0.0042
0.0034
0
0.0314
0.0014
0.0044
0.0048
0.001
0.0106
0.0012
0.379
0.0286
0.0012
0.009
6e-04
1
0.0052
1
1
0.0586
0.0038
1
0.0028
0.0038
1
0.0038
0.0142
0.0052
0.007
0.9998
1
1
0.0028
1
0.001
0.996
0
0.0014
8e-04
0.0082
0.001
0
0
0.0062
0.0026
0.0012
0.0016
0.0064
0.0036
0.003
1
4e-04
0.0068
0.006
0.0012
0.0034
0.0208
1
1
0.0042
0.7864
0.006
0.0038
0.0022
0.006
0.0276
0.1966
0.0046
0.1632
0.0038
0.0588
0.0028
6e-04
0.0076
0.0036
8e-04
0.0102
1
0.0012
6e-04
1
0.0048
0.004
4e-04
1
0.0016
0.0312
2e-04
0.0086
0.0016
1
0.0214
0.0012
1
1
0.006
8e-04
0.0118
0.003
4e-04
1
0.0132
0.0012
0.0052
0.0108
2e-04
0.003
0.0166
2e-04
8e-04
0.0038
6e-04
1
0.0118
0.0012
1
0.0112
0.0158
0.5902
0.9678
1
0.037
0.4994
2e-04
0.0044
1
0.0032
0.0084
1
0.0036
1
0.0014
0.002
8e-04
1
1
0.0062
0.0022
0.0198
0.005
0.008
4e-04
6e-04
0.0076
0.7556
0.0038
0.0034
0.0014
0.0068
4e-04
8e-04
0.9994
0.0424
0.002
1
0.0022
0.0028
2e-04
1
6e-04
0.0036
0.0024
0.0012
0.0066
0.0012
0.0016
0.337
0.0148
0.0014
1
1
1
0.0014
1
0.0012
8e-04
0.01
4e-04
0.0154
0.9974
1
1
1
0.0012
6e-04
4e-04
0.0036
0.0058
1
0.0032
0.0148
0.0018
0.0024
0.0012
0.0014
1
6e-04
0.0014
1
0.0142
1
0.004
0.0012
1
1
1
4e-04
8e-04
0.0022
1
0.9468
1
4e-04
0.0014
0.0028
1
1
0.001
0.0334
0.002
0.0164
1
0.04
0.0054
0.0028
0.0042
2e-04
0.004
0.0046
0.0036
0.002
0.0014
2e-04
6e-04
1
8e-04
0.001
6e-04
0.0064
1
0.0052
1
4e-04
0.0048
1
2e-04
0.001
0.001
0.001
0.731
6e-04
2e-04
0.0022
0.5022
6e-04
0.002
1
0.001
1
0.001
0.007
0.0068
0.0016
0.8842
0.0052
0.0012
1
0.0036
0.0028
1
6e-04
1
0.005
4e-04
1
0.0044
0.0012
0.0074
0.0046
0
6e-04
1
4e-04
0.0026
0.9862
0.0032
1
0.001
0.0058
0.0016
1
1
0.003
0.0112
0.0062
1
0.0016
1
0.0058
1
1
1
1
1
4e-04
0.003
4e-04
1
8e-04
0.0014
0.0088
1
2e-04
1
0.0184
0.0024
0.0034
1
0.0086
0.0212
0.0062
4e-04
0.024
0.002
0.0164
0.017
1
0.0146
1
0.0016
0.0184
4e-04
0.9636
4e-04
0.0056
6e-04
0.0098
1
1
1
0.6146
0.0012
1
8e-04
1
0.0012
1
2e-04
1
0.003
8e-04
0.0012
1
0.0038
1
0.8768
0.3802
6e-04
0.0018
1
0.017
1
0.0042
6e-04
0.1358
8e-04
0.0232
0.0024
0.0032
0.0076
1
1
1
0.0012
0.042
0.0018
1
8e-04
0.004
0.005
0.0012
0
0.006
0.0728
0.001
1
1
0.0144
0.0064
1
0.005
0.0034
0.006
0.0014
0.0018
0.0072
0.0038
6e-04
0.0036
0.0318
0.0088
0.014
0.0066
0.0188
2e-04
0.0014
0.129
6e-04
0.0014
0.0128
1
0.0074
1
1
0.0032
0.052
0.0032
0.007
1
0.0016
0.0056
0.0096
0.0034
0.003
0.2082
6e-04
0.0152
1
0.2372
1
0
0.4532
0.0036
0.0032
0.0046
1
0.002
0.0096
0.0074
0.9598
2e-04
0.1382
0.001
0.1708
0.001
0.002
4e-04
0.0134
0.0028
1
6e-04
0.0016
1
1
1
0.9972
0.005
0.001
4e-04
0.0018
1
0.0026
0.0042
6e-04
0.0146
0.9968
1
0.0042
0.0018
1
1
0.0122
0.1704
0.0138
4e-04
8e-04
1
6e-04
0.9996
8e-04
2e-04
1
0.0018
0.0012
1
1
0.0014
0.0612
8e-04
0.0166
1
0.0048
0.0036
0.0018
0.0064
1
0.0012
0.0098
0.0032
0.0098
1
0.0044
2e-04
1
0.0034
1
8e-04
1
0.4212
1
0.0156
0.0062
1
0.0458
0.0012
0.003
0.9668
1
1
1
8e-04
0.0128
6e-04
0.0038
0.0018
0.0034
0.0232
0.2158
0.0026
0.0112
0.001
1
0.004
1
0.0042
0.0036
0.008
1
1
0.012
0.005
0.002
0.7122
0.0032
0.052
1
1
0.002
0.0012
0.0068
1
0.0462
0.001
1
6e-04
0.9896
0.0472
0.0062
8e-04
0.001
1
0.0156
0.002
0.0066
1
0.0022
0.173
0
1
0.0098
0.0048
4e-04
0.0288
0.0042
0.0022
1
1
0.0052
0.025
0.0044
0.0016
0.9856
4e-04
0.0454
1
6e-04
0.0238
0.005
1
0.01
0.001
0.0024
0.0216
1
1
0.001
1
6e-04
0.033
1
0.0028
0.005
2e-04
0
0.0064
0.0012
1
0.058
8e-04
0.0022
0.0028
0.0014
1
2e-04
0.0442
1
0.0012
0.0208
0.0096
0.0026
0.0046
6e-04
0
0.0036
0.0024
0.0146
0.004
0.0032
0.0058
4e-04
0.0024
1
1
2e-04
0.002
1
0.0034
0.005
0.004
0.001
1
0.0032
0.4416
0.0064
0.0044
0.001
0.0056
0.0054
1
0.001
0.0036
6e-04
0.0014
1
0.0068
0.0068
0.002
0.0298
0.0034
1
0.0014
0.1674
0.0044
2e-04
0.0218
1
1
0.0022
8e-04
1
0.0036
0.0056
0.002
1
0.0052
0.0036
1
4e-04
0.0146
0.0028
0.0052
0.758
0.0016
1
0.0074
0.034
0.0042
0.0404
0.0048
0.0054
0.0018
0.0154
0
0.0018
1
0.0198
0.2328
0.8038
0.0026
1
0.0016
1
1
0.4162
0.5332
6e-04
0.0014
1
6e-04
1
0.0034
0.0316
8e-04
0.0052
1
6e-04
0.0064
0.0014
1
0
0.0016
0.0012
0.0052
0.0032
6e-04
0.0342
2e-04
0.0024
0.0018
0.004
0.0108
0.0014
0.0046
0.0178
0.0138
0.003
0.003
0.0048
0.0106
6e-04
0.0098
0.0058
0.9998
0.0036
1
0.9612
0.0192
0.0018
0.0036
0.0056
1
0.002
0.0068
1
0.9916
4e-04
0.0062
0.0066
6e-04
6e-04
1
1
4e-04
0.0016
0.0178
0.0032
0.042
0.0138
2e-04
0.0036
1
0.003
1
0.0024
0.0306
0.0034
0.0112
1
0.1276
0.0018
0.004
0.027
0.0022
0.001
0.0196
0.0018
1
0.005
8e-04
0.0364
1
1
0.0024
1
0.0092
1
0.0014
0.017
1
1
1
1
0.023
0.005
1
0.0056
1
1
2e-04
0.0174
0.006
0.0098
0.0052
1
0.005
0.001
0.0176
0.002
0.008
0.9994
0.044
0.01
1
0.0032
1
0.0014
0.0084
0.0028
0.0018
0.0018
4e-04
2e-04
0.004
0.0046
4e-04
0.0012
0.0022
0.0022
0.001
0.0198
0.0012
0.0018
0.0904
0.0014
0.0606
0.002
1
0.0076
0.0026
1
0.0092
1
1
0.0026
0.0074
1
1
0.0064
8e-04
1
0.001
0.0024
0.0144
0.0088
0.0252
0.005
0.0056
0.0032
1
8e-04
0.0012
0.004
1
0.0022
0.002
4e-04
1
0.0048
0.0104
0.0016
0.0034
0.0058
1
0.0046
0.0632
0.006
0.0072
1
1
0.9972
1
0.0014
0.0042
0.0018
0.0012
0.1054
0.0032
0.0038
0.009
4e-04
0.0028
0.001
6e-04
0.0056
0.0016
0.0338
0.0012
1
1
1
0.003
0.0046
1
0.001
1
0.0022
1
2e-04
1
0.007
0.0022
1
2e-04
0.0122
0.0078
6e-04
0.015
0.0024
0.0128
6e-04
4e-04
0.03
0.0044
0.0016
0.0042
1
0.9994
0.0194
0.004
0.006
0.0202
0.0078
8e-04
0.0012
0.023
0.0056
6e-04
1
0.0018
1
1
2e-04
1
1
0
0.0012
0.0014
0.0024
4e-04
0.0148
6e-04
0.003
0.0186
1
1
0.0294
0.0138
0.006
0.0062
1
1
0.0244
0.0032
0.0136
0.0024
1
0.0028
0
6e-04
1
0.018
0.0022
1
0.001
1
0.004
0.0012
0.0012
0.0176
1
0.0078
6e-04
1
0.0074
0.0014
0.0082
0.0196
0.3202
0.0052
4e-04
0.0032
0.9608
4e-04
0.0068
0.0026
0.0028
0.0038
1
0.2558
0.0072
0.0062
1
4e-04
0.0118
6e-04
0.0032
0.0104
0.0064
1
1
0.1402
4e-04
0.077
0.003
0.0012
1
0.0106
0.0044
0.0018
1
1
1
1
0.0086
1
0.0054
0.1326
0.9992
2e-04
0
1
0.0142
2e-04
1
6e-04
0.002
1
1
0.0044
1
0.0096
0.0094
1
0.0298
8e-04
0.0066
0.0762
0
0.982
0.0138
0.002
0.008
1
0.0688
0.0254
0.0184
0.004
0.002
0.0062
6e-04
6e-04
0.0124
0.013
0.0028
1
0.0018
1
0.0026
0.0068
1
0.0284
0.002
0.0044
1
0.0134
0.0012
6e-04
1
0.0014
0.001
0.0016
2e-04
0.0114
0.0034
0.003
0.0024
0.01
6e-04
0.0104
0.002
1
0.8902
1
0.0054
0.0032
0.0012
0.002
0.0134
0.0048
0.009
8e-04
0.0492
0.1278
6e-04
0.001
0.0172
0.0026
0.0044
0.0834
1
0.0144
0.0016
1
1
4e-04
0
0.0048
0.0016
1
0.0104
1
0.8434
2e-04
1
2e-04
0.0042
0.0024
0.0012
0.0012
0.0038
0.0048
0.0012
1
0.0012
1
4e-04
0.0062
0.0012
0.0048
1
0.0106
0.004
1
0.0076
0.001
0.0028
0.0038
1
4e-04
0.005
0.0016
0.0026
1
0.0112
0.0502
0.0056
0.0028
0.0014
0.0044
0.8426
0.0016
0.0026
1
1
0.0026
1
0.003
8e-04
0.0038
2e-04
0.0146
0.009
0
0.0014
0.0032
0.0012
1
0.0014
0.0012
2e-04
1
0.0044
1
0.0202
0.0038
0.0086
0.0098
0.0208
1
0.0024
0.0034
0.0016
4e-04
4e-04
1
2e-04
0.0084
8e-04
0.0028
1
1
0.9658
0.0218
4e-04
6e-04
0.0166
1
1
0.0046
0.004
1
0.002
8e-04
0.0064
0.0064
1
1
0.001
0.0036
1
0.0026
0.0104
0.0016
6e-04
0.0026
1
0.0018
0.0096
0.0072
0.972
8e-04
6e-04
0.004
1
0.0102
8e-04
0.0014
0.0136
2e-04
0.0086
0.026
0.0032
6e-04
0.0568
0.0064
0.003
1
0.0012
0.0172
0.0032
4e-04
0.0042
0.0328
4e-04
0
0.0038
1
0.005
1
0.0012
0.003
8e-04
0.0018
0.0438
1
1
0.9002
0.0048
2e-04
1
0.004
2e-04
0.008
0.003
1
0.0022
0.0014
6e-04
0.0012
0.1224
0.0072
0.0014
0.0022
0.004
0.012
0.0014
0.3544
0.042
0.001
0.0072
1
0.002
0.001
0.0076
1
0.0028
0.0012
0.0062
0.0014
0.008
0.1464
0.001
4e-04
0.4602
0.188
8e-04
6e-04
1
4e-04
0.0012
0.0034
1
4e-04
0.0012
8e-04
0.0734
0.0016
0.746
0.0012
0.0052
4e-04
8e-04
0.0022
8e-04
1
8e-04
2e-04
0.0068
6e-04
0.9538
0.9998
0.0016
0.0212
0
1
0.009
0.0016
1
0.002
0.5448
6e-04
0.9966
1
0.0024
0.0058
1
0.006
0.1676
0.0014
1
0.0054
0.0014
0.0388
1
0.0014
0.0018
0.0084
0.0706
0.0022
0.0038
0.001
0
6e-04
2e-04
8e-04
0.2406
0.0094
0.001
0.8598
0.0044
0.0022
1
1
0.0026
0.017
0.0064
0.0108
1
0.0174
6e-04
0.0102
0.1404
0.0332
1
0.0492
0.2104
0.9956
6e-04
0.0014
0.002
1
1
8e-04
0.0022
0.008
0.0024
0.006
0.1394
0.055
1
0.003
0.0142
0.0036
0.3734
0.046
0.0014
0.008
1
0.0012
1
8e-04
0.0338
0.0012
4e-04
0.0022
0.0052
0.0014
0.0058
0.0522
0.001
4e-04
6e-04
1
0.0024
0.0426
0.168
1
6e-04
0.0036
1
0.0012
1
0.0102
0.001
0.032
1
1
0.0154
0.0024
1
0.001
0.946
0.4294
0.0018
4e-04
0.9992
1
0.0232
0.0024
0.001
2e-04
1
0.008
6e-04
0.0064
0.0016
0.004
0.0046
0.0176
0.0024
0.003
0.0012
6e-04
4e-04
6e-04
0.0012
4e-04
0.092
0.0016
0.015
1
0.0018
0.0118
0.0034
1
1
0.0028
0.005
0.0078
6e-04
2e-04
4e-04
0.9996
0.0552
0.0022
0.012
1
2e-04
6e-04
2e-04
0.0018
2e-04
0
0.0076
0.0074
0.0012
0.0094
0.3226
0.0186
0.0024
2e-04
6e-04
0.0016
1
0.0024
0.0014
4e-04
0.0012
0.0014
0.0026
1
0.0038
0.0038
1
6e-04
2e-04
0.0092
6e-04
0.0024
0.0026
6e-04
1
0.0014
0
0.0028
1
1
1
0.0066
1
0.0044
1
1
1
1
1
1
1
1
0.0014
1
2e-04
4e-04
0.0018
1
1
0.0062
1
1
0.0042
0.002
1
1
0.0444
4e-04
0.0012
0.0016
1
8e-04
0.008
0.0012
1
2e-04
1
0.006
1
0.0184
0.003
0.0044
0.9996
0.0618
0.1244
0.0014
4e-04
0.0046
0.0448
0.5664
0.0036
0.0014
1
0
0.0018
1
0.0024
0.0028
0.0034
1
1
1
1
1
1
0.0094
0.0044
0.0054
0.0228
2e-04
8e-04
0.0022
0.9932
6e-04
0.0036
1
2e-04
0.0996
0.002
1
2e-04
0
1
1
0.0396
2e-04
0.003
0.0014
0.0084
0.0038
0.0078
1
0.006
1
0.0036
0.0054
0
0.0036
0.0036
1
1
0.0054
0.007
1
1
0.0028
0.006
1
0.7218
0.0014
0.001
4e-04
4e-04
1
6e-04
1
0.001
1
6e-04
1
2e-04
0.0016
6e-04
4e-04
0.0092
4e-04
0.0034
0.0018
0.9968
0.8814
8e-04
0.0056
0.0732
6e-04
2e-04
2e-04
1
1
0.0042
1
0.0676
0.0016
1
0.0166
0
6e-04
0.0022
0.0054
1
0.0108
0.033
1
0.0056
1
1
0.002
4e-04
0.0012
0.0022
0.0084
0.0028
4e-04
0.0032
0.0028
0.001
0.0028
0.0014
0.0944
0.0028
0.0042
6e-04
8e-04
1
0.0034
0.002
0.0176
0.1308
0.0048
0.006
1
0.0062
1
1
4e-04
0.0022
0.0138
0.1722
1
1
0.0018
1
1
8e-04
4e-04
0
0.2
1
0.0036
0.0074
1
0.002
1
0.0038
0.4512
0.5818
0.0034
1
4e-04
1
4e-04
1
0.004
1
0.0158
0.0076
6e-04
6e-04
1
1
1
4e-04
0.0244
1
1
1
0.0034
2e-04
0.0014
6e-04
0
1
8e-04
6e-04
2e-04
0.0302
0.0012
0.0014
1
6e-04
1
1
1
0.0024
0.0198
0.0134
0.0012
2e-04
0
1
0.0014
0.0018
0.0024
0.0234
8e-04
6e-04
0.0946
1
0.001
0.001
4e-04
0.0146
0.004
0.0016
8e-04
0.001
8e-04
4e-04
0.0076
6e-04
1
0.0034
1
0.0016
0.0124
0.0014
4e-04
1
0.001
1
4e-04
0.0026
0.0016
1
0.1854
1
1
0.0296
0.0016
1
2e-04
0.0062
0.0072
6e-04
2e-04
1
1
0.9678
0.0022
0.913
0.002
0.0014
0.0058
0.0128
0.008
0.0082
0.002
6e-04
0.001
0.0038
0.0058
0.009
0.0012
1
0.0168
0.002
1
0.0022
1
0.001
0.0016
0.0014
0.012
1
1
1
1
1
0.001
0.0226
0.0044
0.0306
1
1
4e-04
1
1
0.0508
0.0348
6e-04
8e-04
0.0042
0.0652
0.0022
0.0018
0.998
1
0.013
6e-04
0.0042
0.0022
0.0018
0
0.0034
0.999
0.0028
0.0456
4e-04
2e-04
1
0.0054
0.0022
1
0.024
1
1
0.0058
1
0.0016
1
1
1
2e-04
0.0042
0.0018
6e-04
0.9972
1
0.0018
1
1
0.0014
8e-04
0.0604
0.9996
0.002
0.0012
0.0364
1
6e-04
1
0.0186
1
1
0.0182
0.0084
4e-04
0.0206
0.001
0.0388
1
1
1
0.002
0.0018
0.0014
0.002
2e-04
0.0016
4e-04
1
1
0.001
0.0022
0.0354
0.0036
0.0026
0.0036
6e-04
0.071
1
0.0022
2e-04
1
0.0198
0.001
0.0018
0.0032
0.004
0.0036
1
0.1258
0.0022
6e-04
1
0.0088
4e-04
6e-04
0.001
2e-04
0.0032
6e-04
0.0848
8e-04
0.0014
1
6e-04
0.0024
0.0012
6e-04
0.001
4e-04
1
0.0016
0.0066
0.0038
1
0.0054
0.002
0.9986
4e-04
0.0012
0.0028
1
1
0.004
0.0012
0.0012
0.0014
6e-04
1
1
1
1
0.0018
1
4e-04
4e-04
4e-04
0.0094
0.0028
1
0.0082
0.0042
1
1
8e-04
0.0016
2e-04
0.001
0.0012
1
1
6e-04
0.0016
0.0022
1
1
0
2e-04
1
1
1
0
6e-04
6e-04
0.0012
8e-04
0.003
1
1
0
0.0014
8e-04
0.0022
0.0026
1
0
2e-04
0.0082
0.0082
0.0084
0.0456
2e-04
0.0016
0.0024
2e-04
4e-04
8e-04
0.0602
0.0024
6e-04
1
6e-04
0.001
0.0014
0.0046
0.0106
0.0038
0.001
0.002
1
1
0.0016
1
0.7844
0.0014
6e-04
1
0.0052
0.9988
0.001
0.9998
4e-04
1
1
4e-04
0.0262
0.0028
