0.017
0.0058
0.0078
1
1
0.0048
0.0038
0.083
1
0.037
0.0068
0.005
0.0078
0.0086
1
0.0084
0.0026
0.0036
1
1
0.0076
0.011
1
0.0052
0.0094
0.077
0.0048
0.0082
1
1
1
0.01
1
0.034
0.0324
0.0114
0.0038
1
0.0052
0.0052
0.0044
0.0108
0.2718
0.0068
0.0054
0.0106
0.0044
0.0102
1
1
1
0.0062
0.0074
0.006
0.0174
0.006
0.03
0.0152
0.0038
0.0094
0.0076
1
0.0128
0.0038
0.0052
0.0064
0.0044
0.0092
0.0038
1
1
0.0048
0.0214
0.0034
0.3416
0.0046
0.008
0.005
0.0044
0.0064
0.0058
0.006
0.0302
0.1002
0.0062
0.0048
0.7614
0.0464
0.0076
0.0124
0.006
1
0.0116
0.0066
0.0054
0.0098
0.0098
0.0072
1
0.999
0.0074
1
0.0048
0.0128
0.0054
0.0054
0.005
1
0.031
1
0.0056
0.0056
0.0048
0.0066
0.0036
0.011
0.0114
0.004
0.008
0.0076
0.0092
0.0082
0.0094
0.025
0.0072
0.0066
0.006
0.6946
0.0038
0.0056
0.0054
0.0544
0.036
0.0052
0.0162
0.006
1
0.0078
1
0.0252
1
0.101
0.0328
0.013
0.0098
0.005
0.005
0.0062
0.3922
0.009
1
0.0048
0.0156
0.0124
0.0618
0.0084
0.0042
0.0048
0.0086
0.005
0.0042
0.005
0.0098
0.0054
0.0046
1
0.0042
0.0044
0.0046
1
0.9748
1
1
1
0.0072
0.0238
0.0038
0.0104
0.0152
0.005
0.007
0.0038
0.0054
0.0064
0.004
0.0086
0.005
0.0034
1
0.014
0.0144
0.0052
1
0.0106
0.0058
1
0.035
0.0064
0.0142
0.0082
0.0048
0.0062
0.0078
0.0124
1
1
0.0102
0.0032
0.0076
0.0038
0.089
0.0628
0.0312
0.0076
0.0034
0.0088
1
1
1
1
0.0068
0.015
0.0096
0.0994
0.0182
1
0.0046
0.0056
0.0092
0.0154
0.0074
0.0064
1
1
0.0076
1
0.0086
0.7012
1
0.0134
0.0038
0.0044
0.007
0.0084
1
0.0254
0.399
1
1
0.0082
0.0104
0.0044
0.0324
0.007
0.0124
0.013
1
0.0074
0.0094
0.0588
1
0.0078
0.0142
0.006
1
0.0056
0.0158
0.0052
0.0072
0.0042
0.0186
0.0046
0.007
1
0.0052
0.0462
0.0058
0.9992
0.0054
1
0.1168
0.006
0.016
1
0.0154
0.0056
0.4332
1
0.04
0.0694
0.0126
0.0058
0.067
0.0162
0.0082
0.0058
0.0094
0.0088
1
0.9974
0.0046
0.025
1
0.011
0.0072
1
0.0096
1
0.0056
0.0054
1
0.0468
1
1
1
0.0054
0.004
1
0.011
0.0038
1
0.0532
1
0.011
1
1
0.0062
0.0056
0.0168
0.015
1
0.014
0.0044
0.0086
0.0076
1
0.0052
0.012
1
0.006
1
0.0058
0.0108
0.013
0.0056
0.0064
1
0.034
1
1
0.0068
0.0212
1
0.029
1
0.008
0.0134
0.0072
0.004
0.0042
1
1
0.0052
0.029
0.008
0.0056
1
0.01
0.0126
1
1
1
0.0046
0.0078
1
0.0038
0.0068
0.0046
0.0108
0.0042
0.0132
0.0078
0.007
0.0118
0.0078
1
0.0048
1
0.123
0.0066
0.0058
1
1
0.0056
0.008
0.0142
1
1
0.0146
0.0042
0.0042
1
0.0122
0.0044
0.0058
0.002
0.0062
0.0068
0.008
0.0146
1
1
0.0052
0.0112
0.0036
0.0232
1
1
0.0076
0.0046
0.0106
0.0062
0.0104
0.004
0.007
0.0042
0.0046
0.0064
0.0066
0.0046
0.0204
0.2188
1
1
0.0058
0.0034
0.0056
0.0074
0.0042
0.0048
0.0046
0.0066
0.0086
0.009
0.012
0.0056
0.0072
0.005
1
0.013
0.008
0.0768
0.0104
0.0044
0.0036
0.0066
0.0042
0.0044
0.0066
0.0074
0.0066
0.0028
1
0.384
0.0062
0.0058
1
1
1
0.0048
0.0088
0.1928
0.005
0.0076
1
1
1
1
0.006
0.0048
0.0082
0.006
0.0118
1
0.0256
0.0054
0.0098
0.0442
0.008
0.0036
0.0046
0.0082
0.0068
0.0064
0.0024
0.0062
0.0584
0.7658
0.0122
0.0136
1
0.0426
1
0.0054
1
1
0.004
1
0.0042
0.008
0.006
0.0262
0.011
1
0.006
0.0048
0.0058
0.1282
1
0.0688
0.0044
0.0046
0.0056
0.004
0.0042
0.0096
1
0.87
0.0042
0.0126
0.0382
0.0054
0.0262
1
1
0.0182
1
0.0046
0.0404
0.011
0.0072
0.014
0.0112
0.0568
1
0.0082
0.005
0.02
0.9582
0.0798
1
0.0046
1
0.0202
1
1
0.0078
1
0.0134
0.0102
0.0168
0.0122
0.0072
1
1
1
0.0168
1
1
0.0042
0.0076
0.0054
0.0028
0.0334
0.0192
1
0.01
0.0128
0.0082
0.0062
0.0054
1
0.0046
0.0046
0.046
0.0046
1
0.0052
0.007
0.008
0.0102
0.024
0.0168
0.0086
0.0134
0.1016
1
1
0.01
0.0782
0.0074
0.9992
