0.0292
0.029
1
0.045
0.0196
0.1914
0.0278
0.0976
0.0496
0.0232
0.0252
0.018
0.0186
0.028
0.0268
0.0666
0.0606
0.0406
0.0264
0.0186
0.0268
0.0688
0.0236
0.018
0.0192
0.0164
0.024
0.0868
0.0222
0.0182
0.0182
0.0202
0.0172
0.0222
0.0366
0.0266
0.0232
0.1052
0.0348
0.0252
0.0218
0.0214
0.0238
0.0388
0.0278
0.0218
0.0196
0.0226
0.0236
0.023
0.0314
0.0214
0.9626
0.019
0.0258
0.0278
0.0246
0.0214
0.0424
0.0244
0.0324
0.022
0.0318
0.0646
0.0306
0.0306
0.0362
0.0228
0.0212
0.0228
0.0174
0.0224
0.0252
0.0168
0.0268
0.1586
0.7398
0.022
0.0278
0.0376
0.0208
0.0326
0.0192
0.05
0.021
0.0238
0.0228
0.0394
0.022
0.028
0.0492
0.025
0.0234
0.1328
0.0438
0.0184
0.0266
0.0234
0.0222
0.0338
0.09
0.024
0.0218
0.0594
0.0204
0.018
0.0264
0.0202
0.0426
0.018
0.1588
0.0202
0.74
0.0248
0.0242
0.0324
0.068
0.0168
0.5334
0.022
0.0198
0.0314
0.0348
0.0168
0.0238
0.0336
0.0392
0.022
0.0408
0.026
0.0206
0.0308
0.0204
0.0288
0.0258
0.034
0.0354
0.0258
0.025
0.0242
0.0646
0.0276
0.0294
0.0284
0.0164
0.0246
0.9762
0.026
0.023
0.0234
0.0236
0.0188
0.0376
0.036
0.0526
0.027
0.0408
0.0276
0.028
0.0208
0.0226
0.0282
0.1028
0.0206
0.0904
0.042
0.0274
0.0194
0.0194
0.0176
0.0278
0.0354
0.018
0.0192
0.0182
0.0782
0.019
0.9316
0.0274
0.0878
0.0234
0.0424
0.0422
0.0412
0.026
0.0316
0.02
0.0242
0.0196
0.0218
0.0322
0.0254
0.0652
0.049
0.0182
0.0336
0.046
0.1276
0.0232
0.0448
0.0166
0.0474
0.018
0.0194
0.1804
0.0328
0.022
0.04
0.0288
0.0354
0.0244
0.0476
0.0322
0.0228
0.0298
0.0184
0.0198
0.0688
0.0194
0.0374
0.0226
0.0324
0.0192
0.0488
0.0274
0.063
0.023
0.9662
0.0186
0.0336
0.0504
0.0224
0.0242
0.0178
0.0214
0.0204
0.5624
0.0244
0.0214
0.801
0.0424
0.0182
0.0238
1
0.4566
0.0234
0.021
0.0718
0.0278
0.0536
0.0294
0.0224
0.0628
0.04
0.0394
0.0218
0.0196
0.0258
0.0266
0.0636
0.0412
0.0282
1
0.0226
0.0248
0.0178
0.8132
0.2932
0.0418
0.0336
0.0514
0.029
0.0186
0.0228
0.0322
0.0474
0.0334
0.0246
0.1664
0.0208
0.091
0.0306
0.046
0.0228
0.0258
0.3682
0.0264
0.027
0.021
0.021
0.0414
0.0264
0.0692
0.0218
0.041
0.0532
0.0168
0.0224
0.0388
0.0202
0.019
0.3576
0.0224
0.0568
0.024
0.0212
0.0224
0.0294
0.0208
0.079
0.055
0.0208
0.2098
0.0252
0.0238
0.0388
0.0244
0.0706
0.0288
0.8384
0.0312
0.0262
0.0424
0.0158
0.0264
0.1574
0.0192
0.0252
0.0204
0.1024
0.0166
0.028
0.0206
0.2624
0.0596
0.0178
0.0298
0.0298
0.0162
0.0244
0.0314
0.0318
0.1264
0.0172
0.0208
0.0232
0.0794
0.0252
0.0322
0.0726
0.6364
0.0238
0.0304
1
0.0286
0.0296
0.0336
0.0288
0.2666
0.9126
0.0226
0.0808
0.0188
0.02
0.0372
0.0214
0.026
0.0182
0.4962
0.0494
0.0286
0.0192
0.0242
0.018
0.031
0.1424
0.6576
0.063
0.0376
0.024
0.02
0.8998
0.7506
0.1554
0.037
0.0264
0.0172
0.038
0.0336
0.0576
0.0486
0.855
0.0232
0.0188
0.019
0.0232
0.9826
0.084
0.0188
0.0364
0.1566
0.038
0.0292
0.0564
1
0.0664
0.734
0.4746
0.126
0.0194
0.032
0.0212
0.0402
0.0478
0.0226
0.0404
0.0772
0.0216
0.0998
0.0168
0.0214
0.9498
0.0262
0.0248
0.05
0.0212
0.0636
0.0206
0.0504
0.046
0.0192
0.0216
0.0166
0.0238
0.0488
0.0354
0.838
0.9996
0.2954
0.0168
0.0442
0.0226
0.029
1
0.1646
0.019
0.016
0.024
0.0184
0.0422
1
0.0358
0.1764
0.058
0.0198
0.9964
0.9482
0.0218
0.0358
0.033
0.0288
0.029
0.0224
0.029
0.1316
0.0364
0.0266
0.0304
0.0324
0.0242
0.0364
0.0618
0.0264
0.0426
0.2898
1
0.053
0.5758
0.0424
0.1086
0.117
0.0898
0.0284
0.0528
0.0478
0.033
0.0858
1
0.206
0.0526
0.0318
0.0552
0.1104
0.6524
0.022
0.0616
0.0254
0.0218
0.0226
0.0166
0.0188
0.04
0.0252
0.9996
0.111
0.028
0.3854
