0.0978
0.8686
1
0.001
0.9042
0.0016
0.0062
0.5612
0.0082
0.004
0.0302
1
0.0054
0.0094
0.003
0.0254
0.0074
0.0046
0.1562
0.0016
0.003
0.144
0.0034
0.0042
1
0.0228
0.0084
0.003
1
0.002
1
0.042
0.0038
0.1332
0.0028
0.0026
0.0054
1
0.0084
0.006
0.008
0.13
1
0.003
0.0152
0.0048
0.002
0.0328
0.6226
0.0286
0.0128
0.0074
0.0284
0.002
0.0018
0.0174
0.0028
0.0066
0.9784
1
0.0056
0.001
1
0.0074
0.0014
1
0.001
0.0164
1
0.9998
0.3094
0.009
0.0038
0.002
0.0012
0.0028
0.0022
0.0018
0.0082
0.0094
0.0072
1
0.0168
1
0.0072
0.0264
0.0024
0.009
0.0022
0.03
1
0.5212
0.0028
0.0174
8e-04
0.0018
0.017
0.0044
0.3082
1
0.0026
0.0046
0.0018
0.0228
0.0022
1
0.001
0.0942
1
0.0174
0.0092
0.0026
0.0062
0.002
0.004
0.0092
0.004
1
0.0032
1
1
0.0026
0.033
0.0052
0.0022
0.0084
0.031
0.0018
0.3858
0.0038
1
0.0226
1
0.998
0.0874
0.0034
0.0036
0.0174
1
1
0.0034
0.0018
1
0.0154
6e-04
0.3162
0.0018
0.0022
0.2236
0.0048
0.0022
0.0038
0.004
0.0078
0.0162
1
1
0.0024
0.0026
0.0046
1
0.003
0.0212
0.3612
1
1
0.008
0.0064
0.0254
1
0.0088
1
0.0144
0.0062
0.0034
0.0512
0.0148
0.0012
0.0082
0.0276
0.0046
0.0126
0.0276
0.0056
0.0194
0.0114
0.0026
1
1
1
0.9998
0.01
0.0024
0.0178
0.0138
0.0468
1
0.0154
0.014
0.072
0.9906
0.0042
1
0.0618
0.004
0.0226
0.0598
0.0074
0.8226
1
0.0296
0.0228
0.0232
0.0362
0.0092
0.0054
0.2854
0.8532
0.006
0.0348
0.0086
0.0032
0.014
0.007
1
1
0.0168
0.0058
0.0064
1
0.0024
0.002
0.0094
0.0046
0.004
8e-04
1
0.0168
0.0054
0.0112
0.0072
0.0028
0.0078
1
0.0024
0.0164
0.0028
0.004
0.0108
1
0.8584
0.0368
0.0128
0.003
0.004
0.0018
0.0208
0.0012
0.0148
0.003
1
0.016
0.0176
1
1
0.0036
0.0012
1
0.008
6e-04
1
0.0024
0.0258
0.0496
0.006
0.0096
0.0098
0.0036
0.0016
1
0.0092
8e-04
0.0268
0.0088
1
0.0084
0.0216
0.0208
1
0.0022
0.0018
0.0028
0.0334
1
0.1058
0.004
1
1
6e-04
1
0.0162
0.9992
1
0.002
0.003
0.0328
1
4e-04
0.0476
0.0062
0.0048
0.0138
0.0018
1
0.0096
0.005
0.0034
0.0044
0.003
0.0126
1
0.003
0.0098
0.0022
0.0696
0.0028
0.0026
0.0172
0.0084
0.0336
0.0312
1
0.0038
0.0106
0.0112
0.0066
0.0562
0.0072
0.9834
0.0042
0.0238
1
0.0056
0.0026
0.0058
0.0048
0.0038
0.0058
0.0032
0.0402
0.006
1
0.0028
8e-04
0.0014
0.0058
0.0018
0.0116
0.0042
0.0036
0.0066
0.0092
0.0132
0.0036
0.0026
0.0058
0.004
0.0102
0.0038
0.0026
0.0128
0.007
1
0.0032
0.0066
0.0182
0.003
0.0116
0.0024
0.0026
0.002
6e-04
0.0024
0.0088
0.0086
1
0.0026
1
0.0082
0.0124
0.0318
0.0026
0.0018
0.0332
1
0.0072
0.0274
0.0706
0.0224
0.0196
0.0118
1
0.0044
0.003
0.003
0.0106
0.0022
0.786
1
0.003
1
0.0024
0.0028
0.0032
0.0036
0.4976
0.0128
1
0.002
1
0.0228
0.0044
0.0038
0.0284
0.019
1
0.0276
0.0184
0.0022
0.0484
1
0.027
0.009
0.0028
1
0.0038
0.9986
