0.0092
0.0086
1
1
0.9998
0.0242
0.0082
0.0242
0.3184
1
0.0066
0.008
0.0106
1
0.0114
0.0096
1
0.0116
0.0082
0.0086
0.0098
1
0.0074
0.4812
0.0064
0.9996
1
0.9902
0.76
0.0132
0.9458
0.01
0.0146
0.0122
1
0.0184
0.0166
0.3216
0.127
0.0114
0.0188
0.015
0.0146
0.0134
0.0082
0.0088
0.0138
0.015
0.8814
0.0098
0.0128
0.0116
0.0106
0.0062
0.0104
0.013
1
0.0094
1
0.0266
0.009
0.0202
0.0108
0.011
0.0148
0.0132
0.0094
0.0082
0.0468
0.0152
0.016
0.0094
0.073
0.0078
0.0122
0.0204
0.009
0.0094
0.9998
0.0232
0.0074
1
0.0072
1
0.0108
0.0208
0.0134
0.009
0.008
0.0524
0.0078
0.0096
0.0132
1
0.016
0.0078
0.0776
0.017
0.0084
1
0.0248
0.008
0.0166
0.0098
0.0074
0.0076
0.0082
0.0144
0.0128
0.0152
0.018
0.0116
0.6274
0.0082
0.1152
0.0106
0.0094
0.01
0.0204
0.2618
0.0122
0.007
0.0068
0.0138
0.0234
0.017
0.3954
1
0.0138
1
1
0.0252
1
0.0088
0.0134
0.0792
0.2914
0.0136
0.0196
0.0406
0.9998
0.0116
1
0.0156
0.0102
0.0772
0.0082
0.008
0.0064
0.0366
0.0176
0.027
1
0.0366
1
0.011
1
0.0126
0.0126
0.0138
0.0532
1
0.0104
1
0.0094
0.1286
0.0122
0.0096
0.0194
0.0066
1
1
1
1
0.0146
0.0096
0.0098
0.0088
0.0076
0.007
0.0196
0.008
0.0202
1
0.0222
0.13
0.0098
1
0.0078
0.01
1
0.0354
0.591
1
1
0.0114
0.014
0.0122
0.0138
0.0214
0.0114
0.092
1
0.0178
0.0104
1
0.011
0.0106
0.0078
0.008
1
0.012
0.0086
0.0224
0.0212
0.023
0.038
0.0144
0.0124
1
0.011
1
0.04
1
0.019
0.008
0.0098
1
0.01
0.0148
0.0232
0.3272
0.0116
0.3164
1
0.0116
0.0118
0.0128
0.0508
0.9998
0.0148
0.0096
0.0304
0.01
0.0108
0.0086
0.0096
0.007
0.0122
0.0112
1
1
1
0.0082
1
1
0.6218
0.0154
0.0192
0.0144
1
1
1
0.0128
0.0498
0.01
0.998
1
0.9998
0.0588
0.0098
0.0108
1
0.009
0.0104
0.01
1
0.0088
1
0.1552
1
0.0274
0.0102
0.012
1
0.0646
0.0066
0.0662
1
0.6988
1
0.0476
1
1
0.0134
1
0.02
0.012
0.0178
0.0248
0.016
0.016
1
1
0.042
0.0074
0.0192
0.019
1
0.0444
0.009
1
0.0076
0.0408
0.0118
0.0084
0.0178
0.0142
1
0.0322
0.1852
0.0108
0.0114
0.0136
0.0134
0.0122
0.0424
0.01
0.008
0.0252
0.0108
0.013
0.0118
0.01
1
0.0112
0.0684
0.0364
0.0112
0.0074
0.007
0.0064
0.0338
0.0174
1
0.0108
0.0086
0.0288
1
0.009
0.0112
0.009
0.0106
0.3372
0.009
0.0168
1
0.0154
0.023
1
0.0582
0.0442
0.9978
0.0162
0.1172
0.0084
0.012
0.1294
1
0.0316
1
0.0132
1
0.0088
1
0.0104
1
1
0.0098
0.0096
0.011
0.0138
0.008
0.0102
0.0122
0.011
1
0.02
0.0328
0.0088
1
1
0.0078
1
0.0104
0.0072
0.0308
0.0152
0.005
0.0094
0.006
1
0.0072
0.9996
1
0.0046
1
0.025
1
0.0338
0.0128
0.0378
0.0096
1
0.0202
0.0094
0.0298
0.0114
1
0.0104
0.0078
1
1
1
0.014
0.0076
1
0.0084
0.0218
0.0252
0.133
0.0144
0.0088
0.0198
1
0.018
0.0316
1
0.032
1
0.0174
0.0114
0.0102
0.0086
1
0.0078
0.0256
0.0134
1
0.0542
0.0104
0.0092
0.0106
0.008
1
0.0164
0.2516
0.0086
0.04
0.0664
0.0104
0.0088
0.0652
0.0094
0.0314
0.0076
1
0.01
0.0078
1
0.0192
1
0.0096
0.072
0.0096
0.007
0.0148
1
0.0082
0.006
0.131
0.0116
0.0104
0.0112
0.0096
0.0084
0.0122
0.0146
0.0138
1
0.0502
0.0102
0.0088
0.0062
1
0.0164
1
0.0982
1
1
0.0176
1
1
0.008
0.011
0.9998
0.0178
0.0096
0.018
0.008
0.0262
0.0482
1
1
0.0224
1
0.011
0.0148
0.0126
0.0104
0.0368
0.028
0.0072
1
1
1
0.0496
0.0112
0.0152
0.0344
0.0192
0.0114
0.0218
0.0094
0.0614
0.0276
0.0318
0.0118
0.0102
1
0.0464
0.015
0.0508
0.0232
0.0082
1
0.02
1
0.006
1
0.0078
0.0164
0.0094
0.0138
1
0.0324
1
0.0206
0.0926
1
1
0.0068
0.0656
0.0124
0.0088
0.0068
1
0.0152
0.008
0.009
1
0.0088
1
0.0914
0.0128
0.0094
0.0126
0.2262
1
0.1692
1
0.011
1
1
0.0106
0.009
0.0106
1
1
0.0098
0.0126
0.01
0.01
1
0.0066
0.0104
1
0.0272
0.9998
0.01
0.0106
0.0064
0.0064
0.0118
1
0.0096
0.0094
0.0088
0.8092
0.008
0.0374
1
1
0.0096
0.01
0.0184
0.0188
0.018
0.0086
0.0096
1
0.007
1
0.0278
1
0.9996
0.0102
0.0092
0.0104
0.011
0.0138
0.0098
0.8286
0.0116
0.0126
0.009
0.0268
0.0076
1
0.0084
0.008
0.9998
0.0196
0.0222
0.0088
0.0118
0.0088
0.0218
0.0108
0.0074
0.0124
1
1
0.0086
0.058
0.0078
1
0.0078
1
1
0.01
0.0146
0.0146
1
0.032
0.0064
0.009
0.0492
0.9992
0.1184
0.0072
1
0.0212
1
1
0.0236
1
0.0082
1
0.0112
1
1
0.0082
0.0128
0.0134
0.012
0.0112
0.0088
0.0532
0.0116
0.018
0.0512
1
0.015
0.0064
1
1
0.0094
1
0.0114
0.041
0.0176
1
1
0.008
0.015
0.0122
0.005
0.0116
1
0.0068
0.9978
0.009
0.0092
0.0144
1
0.0074
0.0104
0.0144
0.0102
0.0232
0.0126
0.794
0.01
0.0074
0.0094
0.0086
0.0094
0.0162
0.0102
0.0158
0.0192
0.046
1
0.016
0.0196
1
0.0074
1
0.0232
0.0056
0.0132
0.009
0.0128
0.0094
0.4686
0.0084
0.0194
0.008
0.4516
0.0074
0.0138
0.0086
0.0108
1
0.011
0.0062
0.0092
0.0084
0.0074
1
0.43
0.0356
1
0.0222
1
0.2116
0.0094
0.0112
0.0104
0.009
0.048
0.0124
0.5988
1
0.0116
0.0114
0.007
0.011
0.0142
0.016
0.007
0.0092
0.0092
0.182
0.0096
0.013
0.0178
1
1
0.0052
0.01
0.0146
0.007
0.0224
0.005
0.0136
0.0084
0.0136
0.0112
0.0198
0.9274
0.021
1
0.0412
0.0086
0.0098
1
1
1
1
1
0.0158
0.008
1
0.0228
0.0118
1
1
0.0152
1
1
1
0.9998
1
0.0078
1
0.0184
0.019
0.0094
0.1278
1
0.0504
0.8662
1
0.0144
1
0.0104
1
0.0092
0.008
0.013
0.01
1
1
0.0156
0.109
0.9744
0.0084
1
1
0.0146
1
0.1056
0.0092
0.0108
0.0072
0.0742
0.0096
1
0.9998
1
1
0.0092
0.0124
0.421
0.01
0.0098
0.0094
1
1
0.0364
0.8416
0.0074
0.028
0.0086
0.0096
0.01
0.0108
1
0.007
1
0.0106
1
1
0.0952
0.0094
0.0076
0.0066
0.0976
0.0482
0.0134
1
0.0552
0.0176
1
0.0128
0.0624
1
0.4968
0.011
0.0162
0.009
0.0116
0.9998
1
0.009
1
0.0116
1
0.0096
0.0088
0.0518
0.2542
1
0.0148
1
0.018
0.0106
1
0.0068
0.0116
1
0.012
0.0086
1
0.0076
0.0228
0.0084
0.0094
0.0956
0.0084
1
0.007
0.6494
0.0092
0.1472
0.0104
0.0144
0.0078
0.0076
0.0088
0.008
0.0152
1
0.0222
1
0.01
1
0.0062
0.0124
1
0.0106
0.0112
1
0.0102
0.0166
0.0286
1
0.0094
1
0.0064
1
0.0138
1
0.0086
0.0134
1
0.0078
1
0.0084
0.0382
1
0.0144
0.0144
1
1
0.0364
1
0.8372
0.0112
1
0.0082
0.0112
0.007
1
0.0092
0.009
0.0074
0.0416
0.0104
0.0174
0.0284
1
0.0118
0.0548
0.0826
0.015
0.0104
0.0102
0.0072
0.008
1
0.0116
0.0102
0.0104
0.007
1
0.005
0.029
0.0228
0.012
0.0104
0.0126
0.0064
0.0066
0.011
0.7122
0.0078
0.0536
0.0088
1
0.019
1
0.0058
0.0422
0.014
1
0.0102
1
0.0134
0.0208
1
0.867
0.0106
0.838
0.0088
0.0116
1
0.0398
1
1
0.0098
0.084
0.0136
0.0076
0.0106
0.0126
0.0066
0.0112
1
0.0242
0.019
0.0154
0.0192
0.045
0.0144
1
0.0108
1
0.6734
0.0138
1
0.0984
0.1372
0.0126
0.0096
0.008
1
0.0154
0.0116
0.0112
1
0.008
0.0068
1
0.0066
1
0.9764
0.011
0.027
0.0126
0.0108
0.009
0.0074
0.0166
0.026
0.0074
1
1
0.0576
0.0156
1
0.0072
1
0.0106
1
1
0.044
0.0084
0.0124
0.0104
0.0108
1
0.0084
0.0124
0.0154
1
0.0102
0.0096
0.0094
0.0122
1
0.014
1
0.0106
0.01
0.0106
0.0582
0.0148
0.012
0.0126
0.0108
0.0078
0.0084
0.0132
0.0096
0.0108
1
0.0116
0.0114
0.0096
0.9958
0.0088
0.0404
0.0132
0.0126
0.0312
0.0094
1
0.0104
1
0.0112
0.0098
0.0112
0.0114
0.006
1
0.0144
0.0086
0.0396
0.0158
1
1
0.02
0.0094
1
0.0086
0.0056
0.0122
0.0152
1
0.0084
0.0096
0.0082
1
0.0068
0.0112
0.0118
0.021
1
0.0084
0.019
0.0074
0.012
0.0084
0.0104
0.009
0.0092
0.0144
0.0128
0.0136
0.0108
0.0126
0.0236
0.0474
0.0124
0.0104
1
0.0078
0.0136
0.0222
1
0.032
1
0.0308
0.0136
0.0082
0.0088
1
0.0198
0.0096
0.013
1
0.0094
0.0076
0.0112
0.0072
0.0122
0.0698
0.3742
0.0136
0.0084
0.1084
0.0114
1
0.0128
0.0294
1
1
0.04
0.0094
0.0094
1
0.0196
1
1
0.013
1
0.009
0.0162
0.0166
0.0104
0.0262
0.0132
1
1
0.0146
1
0.018
0.0526
0.0098
1
0.0162
0.008
1
0.0158
0.0164
0.0116
1
0.759
0.033
0.012
0.008
0.0142
0.0098
0.0064
0.1312
0.3918
0.0108
0.014
0.1372
0.0196
0.024
0.0086
0.0178
0.4318
1
0.0172
1
1
0.0212
0.0076
1
0.5088
0.176
1
0.0098
0.0092
0.0514
0.0152
1
0.0128
1
0.0124
0.0182
0.0404
0.0158
0.016
0.0142
0.0144
0.0088
1
0.0082
0.0086
0.012
0.0774
1
0.1104
0.0076
1
1
0.0174
1
0.0134
0.0094
1
1
0.0088
0.025
0.019
0.0104
0.8718
0.012
0.6542
0.0088
0.0206
1
1
1
0.0108
0.0088
0.0284
0.0598
0.0184
0.0074
0.0412
0.0202
1
0.0124
0.0096
0.0066
0.0096
0.0564
0.0104
0.0276
0.0066
1
0.0076
0.9998
0.0234
0.0124
1
0.0072
0.0292
0.0178
0.0054
0.008
0.01
1
0.0304
0.0206
1
1
0.012
1
0.0628
1
0.0096
0.2424
1
0.0112
1
0.0222
0.0126
1
0.0084
0.0232
0.0156
0.0076
0.0126
1
0.0388
1
1
1
1
1
1
0.0126
0.01
0.009
0.0164
0.0356
0.0124
0.0108
0.0072
1
0.0318
0.0166
0.0188
1
0.0088
0.0102
0.0108
1
0.0222
0.015
0.0078
0.009
0.0684
0.0086
0.0086
1
0.0132
0.0092
0.0118
0.0158
0.02
0.0146
1
0.0146
1
1
1
0.0092
0.9998
0.1146
0.0124
0.008
0.0394
0.0076
0.0288
0.01
0.9354
0.0154
0.0138
1
0.0126
0.0154
0.0402
0.0126
0.0104
0.0138
0.008
0.0146
1
0.021
0.2122
0.0078
1
0.0062
1
0.0138
0.014
0.0206
1
0.0198
0.0132
0.0114
0.0158
0.0102
0.012
0.0266
0.0088
1
0.0088
0.0172
0.0086
0.011
0.0124
0.0092
0.0132
0.0162
0.0196
0.0078
0.0124
1
0.0098
0.0098
1
0.0142
1
0.0068
0.0078
0.0146
0.0128
0.0112
0.0086
0.0092
0.9632
0.02
0.0072
0.008
0.7858
0.008
1
1
0.0114
0.0114
0.013
0.0132
0.0232
0.0082
0.9474
0.0062
0.0194
1
0.0086
0.007
1
1
0.0276
1
0.0282
1
0.0146
0.008
0.01
0.0322
0.009
1
1
0.0066
0.026
0.0102
0.008
0.0084
0.0074
0.0174
0.0116
0.0176
0.0146
0.0128
0.0318
0.0162
0.0076
0.0096
1
0.0216
0.0108
1
0.0188
0.0124
0.0066
1
0.0096
1
0.0074
1
0.008
1
0.015
1
1
1
0.0598
1
0.0234
0.0118
0.0116
0.0088
1
0.0126
0.0096
0.0224
0.0114
0.0318
0.3454
0.01
0.0116
0.018
0.0236
0.009
0.0094
0.0128
0.0316
1
0.0554
0.0212
0.007
0.0132
0.0158
0.0478
0.0386
0.0072
1
0.0084
0.0112
0.966
0.043
0.016
0.0186
0.0156
0.0086
0.0096
1
0.0146
0.0188
0.0202
0.011
0.0132
0.0376
0.0168
0.165
1
0.0118
1
0.0086
0.0068
0.2824
0.0144
1
0.954
0.0122
0.0148
0.0072
0.0152
0.5238
1
0.0144
1
1
1
0.0092
0.0186
0.0166
0.008
0.0134
0.0084
0.0126
0.0114
0.3492
1
0.5238
0.015
0.012
0.0186
0.0064
0.0064
0.009
0.0316
0.0054
0.0104
0.1236
1
0.0332
0.0102
0.1576
0.0148
0.0228
0.0098
0.93
0.0068
0.0138
0.0366
0.0122
0.0092
1
1
0.0174
0.0424
0.1004
0.0116
0.0156
0.0168
0.0306
0.0236
0.0094
0.0076
0.011
0.0088
0.012
1
1
0.0072
0.0064
0.4112
0.0072
0.008
0.0084
0.0126
1
0.1566
0.016
1
0.0104
1
0.9358
0.0096
0.1524
0.0268
0.0064
0.0264
0.0104
0.0088
0.0114
0.1104
0.0094
0.999
0.009
0.0084
1
0.1516
0.0074
1
0.0146
0.9046
1
0.0136
0.983
0.0114
0.0132
0.0262
0.0184
1
0.0176
0.023
0.0356
0.0114
0.0116
0.0136
1
0.01
0.0242
0.0094
1
0.012
0.0068
0.053
0.0272
1
0.013
0.009
0.3756
0.013
0.0438
0.0112
0.0096
0.0154
0.0406
0.0238
0.0102
0.0748
0.0128
0.2258
0.0088
0.016
0.0086
0.1304
0.029
0.0214
0.0292
0.0176
0.0122
0.0084
0.3608
1
0.0088
0.0164
0.0176
0.0122
1
0.0066
0.0118
0.0102
0.016
0.0106
0.009
0.0114
0.0078
0.014
0.013
0.012
1
0.0076
0.0096
0.0102
1
0.0086
0.0138
0.0222
0.0104
0.0086
0.0098
0.9916
0.0068
0.0232
0.0108
0.9984
1
1
0.9998
0.0454
0.0124
0.009
0.0078
0.0108
0.016
0.034
0.0082
1
0.9986
1
1
0.0092
1
0.0146
1
0.0154
1
0.0116
0.0132
0.0242
0.0126
0.026
0.0154
0.0086
1
1
0.057
1
0.498
0.0144
1
0.0128
0.1574
0.0786
0.0116
0.0238
1
0.0116
0.1686
0.0092
0.0112
0.008
0.0126
0.0276
0.0052
0.0136
0.0112
0.0076
0.01
0.013
1
1
0.0108
0.0126
1
0.007
0.0074
0.0156
1
0.0078
0.0078
0.1988
0.0872
0.0096
0.0076
0.0158
1
0.0178
0.0396
0.008
0.0128
0.0094
0.0102
0.9684
1
0.01
0.9996
1
0.0074
1
0.0298
0.012
0.0318
1
0.0086
1
1
0.0078
1
0.0092
0.0418
0.0092
0.009
0.009
0.026
0.0088
0.009
0.0082
0.0068
0.0072
0.0106
0.0058
1
1
1
0.0266
1
0.2802
0.0256
0.0152
0.0094
0.0124
0.0078
0.0218
0.0088
0.039
1
0.0136
1
0.01
0.0102
1
0.9996
0.008
0.0092
0.0078
1
1
0.0216
0.0112
0.0086
1
0.0066
0.0358
0.0116
1
0.0106
1
0.0102
1
0.2884
0.0064
0.0092
0.0064
1
0.0088
0.0114
0.0346
1
0.956
0.0082
0.0084
0.0098
0.0086
1
0.0092
0.0098
0.9996
0.0096
0.007
1
0.0108
1
0.009
0.0086
0.0108
1
1
0.0102
1
0.0096
0.858
1
0.0122
1
0.1492
1
1
0.0134
0.0464
0.0202
0.2672
0.0094
0.0102
1
0.0198
0.02
0.0082
0.0068
0.0086
0.011
0.0106
0.0148
0.011
1
0.0222
0.0144
1
1
0.01
0.0134
0.012
1
0.0148
0.0126
0.0072
0.0076
0.011
0.009
0.0096
0.0176
1
0.0068
0.0066
1
0.0112
0.0082
0.012
0.0358
0.009
0.0098
0.025
0.0064
0.0094
1
0.0084
0.0082
1
0.0122
0.5004
1
0.0072
0.0118
0.01
1
1
0.9746
0.0074
0.0276
0.0114
0.008
0.0096
0.0244
0.006
0.0172
0.0092
0.0258
0.0134
0.0094
1
0.0226
0.9998
0.008
0.0312
1
0.009
0.011
0.0124
0.0102
0.009
0.011
0.0068
0.0428
1
0.0076
0.0096
1
1
1
1
1
0.047
0.1144
0.0128
0.0126
0.0098
0.0078
0.0096
1
0.0138
1
0.0098
0.0144
0.0114
0.021
0.5894
1
0.019
0.0104
0.9976
0.0086
0.0132
1
0.0156
0.9712
0.0158
0.0156
0.9998
0.0098
0.0112
0.008
0.0118
0.0116
0.0062
0.0146
1
0.0094
0.039
0.0112
1
0.4206
0.02
0.0144
0.0114
0.0126
1
0.0168
0.012
0.0078
0.1604
0.022
1
0.0798
1
0.01
0.0154
0.9984
0.0136
0.015
0.0122
0.0156
0.6072
0.0116
1
0.0094
0.009
0.0076
0.018
1
0.0248
0.0392
0.0106
1
0.0076
0.0188
1
0.0164
0.0112
1
0.0086
1
1
0.0196
1
0.0096
1
0.012
1
0.0172
0.0098
1
0.011
1
1
0.0094
1
0.0132
1
1
0.0072
0.0108
1
0.0072
0.0152
0.0062
0.0064
0.016
0.0074
0.0082
0.0854
1
1
0.008
1
0.0106
1
1
1
0.0076
1
0.0164
0.0294
1
0.0106
0.008
0.0078
0.0084
1
1
1
0.0178
1
1
0.0092
0.0124
0.014
1
0.9994
0.0092
0.0348
1
0.0092
0.3182
0.0368
1
0.1338
0.0088
0.0108
0.0062
0.0108
0.0126
0.4128
0.0152
0.0102
0.01
0.014
1
1
0.0264
0.0098
0.0084
0.0102
0.0088
0.01
0.0336
1
1
1
1
0.0086
0.0098
0.0626
0.1354
0.1336
0.0188
1
0.8832
0.0136
0.0088
1
1
0.013
0.7506
0.0086
0.0128
0.0172
1
1
0.0076
0.0108
1
0.0576
1
0.0218
1
0.1624
1
1
1
1
1
1
1
0.0062
1
0.0132
0.0102
0.0088
0.5556
0.1496
1
0.0086
0.0134
0.007
1
1
0.0072
1
0.0084
1
1
0.011
1
1
1
0.015
0.0126
0.0204
1
0.012
1
0.0132
0.0116
0.396
1
0.0076
0.0124
0.0222
0.0084
0.0068
0.016
0.0076
1
0.0068
0.0288
0.0086
0.0062
0.01
0.015
0.0416
0.0104
1
0.008
1
0.0074
0.0074
0.0162
0.994
0.023
1
0.0212
0.023
1
0.8884
0.0084
0.0086
0.0086
1
0.0084
0.1886
0.0104
0.011
0.009
0.0902
0.0094
1
1
0.01
0.0118
1
1
0.01
0.0368
0.0206
0.0086
1
0.9974
1
0.0086
0.0094
0.0118
0.0078
1
1
0.0128
1
0.2804
1
0.0082
0.0146
0.9924
1
1
0.0118
0.0146
0.0094
1
0.0156
0.007
0.0226
1
0.0114
0.0088
0.0108
0.007
1
0.036
0.0118
1
0.0112
0.009
0.0202
1
0.0296
0.021
0.0096
1
0.0092
0.0132
0.0084
1
0.0116
0.0116
0.0176
0.0124
1
0.0134
0.009
0.0096
1
0.9984
0.0098
0.0068
0.0116
0.5736
1
0.0144
0.007
0.0146
0.0212
0.993
0.0382
0.0114
0.0074
0.0102
0.0086
0.0292
0.0062
1
0.0124
0.9906
1
1
0.7188
1
0.0072
1
0.007
0.0096
1
0.0092
1
0.0158
0.01
0.0066
0.0084
0.0096
0.0082
0.0398
0.0096
0.0158
0.147
0.0078
0.0782
0.0106
0.0162
0.0076
0.0064
0.0092
0.0094
0.0074
0.9538
1
1
1
0.0078
0.0208
1
1
0.0128
0.014
0.0076
0.0084
0.0092
0.0106
0.0086
0.0086
0.01
0.009
0.0146
0.0084
0.0092
0.0118
1
1
0.0504
0.044
1
0.0088
1
0.9996
0.1448
0.0118
0.0104
0.0132
1
1
0.0104
0.0068
0.0244
0.0086
1
1
1
0.007
0.0076
0.0204
0.017
1
0.0074
0.0066
1
0.01
0.008
1
0.009
1
1
0.01
0.008
0.02
0.0084
1
0.0068
0.0076
0.0138
1
0.013
0.0082
0.0084
0.0214
1
1
1
0.016
0.0082
0.0072
0.0302
0.0096
0.0086
0.0082
0.016
1
