0.0072
0.015
0.0202
0.011
1
1
0.0076
1
0.0712
0.8778
1
0.0174
1
0.008
0.0078
0.0194
1
1
0.4342
1
0.1472
0.0108
1
0.0482
0.0148
0.0448
0.008
1
1
0.1618
0.0112
1
0.0134
0.9954
0.091
0.0066
0.1744
0.007
1
0.0904
0.009
0.66
0.0162
0.006
0.0084
0.025
0.0306
0.017
0.0196
0.009
0.0134
0.008
0.0178
0.0544
0.0472
0.0176
0.025
0.0192
1
0.0266
1
0.007
1
1
1
1
0.9992
0.017
0.9964
0.0416
0.0344
0.0096
0.0226
1
0.009
0.0184
0.0108
0.007
1
0.01
0.0294
0.0062
1
0.0058
0.0178
0.0424
0.0082
0.0258
0.005
0.011
1
0.0172
0.0122
0.0078
0.007
0.048
0.007
0.006
0.9292
0.0068
0.0072
0.0078
0.0064
0.005
0.0084
0.1852
0.0074
0.0068
0.0074
0.011
0.0062
0.006
0.0086
0.0098
0.0052
0.0116
0.0094
0.012
0.0788
0.01
0.006
0.0058
0.0108
0.0088
0.0084
0.0056
1
0.0042
0.03
0.0164
1
0.0094
0.0086
0.0142
0.4364
1
0.0088
1
0.0098
0.0292
0.0124
0.0066
0.0058
0.0196
0.0246
0.8876
0.0118
0.0056
0.007
0.0176
1
0.9978
0.0554
0.0056
0.0084
0.0204
0.0604
1
0.007
0.008
0.0098
0.0142
0.051
0.0114
0.004
0.0076
0.0094
0.015
0.0428
0.0102
0.6666
1
0.0066
0.0122
0.0106
0.013
0.3994
0.0072
0.0046
0.0086
0.007
0.0098
0.007
0.007
0.017
0.8702
0.9562
0.0056
1
0.01
0.007
0.0224
0.0068
0.0088
0.0084
0.0478
0.1002
0.0058
0.0066
0.0132
0.0068
0.0048
0.007
0.007
0.0104
0.0644
0.2146
0.0062
0.3264
0.0142
1
0.0096
0.0062
0.0088
0.0054
1
0.0076
0.0274
0.5076
0.0048
0.0094
1
0.0112
1
0.0056
0.0066
0.0072
0.0068
0.0092
0.0296
0.0058
0.0174
0.0076
0.0286
0.0102
0.0354
0.0088
0.9408
0.0066
0.0072
0.0342
0.01
0.7416
0.0114
0.0088
1
0.0092
0.0054
0.1844
0.446
0.0322
0.021
0.0558
0.3124
0.0082
0.0084
0.0062
0.031
0.0134
1
0.051
0.0068
0.007
0.017
0.0108
0.0306
0.0206
0.0072
0.0066
0.0126
0.0088
1
0.9982
1
0.0056
0.032
0.0082
0.0116
0.0152
0.0102
0.8652
0.0066
0.0074
0.6654
0.006
0.008
0.008
0.0058
0.0222
0.0126
1
0.01
0.0106
0.0326
1
0.0084
0.0062
0.0058
0.006
0.017
0.0112
0.0114
0.015
0.0974
1
0.0166
0.0064
0.0074
0.0098
0.0048
0.9996
0.0074
0.0056
0.083
0.6862
0.0076
0.0062
0.005
0.008
0.0254
0.9976
1
1
0.0096
0.0408
1
0.0066
1
0.0154
0.014
0.006
0.0078
0.0054
0.007
0.0088
1
0.0084
0.0182
0.005
0.0066
0.032
0.9874
0.007
0.0072
0.0132
1
0.0322
0.7426
0.0124
0.1814
0.0244
0.677
0.0052
0.0068
0.0084
0.0066
0.0076
0.0098
0.011
0.0078
0.0068
0.0082
0.0074
0.0108
0.008
0.0086
0.0994
0.0198
0.0086
0.0096
0.0276
0.009
0.009
0.0288
1
0.0092
1
0.0098
0.9858
0.007
0.2342
0.0142
0.0072
0.0154
0.0278
0.0082
0.0052
0.0074
0.0164
0.014
0.0158
0.0192
1
0.005
0.0058
0.008
0.0082
0.0104
0.0068
0.0064
0.0974
0.0088
0.005
0.0146
0.1004
0.0136
0.0224
0.0602
0.0084
1
0.0078
0.0072
0.0066
0.0166
0.0082
0.0092
0.9974
0.0402
0.0086
0.0088
0.0116
0.0044
0.036
0.0062
0.034
0.0064
0.0046
0.0046
0.0048
0.011
0.0624
0.1186
0.009
0.0076
1
0.0126
0.0076
1
0.0202
0.005
0.0068
0.008
0.0054
0.006
0.0064
0.0108
0.0286
0.0068
0.9196
0.0036
0.0216
0.0124
1
0.0144
0.0152
0.9988
0.0078
0.0066
0.0052
1
0.012
0.9998
0.0052
0.007
0.0154
0.0104
0.0142
0.0094
0.0254
0.1624
0.0044
0.0894
0.011
0.0054
0.0076
0.4222
0.0108
1
0.933
0.0176
0.0042
0.0096
0.0024
0.088
0.0102
0.0116
0.0058
0.0366
0.0126
0.012
0.0396
0.0048
0.0754
0.1078
0.0062
0.9992
1
0.0082
0.0084
1
0.0062
0.0044
0.0918
0.026
0.995
0.0088
1
0.0058
1
0.0458
0.0152
0.0056
0.0038
0.0068
0.0242
1
1
0.008
0.0058
0.0054
1
0.006
0.0098
0.0526
0.021
0.0092
0.0048
0.3422
0.0094
0.0124
0.0072
0.009
0.009
0.0118
0.0084
0.0152
0.0092
0.0052
0.0068
0.0206
1
0.0062
1
0.0232
0.0166
0.0092
0.0068
0.0098
0.0054
0.038
0.0234
1
0.0258
0.021
0.3582
0.0088
0.0126
0.0066
1
0.0058
0.0128
0.0996
0.9946
1
0.0084
0.0132
0.0048
0.0078
1
0.0206
0.0084
0.0382
0.0242
0.0082
0.0104
0.023
1
0.011
1
0.0192
0.0098
0.0102
0.9994
0.3462
0.0132
0.0064
0.0076
0.0068
0.006
0.0078
0.0076
0.0144
1
0.0434
0.0604
0.0164
1
0.019
0.0068
1
0.0212
1
0.007
0.0198
0.0088
0.0086
0.0104
1
0.138
0.0108
0.007
0.0064
0.0528
0.0196
0.006
0.0294
0.0088
0.0414
0.007
0.008
0.0298
0.0106
1
0.012
0.0058
0.0116
0.0068
0.0248
0.0062
1
0.0156
0.0106
0.9988
1
0.0062
1
0.007
0.009
0.0606
0.0076
0.0098
0.057
1
0.0126
0.0546
0.9102
1
0.0076
0.0124
0.0462
0.01
0.0742
0.0536
0.0152
0.026
0.009
0.0136
0.0236
0.0062
0.2666
0.0792
0.0082
0.01
0.0128
0.4972
0.0706
0.009
0.0794
0.0096
0.009
0.0062
0.006
1
0.0108
0.0174
0.0084
0.1166
0.0072
0.0156
0.006
1
0.0076
0.0076
0.012
0.0134
0.0138
0.0038
0.0174
1
0.0076
0.0068
0.027
0.0108
0.0096
0.0118
0.0064
0.009
0.0076
0.018
1
0.0096
0.0136
1
0.0054
0.0696
0.0142
0.0156
0.0064
0.0094
0.0096
0.1094
0.022
1
0.0202
0.0414
0.0126
0.0116
0.9964
0.005
0.0074
1
0.0136
0.0348
0.0872
0.0052
0.0214
0.0064
0.005
0.0108
0.006
0.0044
0.0076
0.0348
0.0286
0.0856
0.008
1
0.0158
0.0304
0.9874
0.2332
1
1
1
0.006
0.007
0.1178
0.0052
0.0072
0.0334
1
0.0094
0.0106
0.0234
0.0086
0.3758
0.0088
0.0312
0.0072
0.0098
0.0104
0.0756
0.0166
0.0114
0.0104
0.0076
0.021
0.013
0.0218
0.0078
0.028
0.0088
0.0074
0.0064
1
0.0186
0.877
0.0282
0.0102
0.0104
0.033
0.006
0.0084
0.0072
1
1
0.015
0.0216
0.012
0.0074
0.0584
0.0776
0.0106
0.007
0.0294
0.0092
0.0876
0.006
0.007
0.0264
0.0156
0.0728
0.02
0.0084
1
1
0.0104
0.0158
0.0116
1
0.0054
0.062
0.0114
0.0428
0.4326
1
0.0298
0.0136
0.009
1
0.0082
0.0076
0.0114
0.015
0.216
0.021
0.0226
0.9484
0.0062
0.0098
0.0954
0.0076
0.011
0.01
0.008
0.0184
1
0.016
0.0076
0.0116
0.1004
1
1
0.0118
1
0.0162
0.016
0.0242
1
0.0536
0.0244
0.9962
0.0124
0.0216
0.0638
0.011
0.1994
0.0072
0.0138
0.0144
0.0092
1
0.0076
0.0068
1
0.0286
0.0056
0.023
0.0132
0.0062
0.293
1
0.0106
0.0078
1
0.2686
0.0136
0.0362
0.0348
0.1818
0.0112
0.0062
0.0096
1
0.1906
0.008
0.0092
1
0.0476
0.008
1
0.3576
0.007
0.0684
0.0106
0.0152
0.0112
0.0048
0.1022
0.0362
0.0116
0.014
0.0066
0.1012
0.008
1
0.005
1
0.0068
0.0432
0.0076
0.0434
0.0048
0.107
0.3346
0.0178
0.1776
1
0.0078
0.0204
0.0078
0.009
0.0552
0.012
0.0486
1
0.0186
1
1
1
1
0.0078
0.0094
0.0056
0.0058
0.0174
0.0432
0.0138
0.032
0.0196
0.485
0.005
0.008
0.1334
0.0112
1
1
1
0.0098
0.0056
0.0292
0.008
0.96
0.0146
1
1
0.0096
0.0356
0.0546
0.0158
0.04
0.009
0.0076
0.0512
0.1058
0.007
0.0234
1
0.008
0.0104
0.0174
0.0062
0.0108
0.0074
0.0072
0.0084
0.008
0.0328
1
0.0218
0.0084
0.0622
0.01
0.0078
0.0224
0.0088
1
0.0108
0.0074
0.0098
0.0054
0.8478
0.007
0.0088
0.0096
0.0254
1
0.0096
0.0072
1
0.091
0.02
0.156
0.9016
1
1
0.0246
1
1
0.008
0.0134
1
0.0056
0.0072
0.0182
0.1424
0.009
0.0074
0.0264
0.0102
0.01
0.0146
1
0.01
0.037
0.0136
0.0068
0.0126
0.0366
0.0088
0.0202
0.0094
0.008
0.0124
0.0084
0.799
0.0062
0.038
0.0142
0.0058
0.0088
0.0354
0.9466
0.0554
0.0084
1
0.0052
0.0086
0.0256
0.9716
0.0112
0.0124
0.0066
0.9986
0.0076
0.0108
1
0.007
1
0.0308
0.0284
0.9982
0.0074
0.0234
0.0112
0.083
0.0084
0.2116
0.049
0.043
0.0356
0.022
0.014
0.009
0.0124
0.0488
0.011
0.0186
0.0238
0.042
0.8528
0.0148
1
0.0808
0.0478
0.0096
0.0078
0.0076
0.9954
0.0252
0.0086
0.9994
0.0188
0.0114
0.0084
0.0074
0.264
0.008
0.006
0.0074
0.0204
1
0.033
0.0108
0.0084
1
0.101
0.0188
0.0074
0.0168
0.0074
0.6936
0.018
1
0.01
0.0108
0.022
0.0386
0.0538
0.0444
0.0076
0.9984
1
0.0058
0.0104
0.0074
0.0098
0.084
0.0124
1
0.0062
0.0184
0.0916
0.0504
0.0766
1
0.0298
0.126
1
0.0228
0.0062
1
1
0.0166
0.004
0.0264
0.0248
0.0054
1
0.0212
0.0088
0.0458
0.0752
0.012
0.0888
0.0554
0.8284
0.013
0.0082
0.0266
0.0098
0.0262
1
0.0182
0.1806
0.0766
1
0.0112
0.0124
0.0374
0.0204
0.08
0.109
0.0382
0.0084
0.0532
0.012
0.0328
0.009
0.005
0.009
0.0146
1
0.0188
0.0092
0.043
0.0114
0.0052
1
0.0328
0.0456
0.009
0.0126
0.0252
0.655
0.0094
0.2522
0.0098
0.079
0.0112
0.013
0.0126
0.0962
0.0186
0.098
0.0318
0.065
1
0.0712
0.0102
0.0076
0.3672
0.335
0.0156
0.0322
0.0686
0.0818
0.016
0.1778
1
0.0336
1
0.1434
0.0086
0.0506
0.01
0.1522
0.0078
0.0226
0.1088
0.0094
0.0094
0.017
1
0.0726
0.0052
0.0432
0.069
1
0.0078
0.0056
0.011
0.0094
0.3306
0.0082
0.0994
0.0726
0.0112
0.0098
0.0896
0.0216
0.1294
0.072
0.0138
1
0.0258
0.0064
1
0.042
1
0.046
0.1242
0.4896
0.3122
0.0056
0.0178
0.0666
0.0352
0.0112
0.006
1
0.0106
0.0252
0.0116
0.0248
0.9892
1
1
1
0.0068
0.0076
0.0198
0.0046
1
1
0.0702
0.9746
0.0484
1
0.0202
0.0216
1
1
0.0074
1
0.1836
0.2516
0.034
0.0408
0.0232
0.0746
0.0288
0.0112
0.9988
0.0108
0.0046
1
1
0.0134
0.0102
0.006
0.0184
0.0292
0.024
0.0182
0.0044
0.009
0.0128
1
0.0072
1
0.016
0.014
0.0062
0.0188
0.0086
0.0084
0.0458
0.0738
0.0162
0.0362
0.0076
0.0278
0.0044
0.0172
0.0082
0.0164
0.442
1
0.0038
0.019
0.0222
1
1
0.0114
0.0166
0.0446
0.0042
0.0566
0.01
0.0064
0.4688
0.1352
0.0896
1
0.007
0.0318
0.0104
0.0488
0.0628
0.0534
0.0064
0.0436
1
0.0062
0.1116
0.0064
0.0562
0.5288
0.0288
0.0196
0.0374
0.0292
1
0.0118
0.0386
1
0.0058
0.0398
0.0082
0.011
0.0064
0.0258
0.0354
0.0294
0.0068
0.007
0.8166
0.1308
0.0068
1
0.0098
0.004
0.04
0.008
0.0458
0.0152
0.012
0.0352
0.013
0.0084
0.023
0.0346
1
0.0402
0.0264
0.1984
0.0494
0.0278
0.0072
0.0336
0.0132
0.0112
0.0238
0.0682
0.0226
0.0272
1
1
0.0502
0.0106
0.6124
1
0.0098
0.0146
0.0142
0.0256
0.0094
0.0228
0.01
0.0286
0.0126
0.0084
0.0114
0.086
1
1
0.0362
0.0614
0.009
0.0166
0.0476
0.0078
0.0334
1
0.006
0.0496
0.1096
0.0126
1
0.031
0.0158
0.0094
0.0068
0.1424
0.0062
0.0164
0.0332
0.0182
0.0062
0.0652
0.023
1
1
0.0098
1
1
1
1
1
0.2252
0.05
0.0838
1
0.6432
1
0.0074
0.0548
0.0908
0.0474
0.0362
0.0674
1
0.0158
0.008
0.0196
0.0144
0.0106
0.065
0.0084
0.006
0.0336
0.0292
1
0.9756
0.086
0.0204
