0.0018
0.0022
0.0026
0.0026
0.0038
0.0038
0.1938
0.0022
0.9894
0.0046
0.011
0.0014
0.0046
0.0134
0.004
0.001
0.0024
0.9996
0.0032
0.0078
1
0.0028
0.0022
0.0014
0.7648
0.012
0.005
0.7104
0.0998
0.0014
0.0024
0.0036
0.004
0.0038
0.0022
0.0806
0.0034
0.0068
0.0338
0.0022
0.014
0.005
0.0018
0.071
0.008
0.002
0.0038
0.006
0.0058
0.0576
0.003
1
0.0126
1
1
0.0076
0.0034
1
0.0032
0.0384
0.0032
0.0038
0.0056
0.0058
0.0102
0.0018
0.0864
0.0028
0.0024
0.003
0.0038
0.338
0.0172
1
0.0072
0.01
0.003
0.0032
0.0154
0.002
0.0426
0.0038
0.0266
0.0018
0.0078
0.001
0.006
0.0018
0.0136
0.0934
1
0.057
0.0626
0.844
0.023
0.0048
0.0064
0.015
1
0.0458
0.0304
1
0.0144
0.0038
0.001
0.01
0.003
0.0786
0.006
0.0088
0.0036
0.0028
0.003
0.032
0.0026
0.0036
0.005
0.3068
0.0272
0.0068
0.022
0.9998
0.0072
0.0316
0.0026
1
0.0026
0.007
0.0044
0.011
0.9856
0.0034
0.0084
0.0038
0.0188
0.0056
0.0032
1
0.0096
0.0028
0.0042
0.005
1
0.0036
0.9974
0.0026
0.0026
0.007
0.0034
0.0358
0.0052
0.0036
0.0036
0.0022
0.0344
0.0082
0.0408
0.0192
0.003
0.0052
0.013
0.0024
0.0054
1
1
0.005
0.5624
0.0026
0.0216
0.0372
0.0064
0.0046
0.097
0.003
1
0.041
0.0086
1
0.0252
0.0066
0.4818
0.0178
0.0094
0.0132
0.0128
1
0.0438
0.0354
1
0.0048
0.0124
1
0.0096
0.005
0.0038
0.2238
0.0086
0.0164
0.0138
0.0404
0.0104
0.0034
1
0.0056
0.0082
0.0226
1
0.0036
0.0048
0.0154
0.0346
0.0028
0.0062
0.0082
0.0058
0.0108
0.003
0.0032
0.0186
0.0134
0.0204
0.0034
0.0184
0.0034
0.0134
0.0102
0.0042
0.0026
1
0.8292
0.0134
0.011
0.999
0.0208
0.0032
0.0066
0.0026
0.004
0.0042
0.005
0.0112
0.0148
0.0034
0.0036
0.1438
1
0.0076
0.007
0.0062
0.003
0.0196
0.008
1
0.9828
0.0064
0.0088
0.0042
1
1
0.003
0.003
0.0082
0.0018
0.0028
0.0104
0.015
0.0056
0.005
0.0142
0.0016
0.003
0.014
0.0116
0.0036
0.0054
0.0024
0.0062
1
0.0012
0.0018
0.0054
0.0162
0.0042
0.0038
0.2174
1
0.0068
1
1
0.017
0.016
0.004
0.002
0.0104
0.0218
0.0048
1
0.0036
0.0092
0.0156
0.0028
0.0052
0.0036
0.0112
0.0042
0.0494
0.0194
0.013
0.0088
1
1
0.0026
0.0032
1
0.0036
0.0166
0.0068
0.0044
0.0024
0.0032
0.0214
0.0024
0.0026
0.004
0.0148
0.003
0.0568
0.0016
0.0118
0.0038
0.0022
1
0.004
0.0036
0.0296
0.0084
0.0034
0.0044
0.0022
0.002
1
0.0144
0.1552
0.0206
0.0096
0.0026
0.0014
0.0122
0.013
0.004
0.0032
0.0146
0.0058
0.0052
0.007
0.0032
0.007
1
0.0044
0.0036
0.0348
0.0208
1
0.0018
0.004
0.0016
0.003
0.0044
0.0042
0.0186
0.0384
0.0078
1
0.0528
0.0044
0.0022
0.0018
0.004
0.0016
0.0028
0.0026
0.0034
0.0098
0.0146
0.02
1
0.0086
0.0358
0.003
0.0244
0.0038
0.0252
0.004
0.0122
0.1042
0.0088
0.0036
0.012
0.0026
0.0024
0.0168
0.0038
0.0166
0.0036
0.0136
0.009
0.002
0.032
0.0016
0.015
0.6452
0.011
0.0138
0.3422
1
1
0.0022
0.0128
0.0056
0.0066
0.0038
0.0118
0.0054
0.0154
1
0.022
0.0014
0.0082
0.0382
0.0118
0.0166
0.0132
0.0766
0.0134
0.0034
0.008
0.0034
0.0046
1
0.0024
0.0042
1
0.9994
0.036
0.0108
1
0.0084
0.005
0.0032
0.0076
0.0176
0.0232
0.0158
1
0.0184
0.013
0.0252
1
0.003
0.0732
0.1676
0.029
1
0.0964
0.007
0.003
0.0028
0.0082
0.0026
0.0052
0.025
0.0114
0.0032
0.0038
0.003
0.05
0.0016
0.001
0.017
0.0078
1
0.0064
0.0036
0.0274
0.0054
0.003
0.0038
0.0162
1
0.0124
0.9982
0.0224
0.4066
0.0228
0.0062
1
0.0178
0.0024
0.022
4e-04
0.0036
1
0.004
0.0018
0.0032
0.0304
0.0666
0.0788
1
0.0098
0.038
0.3462
1
0.0056
0.0058
0.0022
0.0052
0.0026
0.0046
0.0872
0.0138
0.0038
0.0028
0.0034
0.0036
0.0014
0.0182
0.0658
0.0104
0.9026
0.0108
0.014
0.0408
0.0292
0.0204
0.0136
0.0044
0.0038
1
0.0094
0.0032
0.0036
0.9996
0.0084
0.005
0.051
0.0032
0.0034
0.005
0.0072
0.0102
0.8326
0.0308
0.0244
0.0528
0.004
0.7462
0.0024
0.0654
0.0034
0.0206
0.0052
0.0216
0.0046
0.0212
0.0016
0.0202
0.048
0.0226
0.0158
1
0.0126
1
0.0048
0.0038
1
0.0022
0.0732
0.0364
0.004
0.0046
0.004
0.0038
0.0036
1
0.0642
0.0532
0.0048
1
1
0.014
0.0024
0.0026
0.0028
0.0046
0.0028
0.0024
0.0028
0.43
0.0024
1
0.0136
0.0016
0.0178
0.003
1
0.0038
1
1
0.0022
0.014
1
