0.002
0.0014
0.8428
0.002
0.0024
1
8e-04
0.0022
6e-04
1
0.001
0.0036
0.0016
1
1
0.0044
0.9544
0.002
0.0028
0.001
0.0022
0.215
0.004
0.001
0.0054
0.9946
0.0044
1
0.0022
0.0016
1
0.0036
0.002
0.0042
0.001
0.0054
0.0054
1
0.0032
0.0026
1
0.7634
0.0014
0.0032
0.332
0.0016
0.0386
0.0104
0.0046
0.01
0.0034
0.0022
0.9974
0.0024
0.001
0.003
0.001
8e-04
0.0022
0.0016
0.0014
1
0.0054
0.001
0.0094
0.002
0.0214
0.0018
1
0.0028
0.0104
0.0018
1
0.0038
0.0216
1
0.002
0.002
0.0472
0.002
1
0.0022
0.002
0.0038
0.0028
1
0.002
0.0042
0.0026
0.0094
0.0046
8e-04
0.002
0.0106
1
1
1
0.004
0.004
0.0048
0.001
0.203
0.0026
1
1
0.0104
0.1174
0.0012
0.0032
0.0076
0.0028
0.0032
0.0278
0.003
0.002
0.0202
1
0.0032
0.0014
0.002
1
1
0.0388
0.0046
1
0.0018
0.0034
1
0.0028
0.0046
1
0.0032
0.0024
1
0.0018
1
0.007
0.0016
0.001
0.007
0.9516
0.0408
1
1
0.002
0.005
0.0028
1
1
0.0024
0.0012
0.001
0.0022
0.005
0.004
0.0028
0.0078
0.0026
0.002
1
0.0034
0.0022
1
0.002
1
0.0058
1
8e-04
0.0012
0.0036
0.0094
0.0022
0.0018
0.0034
0.9922
0.0016
1
1
0.0014
0.0016
0.0078
0.0062
0.0024
0.5218
0.0012
6e-04
0.0024
0.0124
0.0094
0.008
0.0138
0.0042
0.0124
1
0.0028
0.0028
0.0166
0.0026
1
1
0.0012
1
0.0164
0.0796
1
0.0054
0.0022
0.3554
0.049
0.0026
0.0116
0.0088
0.007
1
0.0108
0.0358
0.002
0.0106
0.1474
0.0022
0.004
1
0.003
0.026
0.0012
0.008
1
1
1
0.0026
1
0.0102
0.2264
0.0028
0.007
1
0.0114
0.0128
0.002
1
0.0102
0.9854
0.087
0.0044
0.0018
0.011
0.0154
1
0.0018
0.0068
1
0.9782
0.0022
0.0066
0.0026
0.0026
1
0.0028
0.0028
1
1
0.0016
0.002
0.011
0.0022
0.0052
0.001
1
0.0014
1
1
0.0124
0.997
1
0.0016
0.0196
0.011
0.0032
0.0112
0.001
0.0038
0.0016
0.009
0.1164
0.0496
0.0336
1
0.0414
0.0208
1
0.003
0.0062
4e-04
0.008
0.0034
0.0012
0.0052
0.003
0.002
0.0014
1
0.0096
0.2544
0.006
1
0.004
0.0552
0.0028
0.0026
1
1
0.0048
1
4e-04
0.0012
0.0032
1
0.0038
1
1
0.0034
0.0038
0.002
0.0546
0.0278
0.0032
0.0032
6e-04
0.096
1
0.8542
0.6574
0.0082
0.9314
0.0022
0.0908
1
0.0042
0.0128
0.0014
0.9996
0.0186
0.0096
0.0078
0.006
0.0028
0.0044
0.003
0.0078
0.0148
0.004
0.0048
1
0.0322
0.0584
0.0692
0.0076
1
0.0022
0.001
0.011
0.0016
0.0316
0.3952
0.0018
0.0042
0.011
0.736
0.01
0.0108
0.045
1
0.0022
0.0058
1
0.0154
0.0018
0.0024
0.0014
0.0026
0.002
0.0248
0.0144
0.0084
0.0022
0.0076
1
1
0.0628
0.0048
0.0312
0.0044
0.0434
1
0.0018
0.002
0.0022
1
0.0014
0.0032
1
1
4e-04
1
0.0486
0.0026
0.9966
0.0888
0.003
0.0036
0.9954
0.026
1
1
1
0.0022
1
0.0082
0.0082
0.0052
0.0078
0.0264
1
1
1
0.0026
0.0022
1
0.0442
8e-04
0.0018
0.0016
0.0044
1
0.0012
0.0048
0.002
8e-04
6e-04
0.0012
0.001
0.0012
0.0086
0.0016
1
0.9308
0.0036
0.003
0.0026
0.0024
0.0014
0.0018
0.0018
0.0016
0.0054
1
1
0.0114
4e-04
0.0038
0.0216
0.001
0.0314
0.0014
0.002
1
1
0.0016
0.0018
0.003
0.0036
0.0012
0.0034
2e-04
0.0064
0.001
0.001
0.0022
0.0034
8e-04
0.0012
0.0012
1
1
0.0252
0.0042
8e-04
0.224
0.0014
1
1
0.01
1
0.0018
0.0168
0.0018
0.0028
0.014
0.0026
0.0014
0.1634
0.0074
0.0052
0.0022
1
0.0026
1
0.0012
0.0086
0.0026
0.0014
0.0098
0.008
0.0022
0.0014
0.0038
0.016
0.0122
1
0.0018
0.003
0.0052
0.0022
1
0.0616
0.025
0.0018
0.0014
1
0.0012
0.0012
0.0082
0.0086
0.0052
0.012
0.0084
0.0038
0.002
0.0042
0.0034
0.0034
1
0.0018
0.0014
0.0012
0.0074
0.0014
0.002
1
4e-04
0.9946
0.0026
0.0038
0.0046
0.015
0.0032
1
0.0038
1
0.009
1
8e-04
1
0.0018
1
0.0018
0.0106
0.004
1
0.0026
0.0042
0.001
0.0126
1
1
1
0.0016
0.0012
0.0056
1
0.0104
1
0.0056
0.0036
0.006
0.0114
0.0072
0.0046
0.0012
1
0.0044
0.0014
0.0048
1
1
0.0428
1
0.0244
1
0.0056
0.0016
0.0012
0.0024
0.0018
0.0012
0.004
0.984
0.001
0.3824
0.0036
0.0068
0.0026
1
0.0014
0.9922
1
0.0014
0.0016
0.0254
0.0028
0.0038
0.0024
0.002
0.0086
0.0044
1
0.003
1
0.0026
0.0012
0.001
0.001
0.0018
0.0048
8e-04
0.002
1
0.008
0.8678
0.0108
0.0012
0.0038
0.0044
0.0028
0.0018
0.0128
0.0036
1
0.0022
0.002
1
0.0052
0.007
1
0.0034
0.0028
0.002
0.0016
0.1136
0.005
0.0028
1
0.0152
0.001
1
0.007
1
0.0066
1
0.0016
0.0038
1
0.0058
0.0036
0.0062
0.0012
0.0016
0.0014
0.0018
0.002
1
1
1
0.0028
0.0012
0.02
0.003
0.002
0.0088
1
0.0016
1
0.9986
0.0032
0.0026
0.0018
0.9958
0.0026
0.002
0.0126
0.983
0.0026
0.0038
1
1
0.0094
1
0.001
1
0.0034
1
0.0048
0.0034
0.0014
1
0.3298
1
0.006
0.0056
0.0024
1
0.0022
0.0326
0.0018
1
1
0.0086
0.01
1
0.002
0.0026
0.0014
1
0.0226
0.0022
8e-04
0.01
8e-04
1
0.0044
0.004
0.0042
0.0032
0.0032
0.0156
0.0312
0.006
0.0026
0.0046
0.0182
1
0.0224
1
0.0016
0.695
1
0.0014
1
8e-04
1
0.2466
0.004
0.0012
0.0038
0.0106
0.0074
1
0.0014
0.0038
0.005
1
8e-04
0.0032
0.0134
0.0066
0.0018
0.003
0.0016
0.0024
0.0018
0.9988
1
0.004
0.9998
8e-04
0.0036
0.0022
0.003
0.001
0.006
1
1
1
1
0.0044
0.0042
0.0176
0.0042
1
0.0026
0.0114
0.001
0.0318
1
1
1
0.0036
0.0012
0.013
0.0198
1
0.0016
0.001
0.1428
0.0058
1
0.0116
1
1
0.002
1
0.0016
0.0024
0.002
0.9968
1
0.185
1
0.0294
0.0022
6e-04
0.056
0.0036
1
6e-04
1
0.0014
0.0018
0.0022
0.0026
1
0.0034
0.0012
0.0012
1
6e-04
1
0.007
0.0022
0.0018
4e-04
0.003
0.991
1
0.0016
0.002
0.0016
0.0014
0.0124
0.0026
0.0034
0.0022
0.004
0.0102
0.0034
0.0168
0.0012
1
1
0.8814
0.0046
0.0014
1
0.0022
0.0062
0.0174
0.0404
0.0016
0.9922
0.011
1
0.4102
0.0022
0.0024
1
1
0.0012
0.0022
6e-04
0.0068
1
0.0042
0.0308
1
0.0016
1
0.0066
0.002
1
1
0.4028
0.0026
1
0.0012
0.0104
0.0094
1
0.0026
0.001
0.001
0.9994
1
0.0032
1
0.0036
1
1
0.0032
1
1
0.0014
0.0012
0.0034
0.002
1
0.0014
0.0032
0.3152
0.0012
0.0024
0.0042
1
6e-04
0.0022
1
6e-04
1
0.0044
1
1
0.0068
0.002
0.0044
0.0238
0.0022
0.0018
0.0056
0.9954
0.0032
0.0012
0.002
0.0024
1
0.0038
1
0.0056
8e-04
0.0014
0.0128
1
1
1
0.0042
0.002
0.1286
0.0032
0.002
0.0086
0.0012
0.0024
0.002
0.0042
0.0034
1
1
0.0064
0.0104
0.002
0.0042
1
0.0032
0.0338
0.0036
1
6e-04
0.0712
0.0014
0.7216
0.002
0.0048
0.0022
0.002
1
0.0016
1
0.0056
0.0808
1
0.0078
1
1
0.0034
0.0022
0.0024
1
0.01
1
0.2508
0.975
0.0042
0.0354
0.0022
0.0058
0.0018
6e-04
0.0436
1
0.009
0.002
0.0086
0.0016
0.015
0.9984
0.0028
0.0158
0.0344
1
1
0.0018
0.0048
4e-04
0.002
0.0024
8e-04
1
0.0026
0.0012
0.0072
4e-04
0.011
0.003
1
1
0.0034
0.002
0.0034
0.0022
0.0018
1
1
8e-04
0.002
0.0088
0.0036
8e-04
0.0098
0.0056
1
0.0036
0.001
0.0082
0.013
0.0012
0.0024
1
0.0036
1
1
0.0032
0.0024
0.0028
0.0066
1
0.0166
0.013
0.0016
0.0012
0.012
0.0072
0.0038
0.005
0.042
0.006
0.003
0.0024
0.0018
0.0014
0.0028
0.0042
1
0.0024
0.0018
0.001
1
0.0052
0.001
0.0034
0.0068
0.0012
0.0056
0.0024
0.0148
0.0202
0.9266
1
0.006
0.0028
0.0034
0.0032
0.003
0.0038
0.0016
0.0098
0.0028
0.0224
0.0034
0.0064
1
0.0024
0.0044
4e-04
0.0012
1
1
0.3192
1
0.0034
0.007
6e-04
0.0028
0.0042
1
1
1
0.0022
0.0012
0.003
0.0032
0.006
1
0.0102
0.0062
0.0048
0.0016
1
1
8e-04
0.0056
0.0054
0.0024
1
0.0086
1
0.0012
0.0562
0.0044
1
0.004
0.0024
0.0026
0.0078
0.009
0.005
0.0012
0.0028
0.0138
0.0028
0.0046
1
0.003
1
0.001
1
0.0036
1
1
0.0062
1
0.0028
1
0.0032
0.0042
0.0688
0.005
0.0034
0.003
1
1
0.0148
0.0042
1
0.0068
0.0036
0.0056
0.0042
0.0068
1
0.0082
0.0524
0.0046
8e-04
0.0026
0.0046
0.0012
0.008
1
0.004
1
0.124
0.0064
0.0112
0.3696
0.0056
0.0012
0.003
0.0014
0.0082
1
0.0082
0.0064
0.0028
0.0022
0.002
0.0034
0.0054
0.0102
0.0044
0.0168
0.0112
0.0238
1
8e-04
0.0026
0.0012
1
0.0024
0.011
1
1
0.0062
1
0.003
0.0022
0.018
0.0024
0.0052
0.0044
0.0062
0.0084
0.008
0.028
0.0282
0.0036
0.0092
0.0098
0.0044
0.0042
0.081
0.014
0.007
0.0026
0.0018
0.0594
0.0026
0.003
0.004
0.0046
1
0.003
0.0076
0.002
0.0048
1
0.0036
0.001
0.013
0.0062
1
0.0036
1
1
0.0268
0.9912
1
0.0054
0.0064
0.0054
0.0124
0.0796
0.0052
0.0064
0.0024
8e-04
0.0026
0.0024
1
1
1
0.0032
0.0022
0.0018
1
0.0026
0.0016
1
0.0062
0.0136
1
0.0052
1
1
0.0022
0.01
0.0056
0.0052
1
1
0.004
0.0044
1
1
0.002
0.0026
1
1
0.0124
0.876
1
1
1
1
0.009
0.0104
1
0.003
8e-04
0.0768
0.0082
0.0042
0.005
1
0.0016
0.0042
0.0058
0.0056
0.0086
0.0044
0.0024
0.0148
0.006
0.004
0.003
0.0022
0.0026
0.0086
1
1
0.0016
1
1
1
0.0056
0.0018
0.0092
0.0264
1
0.0108
0.0072
0.001
0.011
0.0056
0.0028
0.0056
0.003
1
0.004
0.5024
0.003
0.0016
0.0114
0.003
0.0028
0.0036
0.0016
1
0.0032
0.0106
0.0382
0.0042
0.0156
8e-04
0.0022
0.0038
0.0112
0.003
0.0036
0.0026
0.003
0.0032
0.0016
0.0076
0.0052
0.0036
0.0078
1
0.0042
1
0.0026
0.0072
1
0.0028
0.005
0.0038
0.0424
0.002
6e-04
0.0046
0.0018
1
0.0038
0.0048
0.0022
0.0102
0.0392
1
1
1
0.0036
0.0036
0.0042
0.675
1
1
0.0592
0.0036
0.0024
0.0024
0.0084
0.008
0.002
0.0026
0.0052
0.0058
0.007
1
1
0.0118
0.006
0.0054
0.0064
0.0042
1
1
0.003
0.0076
0.002
1
0.0106
0.01
0.0024
0.004
0.0162
0.9932
0.0028
0.0106
0.0034
0.001
0.001
0.0028
0.0078
0.0066
0.9784
0.0024
1
0.006
0.002
0.0034
0.0062
0.6086
0.0044
0.0026
0.0084
0.0016
0.0024
6e-04
0.0064
0.003
0.0444
1
0.0038
0.0018
0.0026
1
0.0132
0.003
1
0.016
0.999
0.0042
0.0052
0.0036
1
0.0014
0.0016
0.0106
0.0108
1
0.0046
0.0086
0.0038
0.002
0.0018
1
0.0932
8e-04
0.0026
0.0022
0.0026
0.003
0.0028
0.0112
0.0044
1
0.0012
0.005
0.004
0.0124
0.0022
0.005
0.0042
0.0052
0.0062
1
0.0018
0.0024
1
6e-04
1
0.0102
0.0412
0.0428
0.0066
0.0036
0.0034
0.009
0.0038
8e-04
0.0072
1
0.0064
0.0018
1
0.002
0.0012
0.009
0.1148
0.0016
0.003
1
0.006
0.0178
0.0012
0.707
0.003
1
0.0022
1
0.0866
0.0844
0.0028
0.0024
0.0016
1
0.013
0.0016
0.9606
0.0084
1
0.0044
0.0028
0.0072
0.0134
1
0.0152
0.0096
0.0068
0.003
0.031
0.0014
0.0028
0.0018
0.0102
0.0024
0.0026
1
0.0158
0.0058
0.012
1
1
0.011
1
0.0016
0.0036
1
1
0.0028
0.0376
0.0232
0.0044
0.04
1
0.0014
0.0014
0.0044
1
0.0038
0.0092
0.0012
0.021
0.0018
0.0058
0.002
0.0034
0.0016
1
0.0036
0.004
1
0.0024
0.0016
0.0034
0.97
0.945
0.008
1
0.0036
0.0116
0.0058
1
0.0016
0.011
0.0014
0.0054
0.0022
8e-04
0.0076
1
1
0.0034
1
0.0124
0.0108
1
0.0032
0.0082
0.0018
8e-04
0.0014
1
0.0062
0.0016
0.0044
0.0118
0.0014
0.7574
0.0038
0.0016
0.009
0.0044
0.0234
0.0046
0.0038
0.0068
0.002
0.006
0.0054
0.0038
1
0.0084
0.0686
0.0014
0.002
1
0.0018
0.0048
0.0022
0.005
1
6e-04
1
0.0102
0.0028
0.0088
1
0.0042
0.0056
0.0024
0.0028
0.003
0.0224
1
1
0.006
0.004
0.003
0.006
0.0054
8e-04
0.1982
0.0032
0.0012
0.0018
0.0012
0.009
0.0026
0.0038
1
1
0.0046
1
0.0174
8e-04
8e-04
0.0014
0.0066
0.0056
0.0028
0.0086
0.0032
0.0072
1
0.0026
0.0024
0.002
0.0016
0.0018
0.0352
1
1
0.004
0.0016
0.0018
0.0178
0.0012
1
0.2626
1
0.0078
0.0044
1
0.0024
0.0038
0.0226
0.0018
1
1
0.0032
0.0034
0.7112
1
0.0134
0.0342
0.0058
1
8e-04
0.0014
0.0088
0.0962
1
0.0042
0.0012
0.0014
0.0012
0.002
0.003
0.0054
0.0028
0.804
1
0.0104
1
0.0082
0.0192
0.0012
0.0014
0.0022
0.9966
0.0244
1
0.0014
0.004
1
1
0.0066
0.0048
0.0094
0.0136
0.0042
0.003
0.0032
0.0072
0.0098
0.0084
1
1
0.005
0.0074
0.0016
1
0.0038
0.0108
0.0036
1
1
0.006
0.0184
1
0.0068
0.0074
0.0022
0.0134
1
0.0064
0.9992
1
0.0102
0.0044
0.0028
0.0044
0.0038
1
1
1
0.0062
0.005
0.0018
0.004
1
0.0016
0.0432
0.0078
0.004
0.006
0.0016
0.0044
0.001
1
8e-04
0.015
0.0032
1
1
0.0546
1
0.0078
0.0046
0.0282
0.0064
1
0.0018
0.0734
0.002
0.003
6e-04
0.0048
0.0012
1
1
0.0022
0.0056
0.0436
0.0042
0.0032
1
0.0016
0.002
0.0038
0.0028
0.981
0.0032
0.004
0.957
0.0022
1
0.0044
0.006
0.0012
1
0.0032
1
1
0.0442
0.003
0.0028
0.0034
0.0134
0.0018
1
0.0032
0.0066
1
0.001
0.0014
1
0.0016
0.0032
1
1
1
1
0.0016
1
0.0104
0.0034
0.002
1
0.0176
1
1
1
0.0092
1
0.0312
1
0.003
0.002
0.0024
1
0.0028
0.0038
0.204
1
0.0036
0.0054
0.0084
1
1
1
1
0.7054
0.0028
1
0.0268
0.002
0.0034
0.0026
0.0088
1
0.0198
0.0048
0.0024
0.001
0.963
0.005
6e-04
0.003
0.0028
0.006
0.0016
0.0014
0.007
1
1
0.0032
0.007
1
0.005
0.0088
1
0.0046
0.0084
0.0012
0.0016
1
0.0032
8e-04
0.0044
0.0038
1
0.0058
0.0048
0.8006
0.0116
0.0054
0.0074
1
0.0026
1
0.0016
0.0454
1
1
0.0032
8e-04
0.0422
0.003
1
0.0018
0.002
0.001
1
1
0.0086
1
1
0.006
0.0064
8e-04
0.001
0.0042
0.0036
0.002
0.0018
0.0034
0.0016
0.0014
0.0036
1
8e-04
8e-04
0.0044
1
0.0094
0.0082
0.002
0.0026
0.0048
0.0016
0.0018
1
0.003
0.0344
0.0054
0.003
0.0014
1
1
1
1
1
0.0038
0.0062
0.0014
0.0016
0.002
1
0.0036
0.2214
1
1
0.0046
0.0014
0.0038
1
0.004
1
0.0054
0.015
1
0.0018
1
1
0.0048
1
0.0456
1
1
1
0.0016
0.0076
0.0264
0.0022
0.019
0.0016
0.0024
0.0026
1
1
0.0018
1
0.0018
1
6e-04
0.0066
0.0058
0.0024
0.0066
1
1
0.0048
0.0096
1
1
1
1
0.007
0.0022
0.0052
0.0014
8e-04
0.0092
0.0018
0.0028
0.0024
1
0.001
0.0014
1
0.0042
1
0.0028
0.0014
0.002
0.0032
0.0028
0.0038
0.0054
1
0.004
0.014
0.0028
0.0082
0.0036
1
0.0016
0.0046
0.0024
1
0.0028
0.0038
0.0056
1
0.0084
0.0042
0.0112
0.0016
0.002
0.0012
0.0074
0.739
1
1
1
0.1408
1
0.0016
0.0022
0.0028
0.0012
1
1
0.0082
0.003
1
0.0092
1
0.015
0.9936
1
1
8e-04
1
0.9722
1
0.0042
1
0.0098
0.002
0.0016
0.0026
0.004
0.002
0.0016
1
1
1
1
0.002
0.265
0.953
1
0.0016
0.0034
0.0324
0.0016
1
0.0022
0.0026
1
1
1
0.0028
1
1
0.0028
0.001
0.0026
1
1
0.0136
1
1
0.006
0.9902
0.0072
0.9972
1
1
0.0044
1
0.0036
0.0016
1
1
1
1
0.0032
0.001
1
1
0.002
0.0016
0.0018
0.0066
1
0.0028
0.0066
0.4922
1
0.0014
0.002
6e-04
1
0.0024
1
0.003
0.0036
0.0072
1
0.0028
1
0.0022
0.001
1
1
1
0.0024
0.0068
0.0084
0.0044
1
1
0.0046
1
1
0.0016
1
0.0032
0.0028
1
0.0028
1
1
0.003
1
0.0078
0.0032
1
0.0044
0.0088
1
0.08
8e-04
0.7522
0.0022
0.0094
0.0012
0.0038
1
1
1
1
0.0022
0.002
0.0042
0.0016
0.0018
0.002
0.0046
1
0.0022
1
1
1
0.0236
1
0.0062
0.002
0.0026
0.0334
0.0014
0.0028
0.0014
1
0.0036
0.0106
1
0.0016
0.0396
0.0012
1
0.002
1
1
0.0032
0.0414
0.007
0.0086
0.0014
0.0012
0.0014
0.0012
0.9998
1
0.0036
1
0.0014
8e-04
0.0122
0.0022
0.0028
0.0018
1
0.0022
0.0146
0.006
1
0.0058
0.0024
1
0.0024
0.0028
0.0014
0.002
1
1
0.001
1
1
0.0012
0.0166
0.2354
0.001
0.001
0.0014
0.0016
1
1
0.0014
0.0032
1
0.001
0.0018
1
1
0.995
0.0018
1
0.0028
1
0.003
1
0.0158
0.004
0.999
0.0014
1
0.0036
0.0032
1
0.0034
0.0012
0.0024
0.033
0.0088
0.0046
1
1
0.001
0.019
0.0028
1
0.017
0.0028
0.0018
0.0022
0.003
0.0114
0.0102
0.0088
0.012
0.4174
0.003
0.0018
0.0052
0.997
1
0.0024
0.0024
0.0012
0.0034
0.0022
0.008
0.0024
0.008
0.002
0.0034
0.0024
0.0024
1
1
0.006
0.0014
0.001
1
0.0086
0.0038
0.9958
0.0136
0.0068
0.0052
0.0134
1
1
8e-04
0.0034
0.0098
0.0132
1
0.0084
1
0.0056
0.007
0.0086
0.0064
1
0.0026
0.0132
1
0.0036
0.003
0.0014
0.0014
8e-04
6e-04
1
0.0094
1
0.0018
0.0014
1
1
1
1
0.0064
0.005
0.0058
0.0096
0.0072
1
0.0056
0.0018
1
0.0032
0.003
0.0316
1
0.0024
1
1
0.0016
0.0018
1
0.0022
0.0082
1
1
1
1
1
1
0.002
0.0046
0.0484
0.1242
1
1
0.0074
0.002
0.0028
0.0012
1
0.0012
0.002
0.0094
0.0014
0.0028
1
0.0076
0.0026
1
0.0034
0.0018
1
0.0026
0.0054
0.019
0.0084
1
1
0.0106
0.0332
0.006
0.0022
0.0016
1
0.0012
8e-04
0.001
0.0016
0.001
1
1
0.0016
0.0028
4e-04
0.0036
0.0022
0.0032
0.0036
0.0012
1
0.0052
0.0038
0.001
1
0.0056
0.0012
0.0038
0.0026
0.0042
1
0.0018
0.0016
0.0048
1
0.0012
0.0152
0.0016
0.0044
0.0026
0.002
