2e-04
0.002
0.0088
0.017
0.0044
0.8
0.0026
0.0292
0.005
0.0018
0.0148
0.0058
0.5418
0.0066
0.0066
0.0068
0.339
0.9978
0.0148
0.0064
0.0088
0.0028
0.0036
0.0048
0.0038
0.0106
0.0054
0.9164
0.006
0.0212
0.0032
0.002
0.0144
0.0116
0.0188
0.0282
0.0148
0.0066
1
0.0406
0.007
0.005
0.01
0.0124
0.0034
0.0026
0.0162
0.007
0.003
0.002
0.0032
0.013
0.0032
0.0076
0.0064
0.0252
0.0084
0.0036
0.0026
0.0164
0.0044
0.022
0.003
0.0026
1
0.645
0.0024
0.0028
0.014
0.0116
0.0758
0.0206
0.0092
0.0022
0.0314
0.0038
0.0026
0.0022
0.0056
0.1358
0.55
0.0014
0.0016
0.0028
0.0118
0.0028
0.0022
0.0072
0.0022
0.0024
0.002
0.0074
0.0326
0.0014
0.003
0.0108
0.002
0.0042
0.0028
0.0072
0.0076
0.008
0.0258
0.0034
1
0.0028
0.008
0.0048
0.0166
0.0412
0.003
0.0034
0.011
0.0024
0.0074
0.0072
0.003
0.008
0.0028
0.0026
0.0048
0.0018
0.0092
0.0042
0.007
0.0056
0.001
0.0022
0.0028
0.0026
0.0038
0.0234
0.0044
0.0026
0.0032
0.0024
0.0014
0.001
0.0014
0.0092
0.002
0.0046
0.0062
0.0022
0.0032
0.0018
0.0026
0.0036
0.012
0.0018
0.0054
0.001
0.7744
0.0018
0.0168
0.0044
0.0112
0.0108
0.0052
0.0018
0.0018
0.0046
0.0022
0.002
0.0026
0.0038
0.0208
0.0228
0.0026
0.003
0.022
0.0058
0.0058
0.0018
0.0016
0.0026
0.0022
0.0018
0.0036
0.0028
0.0036
0.0036
0.0424
0.0052
0.0384
0.0032
0.0014
0.0024
0.0024
0.003
0.0012
0.004
0.0024
0.0022
0.0018
0.0092
0.0136
0.0038
0.001
0.0026
0.0052
0.0042
0.0352
0.0072
0.0048
0.0156
0.0132
0.0054
0.0318
0.0012
0.0036
0.003
0.002
0.0028
0.0026
0.0012
0.007
0.0058
0.0072
0.0034
0.002
0.0088
0.002
0.0042
0.0092
0.0018
0.001
0.0016
0.003
0.005
0.002
0.0038
0.0024
0.0104
0.0034
0.0078
0.0028
0.0042
0.0024
0.0044
0.0084
0.0036
0.0034
0.0016
0.0014
0.2744
0.002
0.0044
0.005
0.6326
0.0042
0.0186
0.0034
0.0052
0.0042
0.0096
0.0048
0.0058
0.0034
1
0.0136
0.0022
0.0012
0.0046
0.0034
0.002
0.0058
0.0014
0.0024
0.0034
0.0098
0.0018
0.0098
0.0046
0.0016
0.0068
0.0016
0.0026
0.0036
0.0028
0.0042
0.0024
0.002
0.0724
0.0064
0.002
0.0038
0.0024
0.0036
4e-04
0.5514
0.002
0.0024
0.0068
0.0034
0.005
0.0016
0.0048
0.0038
0.0018
0.003
0.003
0.0044
0.0104
0.0042
0.0046
0.0032
0.002
0.0022
0.0022
8e-04
0.0026
0.0032
0.0096
0.8548
0.0038
0.002
0.005
0.0026
0.001
0.0052
0.1218
0.0022
0.0044
0.0052
0.013
0.0022
0.0102
0.0034
0.002
0.0018
0.0022
0.0036
0.0038
0.0016
0.0028
0.0014
0.0036
0.0036
0.0032
0.008
0.0012
0.001
0.0014
0.002
0.002
0.0088
0.0026
0.0046
0.0604
0.0036
0.0126
0.011
0.0016
0.0016
0.001
0.0026
0.0026
0.001
0.0122
0.0026
0.0022
0.002
0.0022
0.0026
0.001
0.0156
0.0022
0.0102
0.0032
0.0052
0.0024
0.0016
0.0052
0.014
0.0034
0.9748
0.0028
0.0016
0.0034
0.0052
0.0024
6e-04
0.0044
0.0038
0.0026
0.0018
0.0036
0.0052
0.0022
0.0054
0.0034
0.3882
0.0036
0.0012
0.0052
0.0014
0.0056
0.0022
0.002
0.006
0.002
0.001
0.0022
0.011
0.002
0.0022
0.0162
0.003
0.0088
0.003
0.0036
0.0032
0.0038
0.0032
0.0026
0.0028
0.0094
0.0026
0.0028
0.0012
0.0016
0.0064
0.0026
0.0056
0.0032
0.0044
0.0018
0.0016
0.003
0.0158
0.0024
0.0022
8e-04
0.0018
0.0022
0.002
0.0034
0.004
0.003
0.0034
0.003
0.0026
0.001
0.001
0.0042
0.0056
0.002
0.0236
0.002
0.0018
0.0052
0.007
0.0016
0.0034
0.006
0.0016
0.0118
0.0032
0.0046
0.003
0.0028
0.0026
0.0012
0.0026
0.0026
0.0056
0.002
0.0046
0.0048
0.0018
0.0134
0.0024
0.0022
0.0052
0.003
0.0066
0.0022
0.0018
0.0012
0.0028
0.0026
0.002
0.0102
0.0014
0.003
0.0036
0.0054
0.0034
0.0022
0.0022
0.0032
0.0158
0.0074
0.0026
0.0028
0.0022
0.0032
0.0016
0.0018
0.0036
0.003
0.0734
0.0064
0.0038
0.0024
0.0158
0.0018
0.0042
0.0026
0.0028
0.0018
0.0018
0.0028
0.002
0.0014
0.0022
0.0018
6e-04
0.001
0.0032
0.003
0.003
0.0094
0.0042
0.003
0.0018
0.0026
0.0034
0.003
0.0024
0.0036
0.0026
0.0022
0.001
0.0046
0.0036
0.0098
0.0016
0.0018
0.0052
0.0012
1
0.0028
0.0042
0.0052
0.001
0.002
0.0034
0.0066
0.0018
0.011
0.0558
0.0046
0.0018
0.0014
0.0038
0.0034
0.0028
0.0028
0.0016
0.0228
0.0026
0.0026
0.002
0.0078
0.0022
0.003
6e-04
0.0028
0.003
0.0048
0.0162
0.002
0.0026
0.0568
0.0022
0.0022
0.0018
0.0024
0.003
0.0034
0.0078
0.0086
0.0026
0.002
0.002
0.001
0.0012
0.0032
0.0022
0.0026
0.0076
0.002
0.0056
0.0118
0.0246
0.0022
0.0022
0.0096
0.0012
0.0478
0.0016
0.0064
0.0018
0.003
0.0016
0.4604
0.0442
0.002
0.0022
0.001
0.0084
0.0028
0.0026
0.0032
0.0022
0.0066
0.0022
0.0016
0.0044
0.003
0.0018
0.0024
0.0016
0.003
0.0228
0.0178
0.0014
0.0056
0.003
0.003
0.0022
0.0026
0.0014
1
0.0024
0.0024
0.0116
0.0036
0.0016
0.0126
0.0046
0.003
0.0338
0.1774
0.0276
0.004
0.0014
0.001
0.0042
0.0184
0.0338
0.0042
0.0294
0.0024
0.0024
0.0026
0.002
0.0058
0.0016
0.0026
0.0036
0.0022
0.0796
0.0052
0.0118
0.0532
0.0044
0.0018
0.0022
0.0026
0.017
0.0028
0.0022
0.002
0.0162
0.0084
0.0022
0.0022
0.0046
0.002
0.0014
0.0024
0.0052
0.0026
0.0016
0.0066
0.0046
0.0032
0.002
0.0078
0.002
0.0024
0.002
0.0062
0.0036
0.0026
0.0024
0.0014
0.0012
0.0024
0.0262
0.0026
0.0154
0.0032
0.0018
0.0024
0.005
0.002
0.0038
0.0044
0.0034
0.004
0.0054
0.0034
0.0018
0.001
0.003
0.0018
0.4798
0.0018
0.0036
0.0052
0.0016
8e-04
0.0026
0.0044
0.0014
0.0032
0.0022
0.0014
0.0108
0.005
0.0096
0.0036
0.0022
0.0026
0.0082
0.0066
0.002
0.0024
0.0034
0.001
0.0026
0.003
0.04
0.0042
0.0026
0.0022
0.9966
0.003
0.0034
0.0024
0.002
0.0348
0.0026
0.0072
0.004
0.005
0.0018
0.0064
0.0016
0.0028
0.0052
0.0012
0.0042
0.0038
0.0036
0.0032
0.0086
0.0012
0.003
0.0018
0.0016
0.0036
0.0344
0.0062
0.0032
0.0014
0.0026
0.0028
0.0032
0.0082
0.009
0.016
0.0028
0.0132
0.0042
0.0032
0.0024
0.021
0.004
0.0038
0.006
0.0084
0.003
0.0032
0.003
0.0032
0.008
0.011
0.0094
0.003
0.4838
0.0134
0.0024
0.0044
0.0026
0.0022
0.0026
0.0028
0.0018
0.0086
0.0016
0.0066
0.0036
0.0032
0.0016
0.0186
0.0022
0.0028
0.0056
0.0034
0.0154
0.005
0.003
0.0082
0.0028
0.0028
0.012
0.0014
0.0036
0.002
0.0038
0.003
0.0022
0.005
0.0016
0.0016
0.0058
0.0208
0.1856
0.0054
0.0412
0.0038
0.001
0.0728
0.0028
0.0012
0.0026
0.0024
0.002
0.0032
0.0142
0.0342
0.2648
0.002
0.002
0.0014
0.0012
0.0018
0.002
0.0018
0.0014
0.0722
0.0024
0.0024
0.003
0.0022
0.036
0.0114
0.0026
0.0014
0.1718
0.0168
0.0122
0.0026
0.002
0.0026
0.002
0.0032
0.0024
0.003
0.0718
0.0036
0.0026
0.002
0.0106
0.0036
0.009
0.0064
0.0018
0.0118
0.0034
0.0036
0.0042
0.002
0.0096
0.0076
0.0038
0.0028
0.0044
0.0068
0.0024
0.0032
0.0034
0.0022
0.0034
0.0076
0.0012
0.002
0.0028
0.0336
0.0104
0.007
0.0372
0.0104
0.0024
0.0018
0.0028
0.0054
0.0024
0.0024
0.0024
0.0046
0.002
0.0064
0.0076
0.0042
0.0062
0.002
0.0028
0.0036
0.007
0.004
0.005
0.0036
0.0032
0.0024
0.0038
0.0026
0.0094
0.0132
0.0016
0.0028
0.017
0.003
0.002
0.0014
0.0036
0.0038
0.0344
0.0024
0.0036
0.0038
0.0016
0.0064
0.0096
0.0014
0.0124
0.0024
0.0032
0.0042
0.0124
0.0018
0.006
0.007
0.0028
0.0028
0.004
0.0026
0.004
0.0026
0.0044
0.0016
0.002
0.004
0.0066
0.0036
0.0036
0.0024
0.007
0.0034
0.0034
0.0028
0.0022
0.0022
0.0088
0.0038
0.004
0.0034
0.0046
0.0014
0.0024
0.0026
0.0122
0.004
0.0048
0.0076
0.0056
0.0034
0.037
0.0082
0.0146
0.0054
0.002
0.0864
0.0022
0.0018
0.005
0.0012
0.0016
0.0068
0.0068
0.0118
0.0066
0.0026
0.003
0.0014
0.0024
0.0046
0.0124
0.0032
0.0066
0.0126
0.0014
0.002
0.0054
0.0042
0.0022
0.0022
0.003
0.0074
0.0066
0.0074
0.0054
0.0012
0.0024
0.0018
8e-04
0.0088
0.0058
0.0058
0.0026
0.003
0.0048
0.0026
0.0042
0.0244
0.028
0.0038
0.002
0.0106
8e-04
0.0488
1
0.0034
0.7404
0.0026
0.004
0.0024
0.0034
0.0038
0.0044
0.0206
0.0034
0.062
0.0052
0.0076
0.0026
0.0032
0.007
0.0026
0.002
0.0104
0.002
0.0016
0.0048
0.1532
0.0148
0.0028
0.0022
0.005
0.1614
0.0048
0.0028
0.0032
0.0042
0.1832
0.002
0.003
0.003
0.01
0.0266
0.0016
0.9254
0.0014
0.0028
0.0022
0.0024
0.0036
0.007
0.0068
0.0034
0.0016
0.037
0.002
0.0016
0.0026
0.003
0.7198
0.002
0.001
0.0036
0.0028
0.0068
0.0042
0.0276
0.0116
0.0032
0.0014
0.0082
0.0024
0.013
0.0018
0.0016
0.008
0.0012
0.01
0.0036
0.0018
0.0142
0.0278
0.0032
0.016
0.0062
0.0132
0.018
0.0052
0.002
0.0016
0.0206
0.0036
0.0028
0.0084
0.0028
0.0094
0.016
0.0068
0.0164
0.0076
0.0096
0.0018
0.0266
0.0164
0.188
0.0078
0.0014
0.0056
0.0024
0.0044
1
0.0024
0.0438
0.0126
0.0068
0.0026
0.0022
0.0082
0.0032
0.0186
0.0296
0.008
0.002
0.0086
0.0016
0.0098
0.0026
0.0028
0.006
0.0018
0.0068
0.026
0.0024
0.002
0.0132
0.0028
1
0.007
0.009
0.005
0.0032
0.0054
0.0542
0.0062
0.1614
0.0044
0.0114
0.002
0.014
0.0032
0.0214
0.0024
0.0306
0.006
0.013
0.033
0.0014
0.0032
0.0026
1
0.0064
0.0024
0.0066
0.0156
0.0166
0.0048
0.0794
0.0134
0.0076
0.0034
0.0088
0.0022
0.011
0.0042
0.084
0.0058
0.009
0.0204
0.0036
0.0042
0.0058
0.0156
0.0168
0.0022
0.0246
0.015
0.003
0.0028
8e-04
0.0038
0.0018
0.0232
0.0024
0.001
0.034
0.0074
0.0036
0.0226
0.004
0.0304
0.004
0.003
0.0102
0.0104
0.0038
0.0046
0.009
0.0034
0.0348
0.0208
0.0544
0.0694
0.0086
0.0028
0.0166
0.0226
0.002
0.0012
0.027
0.0026
0.0054
0.0034
0.0086
0.004
0.0024
0.125
0.9704
0.0036
0.002
0.004
0.0036
0.0046
0.4254
0.008
0.0016
0.0166
0.9966
0.004
0.027
0.0228
0.0042
0.0044
0.0582
0.0134
1
0.0232
0.009
0.0046
0.0182
0.0076
0.0028
0.0366
0.0022
0.002
0.0042
0.3582
0.0026
0.0026
0.0026
0.0056
0.0114
0.0336
0.0024
0.0028
0.0014
0.003
0.0036
0.0116
0.0094
0.0028
0.0036
0.0028
0.0046
0.003
0.002
0.0104
0.0194
0.01
0.0134
0.0046
0.0118
0.0116
0.009
0.0038
0.006
0.0048
0.004
0.0018
0.0024
0.0022
0.0122
0.002
0.002
0.003
0.0068
0.0014
0.0078
0.0162
0.0146
0.0064
0.0032
0.0044
0.9846
0.0036
0.0028
0.001
0.009
0.013
0.007
0.0052
0.0108
0.002
0.0022
0.003
0.0016
0.3758
0.0022
0.0272
0.0114
0.052
0.0254
0.0372
0.003
0.0182
0.0022
0.0022
0.01
0.001
0.0064
0.0038
0.0052
0.0022
0.002
0.0024
0.0012
0.0024
0.0048
0.0024
1
0.0032
0.0032
0.0032
0.0022
0.0024
0.0034
0.0016
0.0048
0.002
0.003
0.0066
0.0044
0.0036
0.008
0.0012
0.0168
0.0032
0.0044
8e-04
0.0064
0.003
0.0024
0.0022
0.0194
0.0138
0.009
0.0022
0.0146
0.0084
0.0052
0.0882
0.006
0.0046
0.009
0.0308
0.0054
0.0098
0.0028
0.003
0.004
0.0028
0.0032
0.002
0.0024
0.0122
0.004
0.011
0.0146
0.0026
0.0028
0.0016
0.0012
0.0018
0.0042
0.0016
0.0192
0.8744
8e-04
0.0028
0.0028
0.0032
0.0116
0.0012
0.0182
0.0032
0.0018
0.003
0.0068
0.0018
0.0096
0.0046
0.0042
0.0172
0.0038
0.0024
0.2164
0.0106
0.0038
0.0054
0.017
0.011
0.0036
1
0.089
0.0046
0.0036
0.0028
0.0124
0.0082
0.0086
0.0092
0.0028
0.0034
0.0134
0.0034
0.005
0.002
0.0058
0.0016
0.0026
0.0262
0.001
0.0056
0.0442
0.029
0.0154
