0.0044
1
0.0182
0.0174
0.007
0.003
0.006
0.0128
0.0058
0.0078
0.0076
0.0094
0.0114
0.0096
0.0072
0.0158
0.014
0.0072
0.0116
0.012
1
0.0154
0.4232
0.007
0.0072
0.005
0.0592
0.0058
0.0168
0.0122
0.0094
0.5712
0.0148
0.0208
0.008
1
0.0346
0.0348
0.0562
0.008
0.0072
0.016
1
0.006
0.0068
0.01
0.011
0.0058
0.008
0.0302
0.0078
0.0084
1
0.0202
0.0072
0.0374
0.0068
0.0112
0.0326
1
0.2676
1
0.0122
0.0106
0.0102
0.0054
0.0142
0.0116
0.0378
0.009
0.0104
0.0078
1
0.0152
0.0098
0.0058
0.0118
0.043
1
0.0316
0.0094
0.0066
0.005
0.0052
1
0.0114
0.0114
0.0078
0.0158
0.0072
0.0176
0.0152
0.0054
0.0136
0.0048
0.0128
0.0134
0.0064
0.0316
0.0248
0.0106
0.0124
0.7984
0.0118
0.0232
0.041
0.0112
0.0112
0.0192
0.0056
0.0048
0.011
0.01
0.0082
0.0166
0.0268
0.0288
1
1
0.0144
1
0.0052
0.0088
0.0076
0.129
0.0164
0.0046
0.0282
0.0048
0.007
0.0048
0.017
0.0062
0.0052
0.8164
0.0066
0.0068
0.9718
0.0084
0.0056
0.0046
1
0.0064
0.0108
0.0062
0.0084
0.0046
0.0078
0.0076
0.009
0.0054
0.0104
0.0146
0.01
0.0094
0.0078
0.0084
0.0076
0.008
0.918
0.009
0.0062
0.9834
0.0704
0.0094
0.0064
0.0064
0.0066
0.0078
0.005
0.0074
0.0096
0.0072
0.0362
0.0048
0.008
1
0.0064
1
0.005
0.0064
1
1
0.0044
0.0102
0.0128
0.0042
0.008
0.0056
0.016
0.0078
0.0068
0.0112
0.006
0.0102
0.0054
0.007
0.015
0.0038
1
0.0106
0.006
0.0044
0.006
0.0044
0.0074
0.0098
1
1
0.012
0.007
0.0092
0.0052
1
0.014
0.1914
0.0058
0.0068
0.0064
0.0054
1
0.0066
0.0056
0.0112
0.0038
0.0072
0.0042
0.0152
0.054
0.0034
0.0078
0.0096
0.006
0.021
0.0076
0.0194
0.004
0.0064
0.0036
0.0078
1
0.0058
0.0062
0.0072
0.9786
0.004
0.0156
0.0062
0.0098
0.0064
0.0098
0.0062
0.0088
0.0092
0.0132
0.005
0.0058
0.007
1
0.0066
0.0086
0.0178
0.0078
0.0122
0.0082
0.0136
1
0.0054
1
0.0072
0.0118
0.0052
0.0246
0.0054
0.0082
0.005
0.006
0.0066
0.0062
0.0036
0.0076
0.0132
0.008
0.0158
0.0058
0.0104
0.0076
0.0056
0.0086
0.0056
1
1
0.0064
0.0066
0.0062
1
0.006
0.006
0.0058
0.0048
0.0132
0.012
0.0062
0.004
0.0052
0.0052
0.0074
1
0.0076
0.005
0.0122
1
0.0056
0.0232
0.0062
0.0058
0.006
0.0134
0.0114
0.0052
0.0094
0.0068
0.0058
0.0056
0.307
0.0388
0.004
0.0056
0.0088
0.0068
0.0032
1
0.0184
0.006
0.0046
0.0078
0.0216
0.006
0.007
0.0068
0.0096
0.0066
0.0072
0.0098
0.0082
0.0062
0.0062
0.0054
0.0062
1
0.006
0.0062
0.8534
0.0044
0.0236
1
0.0056
0.0058
0.006
0.3332
1
0.0062
0.0052
0.0042
0.006
0.0042
0.0056
0.9806
1
0.0064
0.0052
0.0042
0.0072
0.0064
0.0052
0.0058
0.0048
0.0054
0.0082
0.0066
0.0058
0.0096
0.0084
0.0052
0.0084
0.0058
1
0.006
0.0096
0.0086
0.011
0.01
0.0064
0.0056
0.0046
0.006
1
0.0042
0.0072
0.0048
0.0054
0.0094
0.0076
0.0114
1
0.006
1
0.005
1
0.0086
1
0.0054
0.0062
0.0076
0.7292
0.0054
1
0.0098
0.0184
0.0228
0.012
0.0094
1
0.006
0.0102
1
0.0058
0.009
0.0042
0.9878
0.0854
0.0134
0.0218
0.0298
0.0052
1
0.0216
0.0244
0.1906
0.0072
0.007
0.0184
0.0264
1
0.0226
1
0.7178
0.0196
0.0088
0.01
0.0486
1
0.0134
0.011
0.032
0.0076
0.0598
0.0066
0.0146
0.0254
1
0.0118
0.0092
0.0076
0.0046
0.0036
0.0084
0.0124
0.0068
0.0088
0.0106
0.0078
0.0066
0.0098
0.0068
1
0.0222
0.0064
0.005
0.0084
0.0034
0.0044
0.0044
0.0066
0.0076
0.0084
0.0064
0.0038
1
0.0098
0.009
0.0054
0.0088
0.0036
1
0.0068
0.007
0.0062
0.011
0.0092
0.0684
0.0252
0.0076
0.1876
0.0126
0.7604
0.0142
0.0064
0.0058
0.0968
0.004
0.0114
0.1318
0.0066
0.007
0.005
0.0098
0.0084
1
0.039
0.006
0.0088
0.0084
1
0.0078
0.0064
1
0.0054
0.0038
0.0052
0.0088
0.0124
0.0062
0.0064
0.0122
0.0054
