0.1748
0.9078
0.0066
0.008
0.0128
0.023
0.0282
0.0106
1
0.0064
1
0.0048
0.0092
0.0132
0.0052
0.0284
0.0228
0.0094
0.012
0.0206
0.0084
0.0136
0.0066
0.0188
1
0.0078
0.8908
1
0.008
0.0126
0.008
0.0044
0.0116
0.0052
0.023
0.0076
0.0074
0.0108
0.0116
0.0094
0.0076
0.01
0.0092
0.0068
0.3258
0.204
0.078
1
0.98
0.6378
0.0048
0.0176
0.0062
0.0082
0.0078
0.0094
0.0542
0.0236
0.0088
0.0196
0.0074
0.0086
0.0068
0.007
0.9232
0.0064
0.079
0.0092
0.012
0.0076
0.5612
0.006
0.5896
0.0066
0.008
0.0068
0.0342
0.0042
0.0062
0.0076
0.0092
0.0108
0.0086
0.8388
0.007
0.0156
0.0102
0.009
0.01
0.0062
0.0082
0.0058
0.0108
0.0076
0.0096
0.022
0.0152
0.0098
0.0062
0.0076
0.0172
1
0.7676
0.0084
1
0.0102
0.0084
0.0054
1
0.0096
0.244
1
0.0106
0.01
0.011
0.0408
0.0604
0.0266
0.0078
0.036
0.0112
1
0.0108
0.009
0.0092
0.0078
0.0102
1
0.0736
0.0054
0.0064
0.01
0.007
0.0102
0.0126
0.021
0.0534
0.0362
0.0124
0.0104
0.0102
0.0088
0.0212
0.1974
0.0042
0.0152
0.0078
0.006
0.0076
0.0076
0.007
0.0226
0.0064
0.0082
1
0.2336
0.0078
1
0.0078
1
0.0042
0.007
0.9652
0.6652
0.0062
0.0084
0.0138
0.0104
0.0094
0.9868
0.0144
1
0.0408
0.6048
1
0.0092
0.0072
0.0058
0.0158
0.008
0.0162
1
0.01
0.012
0.0072
1
0.023
0.005
0.0038
0.0078
0.0156
1
0.0072
0.0072
0.008
0.008
0.01
0.0036
0.0074
0.0118
1
1
0.0082
0.008
0.128
0.017
0.0098
1
1
0.0132
0.0074
0.0064
0.026
0.0134
0.0164
0.0078
0.0198
0.0296
0.0078
0.006
0.0074
0.0052
0.006
0.0068
0.007
0.0086
0.0174
0.0066
0.0274
0.0092
0.0048
0.009
0.0098
0.0084
0.0082
0.0052
0.0106
0.007
0.0192
0.0112
0.0156
0.0196
0.0222
0.0158
0.0144
0.007
0.0126
0.0066
0.0406
0.0074
0.0104
1
0.0626
0.0262
1
0.0842
0.0074
1
0.0062
0.0074
1
0.0184
0.9296
0.9998
0.8578
0.0052
0.0068
0.0702
0.0186
0.1264
0.0206
0.0076
0.0172
0.0076
0.0352
0.0382
0.0086
0.3648
0.0112
1
0.0204
0.0062
0.9946
0.0104
0.0514
0.0042
0.1242
0.0072
0.0066
0.0068
0.0178
0.0086
0.0296
0.0054
0.0248
0.0092
0.0072
0.0044
0.0078
1
0.0322
0.0116
1
0.0248
0.0064
0.007
0.0068
0.0076
0.0256
0.0074
1
0.0406
0.0066
0.1032
0.0066
0.0096
0.0082
0.085
0.0052
0.0076
0.0314
0.0126
1
0.0078
0.0096
0.246
0.0052
0.0052
0.0372
0.0094
0.316
0.0172
0.0084
0.009
0.0102
0.0092
0.008
0.0122
1
0.0204
0.008
1
0.0072
0.0694
0.0078
0.0274
0.0116
0.0312
1
0.3506
0.0094
0.0126
0.0072
0.177
0.008
0.7126
0.01
0.0084
0.0134
1
0.0188
0.0086
1
0.008
0.0052
0.0118
0.0192
0.0068
0.009
0.0072
0.037
0.0146
0.029
0.023
0.0054
0.0072
0.0078
1
0.0212
0.0304
0.0052
0.012
0.031
1
0.0062
0.009
0.0186
0.007
0.1944
0.0272
0.0176
1
0.0102
0.0066
0.0414
0.0198
0.0042
0.011
0.0216
0.0178
0.0312
0.007
0.0076
0.9892
0.0104
0.0074
0.01
0.0396
0.0062
0.0194
0.145
0.0224
0.0194
1
0.3368
0.011
0.01
0.0066
0.0218
0.0048
0.0172
0.0082
0.0344
0.011
0.0108
0.014
0.0074
0.1816
0.0112
0.0088
1
0.0128
0.0072
0.0084
0.555
0.0088
0.0074
1
1
0.005
0.0086
0.0068
0.0078
0.0056
1
0.9202
0.0092
0.0152
0.0062
0.0092
0.0168
0.012
0.0122
0.0998
1
0.0118
0.0086
0.0056
0.4936
0.013
1
0.007
0.9836
0.0102
0.006
0.0074
0.0214
0.006
0.016
0.0068
0.0086
0.0392
0.0284
0.0064
0.0246
0.0182
0.0064
0.0066
0.0208
0.0064
0.0094
0.0164
0.1152
0.0104
1
0.0138
0.0084
0.9972
0.0096
0.0084
1
0.0152
0.0054
0.0606
0.0082
0.009
0.023
1
0.0144
0.0938
0.0052
0.0104
0.048
0.0118
0.0106
0.0084
0.0056
0.007
1
1
0.0246
0.5184
0.0074
0.0076
0.0126
1
1
0.0058
0.0056
0.0072
0.0078
0.0052
0.0082
1
0.0132
1
0.0334
0.0066
1
0.9984
0.0058
0.0076
0.0046
0.0158
0.0078
0.0064
0.3504
0.0082
0.0086
0.0096
0.0246
0.013
1
0.0088
0.0076
0.0056
1
0.0216
0.0074
0.0078
0.0096
0.0098
0.008
0.2588
0.0544
0.0074
0.005
0.0042
0.007
1
0.0074
0.0062
0.0066
0.0116
0.0084
0.0094
0.0074
0.0096
0.0088
0.9988
0.0088
0.0068
0.0092
0.9976
1
0.0082
0.0082
1
0.007
0.0056
0.0056
0.0108
0.0066
0.0102
0.0062
1
0.0288
0.0074
1
0.006
0.0068
0.0144
0.0064
0.0078
0.0382
0.0172
0.0096
0.0238
0.0054
0.0066
0.2674
0.0076
1
0.0072
0.023
0.2134
0.0746
0.0284
0.01
1
1
0.023
0.0308
0.0134
0.0056
0.012
0.0192
0.0816
0.9898
0.0066
0.0544
0.0056
0.0056
0.0058
0.0074
0.0172
0.047
0.0058
0.0086
0.9976
0.0054
0.936
0.1654
0.0058
0.0404
0.807
0.008
0.0272
0.0064
0.0076
0.017
0.0076
0.0112
0.0084
0.0142
0.0082
1
0.0116
0.0056
0.0256
0.1108
0.9316
0.0144
0.0044
0.0054
0.0076
0.0106
0.0214
0.0248
0.011
0.007
0.0158
0.0086
0.0206
0.0226
0.1804
0.007
1
0.0076
0.0204
0.0214
0.511
0.0126
0.0082
0.0052
1
0.0086
0.0074
0.0186
0.0146
0.0084
0.0732
0.0196
0.0096
0.0068
0.0098
0.0104
0.0106
0.0104
0.0068
0.0072
0.0064
0.0536
0.9722
0.0336
0.008
0.0122
0.0082
0.008
0.0088
0.0094
0.0058
0.007
1
0.0048
0.011
0.4116
0.0072
0.0096
0.015
0.0064
0.0166
0.0106
0.0134
0.016
0.0062
0.0066
0.0062
0.0086
0.0068
0.0112
1
0.008
0.0094
0.0102
0.0074
0.006
0.008
0.0056
1
0.811
0.0314
0.0288
0.0104
1
1
0.0092
0.0382
0.0064
0.0098
0.0062
0.122
0.0238
0.0814
0.0538
0.0058
0.01
1
0.0236
0.0108
0.0314
0.0082
0.0082
0.0086
0.0076
0.007
0.0082
0.0054
0.008
0.0142
1
1
0.0156
0.0384
0.0054
0.0068
0.0068
1
0.0614
0.0168
0.011
0.0052
0.7502
0.007
0.0102
0.0074
0.0128
0.0086
0.0112
0.01
0.0092
0.0068
0.0042
0.0058
0.0178
0.0116
0.0112
0.0078
0.0062
0.017
0.0066
0.0112
0.0058
0.0112
0.015
0.0166
0.0104
0.0076
0.011
0.0124
1
0.0088
0.0236
0.0074
0.0108
0.0088
0.2312
1
0.0142
0.007
0.0222
0.0074
0.01
0.0174
0.005
0.0178
0.9962
0.0588
1
0.0146
0.007
0.0062
0.009
0.008
0.0098
0.0314
0.0098
0.0942
0.0142
0.0208
0.009
0.0154
0.008
0.0056
0.0106
0.007
0.0166
0.0096
0.0088
0.9998
0.011
0.0318
0.0136
0.0098
0.006
0.0132
0.008
0.0068
0.0124
0.8588
0.0088
0.0104
0.0106
0.011
0.02
0.0214
0.0218
0.016
0.0082
0.0078
0.0722
0.008
0.016
0.012
0.014
0.0266
0.0334
0.0464
0.0068
0.0094
0.0074
0.022
1
1
0.0078
0.0048
0.0112
0.012
0.018
0.0104
1
1
0.0058
0.0076
0.0116
1
0.0136
0.0924
0.0234
0.0176
0.0074
0.0192
0.0148
1
0.0124
0.007
1
0.019
0.0056
0.0528
0.0344
0.0194
0.0082
0.048
0.0524
1
1
0.0086
0.0596
0.0084
0.008
1
0.0088
0.012
0.0144
0.0152
0.0238
1
0.0296
0.0058
0.0302
0.014
0.0532
1
0.0134
0.0068
0.0748
0.0092
0.0086
0.0244
0.008
0.015
0.0212
0.0068
0.0128
1
0.0418
1
0.016
0.0312
0.0064
0.0058
0.0086
0.0218
0.01
0.0118
0.0046
0.0098
0.0084
1
0.0314
0.0078
1
0.021
0.1102
0.0186
0.0082
0.1276
0.0146
0.5212
0.01
0.015
0.0088
0.0656
0.0178
1
0.006
1
0.0058
0.0088
0.0054
1
0.9986
0.0078
0.0166
0.0402
0.0074
0.0086
0.043
0.064
0.012
0.0206
0.0192
0.0596
0.0436
0.0176
0.9906
0.2576
0.0176
0.013
0.0332
0.0056
0.0346
0.0094
1
0.0532
1
0.0064
0.9066
1
0.849
0.0072
1
0.0064
0.0072
0.008
0.0166
0.0112
0.0376
1
0.017
1
1
0.0054
0.0116
0.0972
1
0.0312
1
0.0116
0.0158
0.0254
0.9944
0.0076
1
0.026
0.0202
0.011
0.0066
0.9934
0.0082
1
0.0358
0.0052
0.251
0.0072
0.0146
0.0364
0.008
0.0964
0.0376
0.0054
0.0088
1
0.0084
0.0102
0.008
0.0382
0.3144
0.0094
0.007
0.9998
0.0092
0.1048
0.0072
0.0068
0.0058
0.019
1
0.9984
0.0192
0.0266
0.0548
1
0.0216
0.0084
0.0108
0.09
0.007
0.0256
0.0082
0.0062
0.0422
0.0064
0.0076
0.0092
0.0274
0.9988
0.423
1
0.8804
0.0162
0.021
0.0064
0.007
0.0164
0.0584
0.0286
1
1
0.007
1
0.0078
0.0444
0.0074
0.0274
1
0.0138
1
0.0152
0.0524
0.009
1
0.0296
0.03
0.014
0.0258
0.02
0.0152
0.0108
0.01
0.0112
0.0086
0.0164
0.0142
0.2454
0.0174
0.9966
0.0074
0.012
0.0078
0.0186
1
0.0092
0.056
0.013
0.0092
0.01
0.0098
1
0.0082
0.0124
0.0062
0.052
0.0564
0.01
0.0082
0.0062
1
0.0192
0.007
0.0118
0.0062
0.0248
0.0074
1
0.026
0.0094
0.0064
0.012
0.0176
0.005
0.034
0.0098
0.025
0.0162
1
1
0.016
0.0668
0.0096
0.0078
0.2902
1
1
0.0284
0.0048
0.02
0.084
0.0062
0.0154
0.0308
0.0316
0.0084
0.0096
0.0102
0.0102
0.0084
0.0174
0.0064
0.0082
0.0086
0.0098
0.007
0.9658
0.0156
1
0.0056
0.0066
0.0204
0.0404
0.01
0.0068
0.0124
0.0234
0.0146
0.012
0.0078
0.0118
0.0264
0.0078
1
0.1602
0.0068
0.0086
0.0074
0.1438
0.0308
0.0098
0.3912
0.028
0.007
0.0046
0.0072
0.0124
0.0084
0.0152
1
0.005
0.6944
0.0464
0.0054
1
0.0066
1
0.0066
0.0174
0.0078
1
0.0056
0.011
1
0.3448
0.0644
0.0102
0.0226
0.0086
0.0106
0.0062
0.007
0.04
0.0076
0.009
0.0218
0.011
0.0196
0.0082
0.024
0.0226
0.0286
0.007
0.0164
0.0378
1
1
0.0268
0.0066
0.0738
0.0088
0.0094
0.5324
0.0338
0.0582
0.0088
0.0052
1
0.0162
0.998
0.0286
0.0236
0.019
0.0072
0.0306
0.0288
0.0206
0.0362
0.0114
0.0184
0.0132
0.0146
1
1
1
0.0292
0.0088
0.0206
0.0216
0.054
0.0298
1
0.0238
0.0186
0.0256
0.0054
0.042
0.0252
0.021
0.0216
0.0106
0.01
0.0196
0.008
0.0096
0.0062
1
1
0.0192
0.0086
0.0114
1
0.018
0.0078
0.0098
0.0196
0.0194
0.2636
0.0342
0.012
0.0106
0.0188
0.016
0.007
0.0168
0.839
0.0172
0.0124
0.0056
0.0064
0.0122
0.0328
0.0866
0.0686
0.021
0.0144
0.0118
0.0144
1
0.2032
0.0098
1
0.0172
0.0318
0.0122
1
0.0104
0.0224
0.044
0.0146
0.0142
0.0764
0.0384
0.0442
0.033
0.2792
0.0212
0.0166
0.008
1
0.0472
0.0106
0.0108
0.0078
0.007
1
0.0072
0.0152
0.9808
0.0186
0.0082
0.0608
0.0498
1
0.0114
0.0086
0.04
0.0196
0.4766
0.055
0.0092
0.0086
0.0138
0.04
0.0088
0.03
0.0078
0.0088
0.2732
0.3668
1
1
0.0102
0.0134
0.0086
0.0224
1
0.0048
0.01
0.0172
0.0096
0.0172
0.0088
0.0318
0.0184
1
0.0216
0.0064
0.007
0.0216
0.009
0.016
0.009
0.01
0.0258
0.0148
0.0336
0.0668
0.0574
1
0.021
0.0566
0.039
0.0286
0.0062
0.0074
0.0456
0.038
1
0.9994
0.007
1
0.0234
0.0184
0.0618
0.0766
0.0148
1
1
0.0118
0.0098
1
0.04
0.0062
0.0344
0.0068
0.0068
0.0076
0.0182
1
0.0062
0.0092
0.0068
0.02
1
1
0.0076
0.0092
0.0092
0.0108
0.0086
0.0252
0.0204
0.0092
0.0038
0.0154
0.0088
0.009
0.0418
0.0388
0.0122
0.0076
1
0.0146
0.0074
0.0086
0.0096
0.0146
0.1328
0.0054
0.2432
1
1
1
1
0.9992
1
0.0082
1
0.0084
0.0052
0.0096
0.0066
1
0.0218
1
1
1
0.0682
1
1
1
1
0.0094
0.0488
0.0504
1
0.0108
0.0072
1
0.0154
0.0256
0.0084
0.01
0.0098
0.0088
0.0096
0.008
0.0068
0.0082
0.0068
0.007
0.998
0.0206
0.0156
0.0978
0.007
0.3978
0.0066
0.062
0.0086
0.0094
0.0244
1
0.0268
0.0738
1
0.0046
0.013
0.009
0.022
0.0224
0.0058
1
0.0086
0.0138
0.0096
0.009
0.0062
0.0156
1
0.0412
0.025
0.022
0.0798
0.1112
1
0.008
0.0126
0.0108
0.0136
0.0078
0.0072
0.02
0.0104
1
0.1036
0.0074
0.0076
0.0072
0.0188
0.0152
0.0126
0.0142
0.0088
0.015
1
0.0274
0.0056
0.0068
1
0.9566
0.0146
0.009
1
1
1
0.0116
1
0.9996
1
0.0082
0.1362
1
0.023
0.0288
0.0162
0.0078
1
0.0068
0.0314
0.0092
0.0682
0.0258
0.0258
0.0094
0.0096
0.0066
0.0256
0.1286
1
0.0216
0.0078
0.015
0.0786
0.0104
0.0146
0.0132
1
0.028
0.0102
1
0.0352
0.0096
0.009
0.0066
0.0066
0.0082
0.03
0.015
1
1
0.0068
0.0078
1
0.0072
0.0078
0.0094
0.008
1
1
0.0106
1
0.0068
0.0448
1
0.0136
0.0144
0.0082
0.0052
0.0062
0.9484
0.0114
0.0332
1
0.0154
0.0238
0.0162
0.0182
0.0156
1
0.9998
0.0104
0.01
0.007
0.02
1
0.005
0.055
0.059
0.0064
0.014
0.998
0.0138
0.0164
1
0.011
0.0302
0.081
0.013
0.0082
1
1
0.0126
0.0168
0.0102
1
0.0122
0.0232
0.0104
0.0128
1
0.0076
1
0.0058
0.0086
0.0274
0.0196
0.0174
0.059
0.0318
0.0306
0.0114
0.051
0.0216
0.0274
0.034
1
0.0636
0.042
0.0202
0.0044
0.1286
0.0104
0.02
0.0722
1
1
0.016
0.0292
0.0334
1
1
0.0062
0.0104
0.018
0.0052
0.0224
0.0404
0.0108
0.0158
0.0084
0.0094
0.0138
1
0.0108
0.0474
0.0248
0.017
0.0916
0.0086
1
0.0076
1
1
0.006
0.0074
0.0292
0.0266
1
0.1468
0.0088
1
0.0108
0.0104
0.0082
0.0064
1
