1
1
0.009
0.0858
0.004
0.0212
0.0124
0.0052
0.0054
0.007
0.0038
0.0048
0.0138
0.005
0.2764
1
0.0016
0.0034
0.7186
0.0046
0.0048
0.0034
0.006
0.015
0.0132
0.0052
0.0048
0.0048
0.0238
1
0.0106
0.0582
0.0468
0.0034
0.0118
0.0338
1
0.019
0.0044
1
1
0.0212
0.0472
0.0088
0.0106
0.0232
0.0222
0.009
0.006
0.0062
0.0216
0.0134
0.0246
0.0028
0.0186
0.003
0.0066
0.2982
0.0264
1
0.0052
0.0036
0.0122
0.005
0.0042
0.0184
0.0108
0.4988
1
1
0.0052
0.0192
1
0.0046
0.0078
0.0068
0.0134
0.0052
0.2226
0.0152
0.0066
0.9808
0.0112
1
0.3818
0.0034
0.9966
0.0054
0.0048
0.006
0.314
0.0082
0.0082
1
0.0032
0.0084
0.0112
0.0028
0.9864
0.1768
0.0246
0.009
0.6666
0.0088
0.0042
0.0044
0.006
1
0.0044
0.009
0.0074
0.6528
0.01
1
0.3864
0.0186
0.0036
0.0024
1
0.0076
0.0042
0.0108
0.0086
0.0172
0.0058
0.043
0.0078
0.0046
0.0084
0.0078
0.007
0.0188
0.0708
0.0072
0.0032
0.0042
0.0042
0.0036
0.0024
0.0212
1
0.0076
0.0086
0.0158
0.0418
0.0038
0.0044
0.0872
0.006
0.0046
0.008
0.006
0.0026
1
1
0.0802
0.006
0.0032
0.9508
0.0086
0.0032
0.0058
0.0178
0.009
0.9984
0.0076
0.0054
0.008
1
0.004
0.0048
0.0036
0.0038
0.0244
0.0038
0.0058
0.0036
0.0028
0.0112
0.0062
0.0046
0.022
0.0218
0.0066
0.0038
0.004
0.6882
0.0094
0.005
0.0032
0.0046
0.0036
0.0044
0.0116
0.0054
0.005
0.0108
0.0058
0.0038
0.0042
0.0028
0.0718
0.041
0.0076
0.0064
0.0046
0.0056
0.0048
0.0046
0.0076
0.0042
0.1206
0.0118
0.004
0.0064
0.0032
0.0028
0.6282
0.9976
0.0132
1
0.0046
0.0052
1
0.005
0.0036
0.003
0.0026
0.0054
1
0.004
0.0022
1
0.0416
0.0036
0.0364
0.0048
0.006
1
0.0042
0.0056
0.0218
0.0042
0.0078
0.9998
0.0058
0.9102
0.032
0.0128
1
1
0.0138
1
0.018
1
0.0048
1
0.0174
0.0098
0.009
0.0058
0.0038
0.0216
0.0222
1
0.0072
0.0056
0.005
0.004
1
1
0.0166
0.017
0.0036
0.0036
0.0048
0.0514
0.0028
0.0044
0.003
0.0048
0.0056
0.0066
0.003
0.0338
0.0278
0.0056
0.0046
0.0052
0.0082
0.0038
1
0.005
0.0028
0.007
0.0128
0.0038
0.2342
0.0056
0.003
1
0.994
0.0052
0.0056
0.0028
0.0072
0.0034
0.0032
0.0046
0.0074
0.016
0.005
0.0044
0.0046
1
1
0.0064
0.0656
0.0052
0.009
0.0034
0.0038
0.007
0.0034
1
0.0606
0.0056
0.004
0.004
0.0184
0.0034
0.0036
0.008
0.0038
0.0034
0.0026
0.0062
0.9044
0.0034
0.051
0.0038
0.0114
0.0036
0.0036
0.0036
0.0038
0.0044
0.0046
0.0078
0.0048
0.004
0.9996
0.0124
0.003
0.0044
0.0042
1
0.005
0.006
0.005
1
0.0032
0.006
0.0056
1
0.0046
0.0052
0.005
0.0046
0.0206
1
0.0228
1
0.0114
0.0048
1
0.012
0.0024
0.004
0.0558
1
0.4468
0.0052
1
0.0054
0.004
0.021
0.0042
0.2284
0.0024
0.0228
0.002
0.0272
0.0042
1
0.0028
0.0052
0.005
0.012
0.0062
0.0186
0.0044
0.0092
0.0048
0.0124
1
0.0044
0.0072
0.0034
0.0036
0.0026
0.0034
0.0052
0.005
1
0.0046
0.019
0.005
0.0054
0.0412
0.0048
0.1096
0.0042
0.0052
0.0046
0.007
0.0062
0.006
0.0076
0.0162
0.0042
0.1488
0.0046
0.0098
1
0.022
0.0028
0.0036
1
0.0048
1
0.0032
0.0196
0.003
0.0018
0.0058
1
0.0034
0.0024
0.0128
0.0046
0.0136
0.0064
0.004
0.0036
1
0.0322
0.009
0.007
0.0346
0.021
0.0018
0.0088
0.0048
0.0286
0.0032
0.0052
0.003
0.0036
0.0062
1
0.0282
0.0062
0.0144
1
0.0036
0.0112
0.0036
0.0042
0.7998
0.0168
1
0.005
0.0054
0.0052
0.0072
0.0046
0.0118
0.007
0.0038
0.0512
0.0076
0.0742
0.0332
0.0026
0.0054
0.0066
1
0.0048
0.0404
0.0058
0.0046
0.0068
0.0238
0.023
0.388
1
0.0164
0.0296
0.0092
0.0032
1
0.0274
0.004
0.0062
1
0.0048
0.0044
0.0304
1
0.9992
0.0152
0.0048
0.0088
0.0042
0.0336
0.0034
0.0178
0.0248
0.7178
0.9874
0.0102
0.0386
0.0028
0.0032
0.012
0.0154
0.0388
0.319
0.0168
1
0.0084
0.0046
0.0028
1
0.004
0.0264
0.0566
0.0736
0.0206
0.0196
0.0052
0.004
0.0098
1
0.003
0.0036
0.0048
0.0096
0.0074
0.0036
0.0166
0.004
0.0218
0.0276
0.0032
0.0358
0.0028
0.005
1
0.0308
0.0044
0.0058
1
0.0184
0.0172
0.0202
0.0032
1
0.0062
0.0136
0.0036
1
1
0.0258
0.0038
0.0032
0.0142
0.0038
0.0046
0.0046
0.0072
1
0.0034
0.0032
0.0054
1
0.291
0.0046
1
0.0032
0.0524
0.0036
0.004
0.006
0.0046
0.0034
0.0124
0.0076
0.0132
0.004
0.0044
0.0112
0.0046
0.032
0.0168
0.0122
0.0298
0.0046
0.0138
0.0042
0.0084
0.003
0.0044
0.023
1
0.0038
0.0038
0.0032
0.0296
0.1954
1
0.4454
1
0.0032
0.0026
0.0172
0.0042
1
0.0038
0.0034
0.004
0.0028
0.0206
0.029
1
0.0026
0.9446
0.0036
0.003
0.0036
0.0042
0.0032
0.0034
0.0028
0.0192
0.0054
0.0068
0.002
0.0178
0.0038
1
0.0038
0.004
0.0038
0.0064
0.0042
0.0236
0.0038
1
0.0076
1
0.0082
0.0048
0.0064
0.0032
0.0042
1
1
0.0274
0.0174
1
0.0034
0.0052
0.0212
0.0036
0.0094
0.5822
0.0032
0.0866
0.0062
0.008
0.0282
0.0036
0.004
0.0034
0.0054
0.005
0.014
0.1676
0.0056
0.019
1
0.003
0.0024
0.0038
0.004
0.0054
0.005
0.0056
0.0026
0.0046
0.006
0.0054
1
0.0068
0.0054
0.0276
0.0042
0.004
0.0042
0.0038
0.0104
1
0.019
0.0478
0.0242
1
0.0054
0.0036
0.0042
0.5572
0.005
0.0046
1
0.012
0.0046
0.0068
0.0036
0.0056
0.0054
0.0076
0.0056
0.0036
0.0026
1
1
0.0052
0.0028
0.0026
0.0426
0.0036
0.0046
0.0054
0.0094
0.0046
0.0076
1
0.0044
1
0.005
0.0062
0.0198
0.002
1
0.0058
0.0288
0.0062
0.0058
0.0042
0.005
0.0046
0.0044
0.0048
0.0052
1
1
0.0124
0.504
0.0066
0.9998
1
1
0.003
0.006
0.0064
0.02
0.0228
0.0028
0.0048
0.0198
1
1
1
0.0044
0.0138
0.0048
0.0048
0.0058
0.0128
0.0038
0.0048
0.0024
0.0058
0.004
0.0234
0.0298
0.0062
0.6642
0.0062
0.0356
0.004
0.0042
0.0076
0.0034
1
0.0046
0.004
0.0042
0.0036
0.016
0.003
0.0032
0.0024
0.0054
0.0028
0.4016
0.005
0.0268
0.0058
0.017
0.0068
0.0046
0.0052
0.0056
0.0128
0.005
0.0036
0.0068
0.0036
0.0028
0.0262
0.0068
0.0032
0.016
0.0018
0.25
0.0034
0.0084
0.0054
0.0274
0.0042
0.0074
0.017
0.0094
0.0054
0.0034
0.0078
0.0018
1
0.004
0.0046
0.0066
0.0058
0.0134
0.0026
0.0072
0.0124
0.0042
0.0152
0.0138
0.9984
0.0158
0.0044
0.0018
0.0058
0.0042
0.0058
1
0.0092
0.0136
0.0084
0.0312
0.0058
0.0064
0.0042
0.005
0.0032
0.0052
0.0034
0.992
0.0072
0.0038
0.0046
0.0072
1
0.0068
0.0042
0.0044
0.0054
0.0058
0.0038
0.0132
0.0056
0.0028
0.003
0.9918
0.023
0.0054
0.0322
0.0056
0.012
0.0044
0.006
0.0404
0.0282
0.0036
0.0036
0.0056
0.0072
1
0.0288
0.0064
0.0062
0.0164
0.0512
0.003
0.0076
0.0052
0.0036
0.0044
0.0058
0.0578
0.0108
0.0208
1
0.0038
0.0036
0.0158
0.0024
1
0.0032
0.0072
0.006
0.0038
0.0066
0.0048
0.0038
0.004
0.004
0.0372
0.0036
0.0228
0.0216
1
1
0.004
0.0034
0.0058
0.0052
0.0146
0.0106
0.0048
0.0056
0.0026
0.006
0.0072
0.0044
1
1
0.0044
1
0.0082
0.0112
0.0088
0.0416
0.0078
0.0038
0.0082
0.9948
0.0042
0.0046
0.005
0.004
0.0096
0.0044
0.9868
0.0056
0.0034
1
0.0028
0.0032
0.0028
0.0036
0.0038
0.033
0.5608
0.0038
0.0026
0.0044
0.0084
0.2944
0.0034
0.0032
0.0148
0.0044
1
0.0016
0.0026
0.0046
0.0048
0.0054
0.0074
0.0048
0.0084
0.869
0.0032
1
0.0046
0.0042
0.007
0.0028
0.0108
0.0212
0.0044
0.0032
0.0044
0.0042
0.0052
0.0036
1
0.006
0.0034
0.0056
0.0068
0.0148
0.003
0.003
0.004
0.013
0.0084
0.0042
0.0054
0.0052
0.0066
0.0054
0.0056
0.004
0.0066
0.0618
0.0046
0.004
0.0142
0.006
0.0048
0.0312
0.0224
0.0034
0.0042
1
0.0052
0.9926
0.0178
0.0078
0.0046
0.004
0.0066
0.0042
0.0652
0.007
0.003
0.065
1
0.0048
0.004
0.0052
0.0062
0.0098
0.0046
0.0366
0.0046
0.0042
0.023
0.9654
0.0136
0.0098
0.0032
0.0164
0.0036
0.0036
0.0164
0.0046
0.0042
0.0118
0.0042
1
0.003
0.0236
0.0058
0.0038
0.015
0.0036
0.0564
0.0068
0.0028
0.0046
0.0044
0.0046
0.0056
0.0028
0.0028
0.0034
0.0168
0.0196
0.0026
1
0.008
0.0032
0.006
0.0514
0.007
0.003
0.0238
0.0076
0.0032
0.023
0.0038
0.0048
0.0144
0.0034
0.004
0.006
0.0038
1
0.005
0.0258
0.0116
0.004
0.004
0.0338
0.0038
0.003
0.0036
0.0088
0.0164
0.0042
0.0052
0.0376
0.0068
1
0.006
0.0048
0.0068
0.018
0.0086
0.0038
0.0088
0.005
0.0058
0.0112
0.0036
0.0026
0.0088
0.0052
0.0218
0.0116
0.0058
0.0422
0.0054
0.0044
0.0192
0.0088
0.0024
0.0224
0.015
0.006
0.214
0.0054
0.0224
0.0058
0.0166
0.0044
0.0024
0.0032
0.0076
0.005
0.0084
0.0116
0.03
0.003
1
0.004
0.0044
1
0.0052
0.0024
0.0034
0.012
0.0056
1
0.0246
0.007
0.0136
0.006
0.0542
0.0088
0.0088
0.0398
1
0.0258
0.032
0.0048
0.0024
0.0032
0.0056
0.011
0.2436
1
0.0042
0.004
1
0.006
0.004
0.1872
1
1
0.0412
0.0126
0.0056
0.0038
0.0058
0.044
0.0042
0.0054
0.0156
0.0106
0.003
0.0072
0.0088
0.0332
0.003
0.998
0.0336
0.016
1
0.006
0.0048
0.0114
0.0044
0.0202
1
0.004
0.0078
0.0734
0.0064
0.0516
0.0036
0.014
0.0122
1
0.0056
0.0044
0.004
0.0084
0.041
0.004
0.0138
0.0222
0.0064
0.016
0.0122
0.0066
0.0022
0.8474
0.0358
0.0178
0.0128
0.0024
0.024
0.0082
0.0108
0.0036
0.0082
0.0028
0.0144
0.0254
0.0098
0.0132
0.004
0.0054
0.0032
0.0178
0.0056
0.0052
0.0056
0.0082
0.0058
0.0038
0.006
0.0048
0.0186
0.0476
0.0034
0.0032
0.0062
0.0042
0.0192
0.003
0.0036
0.0476
0.0046
0.0124
0.0046
0.0076
0.0044
0.3442
0.018
0.0024
0.0038
0.0064
0.0106
1
0.0046
1
0.0812
0.0102
0.0028
0.2906
1
1
0.067
0.0062
0.0112
0.0048
0.0024
0.007
0.0214
0.004
0.006
1
0.0208
0.0042
0.0056
1
0.0062
0.0028
0.015
0.0096
1
1
0.006
0.0034
1
0.626
0.009
0.0046
0.0046
0.0048
0.0026
0.0218
0.008
0.0064
0.0054
1
0.0088
0.0054
0.005
0.0212
0.028
0.0162
0.0108
1
0.0052
0.0034
0.0222
0.0422
0.004
0.0142
0.0068
0.0054
0.0094
0.025
0.0068
0.019
0.014
0.149
0.0276
0.0066
0.0092
0.005
0.0032
0.0076
0.0028
0.0074
0.0324
0.0104
0.0032
1
0.006
0.025
0.0262
0.0054
0.0628
0.0076
0.0226
0.0068
0.0038
0.0056
0.0086
0.0086
0.0038
0.0182
0.1814
0.0054
0.0076
0.1758
0.0232
0.0026
0.0028
0.0032
0.0734
0.0148
0.0054
0.003
0.0024
0.0056
1
0.0026
0.0068
0.0304
0.0034
0.0058
0.0048
0.0054
0.9996
0.0036
0.0028
0.0096
0.0068
0.0044
0.0024
0.0046
0.0042
0.0594
0.0042
0.0084
0.0038
0.0054
0.0128
0.0074
0.0052
0.513
0.0476
0.0054
0.0298
0.0062
0.014
0.0044
0.0106
0.005
0.0406
0.0056
0.0124
0.0104
0.0122
0.006
0.006
0.0034
0.0084
0.018
0.0066
0.0024
0.0292
0.0158
0.005
0.5382
0.0048
1
0.0276
0.007
0.0056
0.004
0.9978
0.0032
0.9226
0.014
0.0028
0.061
0.0044
0.0042
0.007
1
1
0.0032
0.0036
1
0.018
0.0076
0.0104
0.0086
0.0076
0.0038
0.0108
1
0.1006
0.0034
0.0374
0.0062
0.0036
0.0102
0.0068
0.0124
0.007
0.0114
0.8564
0.003
0.009
0.0048
1
0.0044
0.0076
0.008
0.0042
0.0206
0.0044
0.013
0.0054
0.0036
0.0046
0.01
1
0.0062
0.0086
0.0134
0.0116
1
0.0038
0.0026
0.0052
0.003
0.0358
0.0034
0.0178
0.007
0.0164
0.1102
1
1
1
0.1122
0.0034
0.0208
0.0148
0.0104
1
0.0052
0.9972
0.0332
0.0216
0.278
0.0144
0.0066
0.002
0.0288
0.017
0.0018
0.0036
1
0.004
0.004
0.0046
0.0036
0.0044
0.0028
0.0188
0.0034
1
1
1
0.003
0.0204
0.0044
0.0054
0.0036
1
0.0028
0.0036
0.0028
0.0044
0.0168
1
0.0054
1
1
0.0262
0.0072
0.0046
0.0054
0.0028
0.0034
0.2202
1
0.0096
0.004
1
0.006
1
0.0062
0.0038
0.0046
0.0284
0.0224
0.004
0.0046
0.012
0.0052
1
0.0018
0.023
0.0096
0.023
0.0052
0.0052
0.0044
0.0072
0.0254
0.019
0.1186
0.0032
0.0028
0.0032
0.0054
0.0274
0.0168
0.0486
0.008
0.0046
0.0048
0.0088
0.0032
0.0096
0.4676
0.0042
0.0102
0.005
0.015
0.0272
0.0074
0.0076
0.006
1
0.034
0.9912
0.0208
0.006
0.0044
0.018
0.0858
0.0036
0.0056
0.0186
0.0288
0.014
0.2016
0.0488
0.008
0.0154
0.0058
0.007
0.005
0.006
0.5684
0.0038
0.1824
0.0086
0.0064
0.0048
0.0046
0.05
0.0056
0.0034
0.1422
0.012
1
0.0032
0.0078
0.0028
0.0058
0.008
1
1
0.012
0.0034
1
0.0042
0.0056
1
0.0032
0.0106
0.0064
0.004
0.0028
0.003
1
0.004
0.0076
1
1
1
0.0034
0.003
1
0.019
1
0.0052
1
0.9998
1
0.0052
0.0046
1
0.005
0.0142
0.0102
1
0.0034
0.0426
0.003
0.0058
0.0034
1
1
1
1
0.009
0.003
0.0224
0.0484
0.003
1
0.004
0.0068
0.0044
0.0182
0.0046
0.0032
0.0034
0.0036
1
0.0034
1
1
0.0072
0.008
0.0102
1
0.0032
0.0038
0.0352
1
0.036
0.2962
0.0144
0.0346
0.0106
0.0514
0.0092
0.0114
0.0042
0.006
0.0132
1
0.0078
0.1642
0.023
0.0228
1
0.0128
0.012
1
1
0.014
0.0074
0.012
0.4084
0.0026
1
0.0366
0.0128
1
0.0052
0.004
0.02
0.0258
0.0148
0.0098
0.032
0.043
0.032
0.0044
1
0.0072
0.0704
0.0032
0.0044
0.0064
0.003
0.0376
1
0.0044
0.0196
0.0052
1
0.4192
1
0.0034
0.0018
0.388
0.0272
0.0168
0.02
0.0052
0.0048
0.0036
0.021
0.0118
0.0256
0.0134
0.0164
0.0236
0.7904
0.0062
0.0052
0.0054
1
0.018
0.0034
0.003
0.0042
0.004
1
0.049
0.0062
0.0174
0.0064
1
0.0034
0.003
0.0036
0.9618
0.004
0.0084
0.0054
0.0028
0.0118
0.0026
0.0036
0.0052
0.0076
0.004
0.999
1
0.0334
0.0246
0.0122
0.0186
0.0082
0.009
0.026
0.012
0.0518
0.0132
0.0076
0.0038
0.0042
0.0032
0.0028
0.0028
0.008
0.0036
0.0076
0.012
0.0052
0.0034
0.012
1
0.9826
0.005
0.004
0.004
1
0.0174
0.999
0.004
1
1
0.0054
0.0044
0.0068
0.004
1
1
0.016
0.016
0.0038
0.0188
0.003
0.0066
0.0024
0.0028
0.0144
0.0046
0.0158
0.0044
0.035
0.014
1
0.0054
0.0046
0.0074
0.0088
0.0038
0.005
0.01
0.0034
0.0046
0.0202
0.0068
0.0142
0.0146
