0.016
1
1
0.2446
0.0158
1
0.0096
0.0256
1
0.0326
0.014
1
0.9664
0.0172
0.8692
0.018
0.0228
1
0.1126
0.0114
1
0.0146
0.0162
0.064
0.0126
0.0206
0.0112
0.018
0.013
0.0134
0.0166
0.3344
0.018
1
1
0.0194
1
0.014
0.029
0.0158
0.0614
0.0346
0.0876
0.0174
0.0474
0.0382
0.8926
1
1
0.013
0.0124
0.0094
0.0578
0.0126
0.0084
0.0126
1
0.038
1
0.0244
0.0234
0.0104
0.0118
0.9812
1
0.008
0.0114
1
0.0802
0.0112
0.0128
0.011
0.8556
0.013
0.01
0.0174
1
0.009
0.0094
0.0286
0.0118
0.9142
0.0144
0.008
0.0096
0.0126
0.0132
0.0088
0.0202
0.0138
0.0094
0.0142
0.0108
0.0058
0.0152
0.0078
0.0108
0.0096
0.0086
0.0102
0.0112
0.0112
0.0148
0.0092
0.0132
0.0126
0.0098
0.0114
1
0.0136
0.0084
0.0086
0.01
0.0098
0.011
0.0094
1
0.9802
0.0182
0.9244
0.0118
0.014
1
0.7888
0.0102
0.0106
0.0106
0.0114
0.012
0.0092
1
0.0428
1
0.0096
0.0168
0.0124
0.01
0.0614
0.022
0.0112
0.009
0.0084
0.0126
0.012
1
0.011
0.012
0.0626
0.0122
1
0.065
0.0074
0.0176
0.0094
0.0154
0.0136
0.008
0.0114
0.0414
0.0116
0.01
0.0104
0.0216
0.014
0.973
0.0172
0.0748
0.9992
0.0118
0.0128
0.012
0.0076
0.0324
0.0298
0.022
0.0962
0.0106
0.0114
0.9998
0.0724
0.0136
0.0264
0.0126
0.0206
0.009
0.9986
1
1
1
1
0.0246
0.029
0.03
0.0158
0.0372
0.0226
0.2194
0.01
1
0.0136
1
0.0162
0.2494
0.185
0.0092
0.0112
0.015
0.0092
0.015
0.009
0.0112
0.011
0.011
0.0416
1
0.1524
0.0104
1
0.0108
0.2802
0.0332
0.008
0.0118
0.0132
0.0638
0.0084
0.2118
0.014
1
0.0226
0.0148
0.0174
0.0142
0.0306
0.0576
0.8922
0.0098
0.0168
0.103
0.0088
1
0.017
0.016
0.0396
0.0342
0.013
0.0108
0.0096
0.01
0.0414
0.1094
0.0156
0.031
0.0142
0.0116
0.2516
0.012
0.013
0.0084
0.0206
0.015
0.0168
0.0144
0.0112
0.0072
1
1
0.0104
0.0084
0.0168
0.0378
0.0196
0.01
0.0234
0.0094
0.0338
0.4604
0.0946
0.0252
0.0132
0.0124
0.0098
1
1
0.1278
0.01
0.0142
1
0.0114
0.0152
0.0348
0.0246
0.0168
0.0282
0.0164
0.0122
0.0448
0.109
0.0328
0.0744
0.0092
0.0138
0.0084
0.019
0.0212
0.0254
0.016
0.009
0.0266
0.0122
0.0328
0.0184
0.0344
0.0706
0.0116
0.0356
0.0112
1
0.0112
0.0218
1
0.0124
0.017
0.0556
0.0108
0.01
0.0078
0.0098
0.0126
0.014
0.096
0.011
0.0102
0.01
0.0186
0.0104
0.011
0.0142
0.0178
0.0536
0.0106
0.0154
0.0556
0.0134
0.0612
0.0102
0.0116
0.013
1
1
0.012
0.012
0.0184
0.0232
0.009
1
0.0138
0.013
0.022
0.0554
0.0178
0.0212
0.0106
0.0124
0.0084
0.0094
0.0088
0.0162
0.013
1
0.0116
0.2252
0.0154
0.0114
0.009
0.0122
0.018
0.015
0.0198
0.013
0.0174
0.01
0.0256
0.015
0.4314
0.045
1
1
0.0138
0.0142
0.1656
0.01
0.034
0.0196
0.6102
0.0118
0.3088
0.6984
0.0238
0.0146
0.0168
1
0.0124
1
0.0128
0.133
0.0174
0.0156
0.0294
0.0164
0.0118
0.0186
0.01
0.009
0.0146
0.5116
0.0152
0.025
1
0.011
0.0092
1
0.0138
0.99
0.0966
0.0158
0.0086
0.9356
0.9854
0.0158
1
0.0084
1
1
0.0114
1
1
0.0084
0.0114
0.0368
0.0128
0.4934
0.0186
1
1
0.5796
0.0088
0.0112
0.03
0.0134
0.0176
0.0212
0.0196
0.0176
0.013
0.023
0.0148
0.0088
0.0742
1
0.0178
0.0526
0.0106
0.0184
1
1
0.0144
0.2294
0.0138
0.0178
0.0148
0.0238
0.0112
0.9998
0.0214
0.0114
0.0062
0.0114
0.0102
0.0406
0.025
0.0098
0.0106
0.0138
1
1
1
0.0126
1
0.0098
0.0108
0.0898
0.028
0.0148
0.0128
0.0118
0.0096
0.0088
0.0116
0.0094
0.0082
0.01
0.0256
0.01
1
0.0156
0.0136
0.0158
0.0178
0.0148
0.0124
0.053
0.0496
0.0152
0.0254
0.0106
0.0162
0.0078
0.008
0.0146
0.0096
0.012
0.2206
0.0106
0.0128
0.0262
0.9998
0.0112
0.7882
0.0168
0.0342
0.048
0.0976
1
0.0122
0.4328
0.0106
0.0114
0.0112
0.0194
0.0336
0.0112
0.0154
0.0148
0.055
0.009
0.0096
0.0142
0.0668
0.011
0.0238
0.0198
0.0154
1
0.0136
0.0118
0.024
0.0244
0.0216
0.3684
0.0112
1
1
0.0668
0.037
0.0158
0.017
0.0164
0.022
0.01
0.0142
0.012
0.0066
0.0478
0.01
0.0304
0.0094
0.0138
0.019
0.014
1
0.01
0.0122
0.0098
1
0.012
0.0104
0.1632
0.0072
0.0188
0.0394
0.0112
0.0096
0.0228
0.0202
1
0.0632
0.2236
0.9954
0.0166
0.0094
0.018
0.011
0.0136
0.0616
0.0152
0.0096
0.0744
0.0108
0.0154
0.015
0.0114
0.0206
0.096
0.024
0.0102
0.0178
0.0126
0.0112
0.0266
0.1156
0.0908
0.0362
0.109
0.1126
1
0.0494
0.0082
0.843
0.0894
0.0154
0.028
1
0.0516
0.0096
0.7506
0.1434
0.0172
0.948
0.012
0.0214
0.0108
0.0136
0.0096
0.0476
1
0.0074
0.014
0.0102
0.0138
0.0186
0.0154
0.0112
0.0156
0.1446
0.0154
0.0092
0.0114
0.016
0.015
0.0146
0.0248
0.009
0.0122
1
0.0144
0.2734
0.0098
0.0144
0.011
0.0112
0.0152
0.0594
0.769
