0.0098
0.0374
0.9784
0.0112
0.1608
1
0.014
0.0162
1
0.0066
0.013
0.008
0.0076
0.0086
0.0052
0.0126
0.0126
0.0058
0.0042
0.0086
0.0308
0.0138
0.0088
0.009
0.007
0.0064
0.0246
0.014
0.02
0.0056
0.0226
0.0194
0.0088
0.0072
1
0.0216
0.0052
0.01
0.0082
0.0168
0.0114
0.0056
0.0128
0.0096
0.005
0.0082
0.008
0.0096
0.029
0.0214
0.0554
0.007
0.0506
0.0054
1
0.0072
0.0126
0.0092
0.0122
0.0178
0.0068
0.0192
0.007
0.8196
0.0098
0.0136
0.032
0.0078
0.0164
0.0052
0.0076
0.0074
0.996
0.0084
0.0208
0.0054
0.0116
0.0064
0.2392
0.0072
0.0076
0.0324
0.0178
0.0296
0.006
0.2076
0.0078
0.0268
0.0068
0.01
0.0104
0.0062
0.0064
0.6476
0.005
0.0136
0.008
0.0106
0.0044
0.0052
0.0058
0.017
0.0072
0.6638
0.0192
0.0094
0.0084
0.9996
0.006
0.0136
0.9994
0.0058
0.9992
1
0.0056
0.0124
0.0104
0.007
1
0.026
0.006
0.1438
0.0284
1
0.0054
0.0162
0.0508
0.0092
0.0114
1
0.018
0.008
0.0088
0.866
0.0074
0.01
0.0248
1
0.0086
0.011
0.0072
0.008
0.0298
0.0472
0.0122
1
1
0.0254
0.0172
1
0.0216
0.0072
0.013
0.3738
0.0332
0.0056
0.0346
0.0084
0.019
0.0092
1
0.02
0.0294
0.0112
0.0808
0.0274
0.0048
0.0078
0.0086
1
0.027
1
0.007
0.0058
0.008
0.0244
0.051
1
0.4544
0.0052
0.0072
1
0.0072
0.0364
0.0098
0.0058
1
0.0058
0.019
0.0088
0.0056
0.0054
0.0362
0.4368
0.0054
0.006
0.0178
0.0372
0.007
0.0126
0.008
0.028
0.009
0.021
0.0582
0.006
0.0102
0.0056
0.0092
0.0096
1
0.0098
0.0196
1
0.0202
0.0086
0.0106
1
0.0094
1
1
0.0056
0.044
0.005
1
0.0298
0.0076
0.0052
0.017
0.0076
0.0056
0.006
0.011
0.0064
1
0.0068
0.6598
0.0144
0.1
0.1234
1
0.0998
0.0086
1
0.0154
0.0194
0.0052
0.0118
0.0232
0.0142
0.0088
0.0088
0.007
0.0088
1
0.0146
0.017
0.0048
0.0064
0.0204
0.0238
0.0332
1
0.02
0.008
0.0142
0.9928
0.4716
0.7816
0.0238
0.0058
0.0106
1
0.027
0.0172
0.006
0.0306
0.004
1
0.0094
0.006
0.0056
0.009
0.0068
0.0074
1
0.0076
0.0164
0.0062
0.4754
0.0082
1
0.0056
1
0.0064
0.0214
0.0074
0.0076
0.0234
0.0186
0.009
0.0292
0.0054
0.0088
0.0058
0.0064
0.0164
0.0066
0.0056
1
0.0214
0.0154
0.0148
0.015
0.0118
0.0312
0.0068
0.0088
0.0104
1
1
0.0098
0.0302
0.0204
0.0226
1
0.0062
0.0314
0.0116
0.0164
0.9998
1
0.0132
1
0.0088
0.006
0.0052
0.0072
0.0134
0.0116
0.0162
0.0104
0.1526
0.0134
0.9998
0.0066
0.037
0.1392
0.006
1
1
0.0216
0.0092
1
0.0772
1
0.0272
0.022
0.0066
1
0.0062
0.0266
0.007
0.0088
0.0794
0.0082
0.0068
0.009
0.0422
0.0064
0.0086
0.0446
0.017
0.0056
0.0106
0.0028
0.0052
0.0292
0.0048
0.021
1
1
0.0452
1
0.0068
0.0066
0.0072
0.006
0.0074
0.016
0.0656
0.017
0.0058
0.835
0.0072
0.006
1
0.8112
1
0.0312
1
0.0296
0.0068
0.7102
1
0.0296
0.0058
0.005
0.0054
1
0.0084
0.0164
0.0096
0.0232
0.0072
0.0074
0.1294
0.006
1
0.008
0.0084
0.0118
0.0098
0.3538
0.015
0.0078
0.0124
0.0074
1
0.9994
0.0132
0.0064
0.0096
0.0148
0.01
0.0342
1
1
0.0066
0.03
0.0124
0.0132
0.9984
1
0.0346
0.9996
0.0096
0.0486
0.0074
0.0226
1
1
0.022
0.0152
0.0078
1
1
0.0042
0.016
0.0078
0.0344
0.0068
0.0084
0.0084
0.0028
0.008
0.0058
0.0256
0.0108
0.0034
0.0454
0.036
0.0054
1
0.014
1
0.0056
1
0.0126
1
0.0326
0.0156
0.0106
0.0866
0.0218
0.0046
0.0342
1
1
0.0282
0.0044
0.0242
0.028
0.9998
0.8986
0.0064
0.0068
0.0064
0.0066
1
0.9998
0.0064
1
1
1
0.0208
1
