0.0076
0.0064
0.002
1
1
0.012
0.008
0.0046
0.0054
1
0.022
0.008
0.0352
0.008
0.0938
1
0.0038
0.0052
1
1
0.0032
0.002
0.0106
1
0.0028
0.0034
0.0032
0.0024
0.943
1
0.0406
1
0.0034
0.0086
1
0.0048
0.0022
0.0036
0.0066
0.0324
0.009
0.0044
0.0048
0.0956
0.0042
1
0.0074
0.0042
1
0.0188
1
0.0054
0.9998
1
0.0044
0.008
0.0176
0.0962
0.011
0.0026
0.0184
0.0056
0.0192
0.0074
0.0074
1
0.003
0.05
0.0026
0.0046
0.0066
0.002
0.0062
0.0106
0.0032
0.0144
0.0096
0.205
0.003
0.004
1
0.0296
1
0.0034
0.0442
0.0088
0.0056
0.0022
0.0044
1
0.0138
0.993
0.0058
0.9988
1
1
0.0024
0.008
0.0084
0.9562
1
0.0036
0.0028
0.0094
0.004
0.0028
0.7676
1
0.0042
0.006
0.008
0.004
0.0066
0.0144
0.9852
0.0036
0.9712
0.9998
0.003
0.0128
1
0.001
0.0044
0.0074
0.0082
0.0042
0.1232
0.0034
0.0054
0.002
1
0.1944
0.0042
0.002
0.8524
0.0018
0.0028
1
1
0.0032
0.0024
0.0018
0.0062
0.0036
0.0126
0.0054
0.0064
0.0624
0.0026
0.0046
1
0.1118
0.0074
0.0048
1
0.0058
1
0.0048
0.0022
0.01
0.01
0.0022
0.0106
0.01
1
0.0032
0.0026
0.0024
0.0088
0.0034
0.9996
1
1
1
0.0064
1
0.005
0.0056
1
1
0.037
0.0264
0.0028
1
0.0048
0.0088
0.0084
0.0094
1
0.3298
0.0064
0.1262
0.0022
1
0.016
1
1
0.0046
0.0078
0.0022
0.5976
0.9318
0.007
0.0034
0.0054
0.0038
0.0208
0.0058
0.0068
0.004
0.0278
0.002
0.0106
1
0.0146
1
1
1
0.0206
0.0046
1
0.0104
1
1
0.0054
0.0054
0.0056
0.0046
0.0026
0.009
0.002
1
1
0.9716
0.029
0.003
1
0.0022
1
0.0024
0.0028
0.0058
1
0.003
1
0.0032
0.005
0.0022
0.004
1
0.019
0.0048
0.0062
0.0084
0.0102
0.0136
0.002
0.0016
0.0094
0.0028
1
0.0046
0.0028
0.003
0.006
1
0.0032
0.0094
0.005
0.0028
1
0.005
0.0044
0.0098
1
0.9844
0.002
0.0024
0.0078
0.0044
0.0038
0.003
0.974
0.0068
0.0234
0.0088
0.0618
0.0022
0.004
0.0034
1
0.0026
0.014
0.01
0.005
0.0026
0.004
0.043
1
0.0036
0.0798
1
0.0056
1
0.0046
1
0.0048
0.069
0.0034
0.0032
0.0036
0.9848
0.004
0.0754
0.0118
0.0026
0.0142
0.2286
0.0178
0.013
1
1
0.017
1
0.0042
0.0028
1
1
0.0102
1
1
1
0.9992
1
0.0074
0.004
0.0032
1
0.0032
0.9944
0.146
1
0.9864
1
0.0208
1
0.0024
0.0036
0.0062
0.0038
0.003
0.0258
1
0.0128
0.0044
0.0014
0.0088
0.0062
0.0114
0.006
1
0.01
1
0.002
1
0.0034
0.0072
1
0.0016
0.0308
0.0062
0.0182
0.0018
0.021
0.0102
0.0204
0.0266
0.0046
0.0038
0.0116
0.2756
1
0.0142
0.0092
1
1
0.0048
0.0014
0.0022
1
0.0036
0.0024
0.0108
1
0.0034
1
0.0038
0.0032
0.0034
0.0048
0.023
1
0.0658
1
0.006
1
0.005
1
0.0218
0.0288
0.008
0.133
0.0028
1
0.0022
1
0.0546
0.0042
0.0096
1
0.0374
0.003
1
0.0058
0.1886
1
0.0112
1
0.9988
0.0044
0.0018
1
1
1
0.0042
0.003
1
1
1
0.0032
0.0056
0.0024
0.0044
0.0028
0.0034
0.004
0.0048
0.0022
0.004
0.0026
0.003
0.0034
0.0048
0.6196
0.002
0.0072
0.004
0.0064
0.005
0.0038
0.002
0.0038
0.003
0.622
0.0044
1
0.0046
0.0034
0.0116
0.005
0.0054
0.0034
0.0026
1
0.0032
0.0036
0.0024
0.0034
0.006
0.0052
1
0.0624
0.0028
0.0026
1
0.0034
0.002
0.0034
0.0042
0.003
0.0066
1
0.0034
0.0026
0.0086
1
0.004
0.0062
0.005
1
0.0028
0.006
0.0036
0.0044
0.0386
1
0.0046
0.004
0.0048
0.0064
0.0046
0.003
0.0036
1
1
0.007
0.0042
0.0106
0.0074
0.007
0.9968
0.0052
8e-04
0.0088
0.004
0.002
0.0052
0.0164
1
0.015
0.0168
1
0.7062
0.0114
0.0082
0.0062
1
0.0394
1
0.006
0.0036
0.0024
0.0044
0.0032
0.0032
0.0022
1
0.0034
0.007
0.01
0.004
0.01
1
1
0.0108
0.0014
0.0228
0.01
0.0196
0.9998
0.004
0.0296
0.0336
0.0154
1
0.0028
0.0078
1
0.0036
0.006
0.0032
0.003
0.0072
0.0078
0.0112
1
1
0.002
0.006
0.0054
0.0018
0.6976
0.0038
0.0088
1
0.0048
0.0054
0.0018
0.0078
0.0044
0.0026
0.0048
0.5246
1
0.0034
0.0266
0.0044
0.0036
0.0046
0.0038
0.009
0.0056
0.0058
0.0058
0.0022
0.0138
0.0068
0.004
1
1
0.003
0.0048
0.0018
0.0028
0.0042
0.0048
1
1
0.024
0.9966
0.0046
0.0218
0.0248
1
0.0052
0.0026
0.0048
0.0204
1
0.9982
0.0048
0.0056
1
0.008
1
0.0104
1
0.0066
0.0444
0.0074
0.0418
1
0.0326
8e-04
0.0034
1
0.0208
0.0042
0.0036
0.0048
0.018
0.017
1
1
0.0104
1
1
0.015
0.0124
0.0034
1
0.0048
0.0078
0.0028
1
0.0084
0.0032
0.0052
0.0046
0.0042
0.007
0.0028
0.0042
0.0042
0.0078
1
1
0.006
1
0.0094
0.0072
0.0036
0.0038
0.0064
1
0.0048
1
0.0064
0.0024
0.0026
0.019
1
0.012
0.1246
0.0088
0.0224
1
0.0036
0.0026
0.0634
0.0042
0.028
0.005
1
0.0102
0.0272
0.0074
0.0382
1
0.0066
0.003
0.0312
0.0036
1
0.1054
0.0036
0.0052
0.0102
0.0026
1
1
0.0076
0.0014
0.0024
0.0142
0.0188
1
0.0068
0.038
0.2854
1
0.0094
0.1204
1
0.002
0.0036
0.0034
1
0.0026
1
0.002
0.0208
0.8226
0.0088
0.9384
0.0096
0.0072
1
1
0.0142
0.0026
0.003
1
0.0362
1
0.2192
1
0.0026
0.0206
0.0068
0.0092
0.0024
0.0048
1
0.0028
0.0048
0.0046
0.0026
0.0056
0.003
0.0034
1
0.002
1
1
0.0044
0.0048
0.0024
1
1
1
0.0266
0.0024
0.003
0.005
0.0038
1
0.0032
0.0058
0.0026
0.0038
0.0026
0.0054
0.003
0.0028
1
0.004
0.0034
1
0.0042
0.0014
0.0036
0.0024
0.0028
1
1
0.0032
0.0024
0.0064
0.0048
0.0348
0.0044
1
0.0026
0.0054
0.0178
1
0.0022
0.004
0.0038
1
0.008
0.0038
0.003
0.0078
0.0078
1
