0
1
0.0356
4e-04
4e-04
1
0
0.0762
0.0204
0.0126
1
0.0046
0.0022
0.0028
0.0172
0.0138
1
6e-04
0
0.0104
6e-04
4e-04
0.001
0.0036
0.0028
0.001
0.0016
4e-04
0
1
0.0014
1
0
0
2e-04
0.9964
2e-04
2e-04
2e-04
0.0054
8e-04
0.0014
4e-04
0.0094
0.0064
0
1
0.0024
1
1
8e-04
6e-04
4e-04
1
0.0192
1
0
0.0064
4e-04
0
1
0
1
1
0.9976
1
0.013
0
0
0.0014
4e-04
0
0.0048
0.0986
0.014
0.0022
0
0.0068
1
0.0016
0.0034
0.004
1
0.3106
0.002
0.0018
1
0.0022
0
0.002
2e-04
0.001
0.9
0
0.001
2e-04
0.003
2e-04
4e-04
4e-04
0
1
0.002
1
0.0014
4e-04
0
0.0012
1
0.0052
0
0.0052
0.0014
0.0074
1
1
2e-04
2e-04
0
0.012
4e-04
4e-04
0.0018
8e-04
1
0.0072
8e-04
0.7394
0.0018
0.0022
0.1062
1
1
1
0.0018
1
0
0
1
1
0.001
2e-04
6e-04
0.0024
1
1
6e-04
0.9888
2e-04
2e-04
2e-04
1
6e-04
2e-04
2e-04
0.003
4e-04
0.0012
0.9994
6e-04
0.99
0.001
1
2e-04
6e-04
6e-04
1
0.0178
1
1
2e-04
0
0.8278
4e-04
0
4e-04
1
0.0046
2e-04
0.001
2e-04
1
1
0
2e-04
8e-04
6e-04
0.0384
0.0012
2e-04
0.0034
0
1
0.0024
4e-04
6e-04
0.0032
0.0016
4e-04
0.001
0.0018
2e-04
0.97
2e-04
0.0276
0
4e-04
2e-04
2e-04
1
0
1
8e-04
0.0558
0
2e-04
0
0.0196
4e-04
0.0026
1
0
6e-04
6e-04
1
0.004
1
0
0
0.0062
0.0014
0.0014
0.004
0
0.2862
1
8e-04
1
0
2e-04
2e-04
6e-04
0.0016
0
0
2e-04
0.0016
2e-04
0.0024
0
1
0
8e-04
0.9992
0.0032
1
1
4e-04
0
4e-04
1
0
0.0366
1
0.007
0.0038
0.0018
1
6e-04
0
2e-04
4e-04
1
0.4644
0.001
0.6342
1
2e-04
8e-04
1
2e-04
0
6e-04
0.001
2e-04
1
0.0018
4e-04
0.0046
0
0.0044
1
1
0.6852
8e-04
1
0.8486
1
0.004
4e-04
2e-04
4e-04
0.811
2e-04
2e-04
2e-04
4e-04
0.0036
1
1
4e-04
4e-04
4e-04
2e-04
0.001
0.04
0.0012
0.0016
0
6e-04
2e-04
2e-04
0.0042
4e-04
1
0.0012
0
0.001
1
0.0074
2e-04
0.009
1
0.0558
4e-04
2e-04
4e-04
8e-04
6e-04
0
1
1
1
0.0614
0.001
0
2e-04
0.0046
0.0014
4e-04
0.001
4e-04
2e-04
1
0.0092
6e-04
2e-04
0
1
0
4e-04
0
2e-04
1
0.0402
0.0184
0
0.0222
0.007
6e-04
1
4e-04
4e-04
0.0092
0.9742
0.0104
0.0038
0.0048
1
4e-04
1
1
6e-04
0
1
0
0
8e-04
0.002
4e-04
0.001
8e-04
0
1
0.0074
0.004
0
0
0
1
1
0
0.003
0.6112
2e-04
6e-04
1
0.0028
1
0
2e-04
0
0.001
1
0.0116
0.0088
1
1
4e-04
0.0012
6e-04
4e-04
2e-04
1
4e-04
0.001
0.084
0.001
0
0
0.811
0.003
0.8924
0.0038
0
0.0084
2e-04
0
4e-04
4e-04
0.9552
0.0026
6e-04
6e-04
0.0074
0
0.0082
1
0
0.0018
2e-04
6e-04
6e-04
0.0028
4e-04
0
2e-04
0
0.0052
0.0622
4e-04
