0.0302
0.0648
1
1
1
0.0146
0.007
1
1
1
0.2094
0.983
0.0024
0.0216
0.0334
0.0012
0.1464
0.02
0.0028
1
0.0106
0.075
0.0986
1
0.0476
0.0262
0.011
1
1
0.0038
0.0126
1
0.0126
0.581
0.0022
0.0108
1
0.0022
0.74
1
0.041
1
0.713
0.008
0.002
0.369
0.0454
1
0.0106
0.003
1
0.7684
0.005
0.0014
0.0656
0.0762
0.0676
0.0034
1
0.1068
0.0172
0.0034
0.1534
1
1
0.0034
1
0.9278
0.0254
0.1076
0.0028
1
1
0.0112
0.0062
1
0.0032
0.0064
0.015
1
1
1
1
0.0024
0.0044
0.0428
0.0114
0.006
0.0028
1
0.0034
1
0.0038
0.0064
0.0032
0.0084
0.0216
0.0144
0.0108
0.0058
0.002
0.0074
0.0106
0.0438
0.0054
1
0.004
0.0112
0.0062
0.003
0.0072
0.002
0.0036
0.0076
0.0072
0.008
0.0176
0.0034
1
0.0054
1
0.0102
1
0.0038
0.9838
1
1
1
1
1
0.999
0.0036
0.0048
1
0.0072
0.008
0.0044
0.0034
0.0034
0.1414
1
0.0032
0.0056
0.9734
1
0.0018
0.0032
0.0018
0.0114
0.0032
0.0096
0.015
0.0052
0.965
0.0018
0.03
1
1
0.0408
1
0.0024
1
0.0056
0.0086
0.002
0.004
1
1
0.0018
0.0028
0.1024
0.0036
1
0.9906
1
1
1
1
1
0.0104
0.0028
0.0072
0.0066
0.0064
1
1
1
0.0024
0.004
0.0102
0.0144
0.0072
0.19
1
1
1
1
1
0.0046
0.0078
0.0036
1
0.0092
0.4436
0.0036
0.0062
0.9916
0.0014
0.0036
0.0042
1
0.4738
1
0.0068
0.0018
1
0.0076
0.0076
1
0.0086
1
0.0022
0.0024
0.002
0.003
0.0066
0.0028
0.026
0.0054
0.0034
0.0028
0.0038
0.0138
0.0112
0.0196
1
0.0132
0.0102
0.0046
0.0034
0.0214
0.0014
1
0.0026
1
0.0256
0.0036
0.0106
1
0.0032
0.0268
1
0.0052
0.0058
0.0026
0.0022
1
1
0.0054
0.0134
0.0082
1
0.0024
0.0046
0.0048
0.0028
0.0086
0.0586
0.006
0.0178
0.02
0.0028
0.0078
0.0018
1
0.005
0.0018
0.0046
0.0044
0.0034
0.0092
0.005
0.0236
0.0062
0.0016
0.0014
0.0072
0.0052
0.0024
1
1
0.0098
0.0102
1
1
0.002
1
0.0016
0.0028
0.0056
0.0076
0.0092
0.0126
1
0.008
0.171
0.0028
0.0028
0.0042
1
1
0.9834
0.0024
0.0024
0.0056
0.0032
0.0036
0.004
0.0178
0.0022
6e-04
1
0.0076
1
0.0048
0.0022
0.0054
0.0078
1
0.0108
0.0018
0.0032
1
0.002
0.002
0.0024
1
1
0.0048
0.003
0.0098
0.0026
0.0032
0.0024
1
0.0418
0.0074
0.0034
1
0.0032
0.004
0.0302
0.0018
0.0108
0.002
0.0912
0.0106
0.0144
1
0.1586
1
0.002
1
0.0012
0.0022
0.0032
0.0024
0.0082
0.002
0.0016
0.0066
0.0014
0.0044
0.0554
0.0046
0.003
0.005
0.0064
0.0082
0.0168
0.0074
0.007
0.0092
0.0046
0.011
1
0.002
0.0052
0.0024
1
0.0102
1
1
1
0.0038
1
0.0108
0.0036
0.0398
0.0034
0.0046
0.0058
0.0024
0.9428
0.0674
0.0066
0.039
1
0.0034
0.0156
0.2554
0.0032
0.0072
0.028
0.0016
0.007
0.0028
0.9994
0.0032
1
0.0032
0.0018
0.0022
0.0014
0.0046
0.0018
0.005
1
0.0072
0.0092
1
0.0672
1
1
1
1
1
1
0.005
0.0036
0.003
0.0058
0.0018
0.0026
0.0022
0.0016
0.0072
1
0.0194
0.0024
0.0024
0.0012
1
0.0048
0.0018
0.0012
1
1
0.0042
1
0.0042
0.0082
0.0026
1
1
0.0012
0.0082
1
0.0542
1
1
0.0062
0.0024
0.819
0.0022
1
0.003
1
0.0268
0.0122
0.013
1
0.0036
0.01
0.009
1
1
1
0.0048
0.0042
0.0146
0.0022
1
1
0.002
0.0136
0.0014
0.0022
0.0076
1
0.8964
0.0082
0.0054
0.0756
0.0084
0.005
1
0.0052
0.9284
0.0068
0.0028
0.0024
0.004
1
1
1
0.0062
0.004
1
0.0024
1
0.004
0.0018
0.0532
0.0034
0.002
0.2492
0.0044
0.0022
0.0058
0.0084
1
0.0014
1
0.0142
1
1
0.0982
0.5552
0.0142
0.0232
0.0476
0.3226
0.0054
1
0.007
0.242
0.0088
0.0136
0.1014
0.0396
0.0062
0.0024
0.0148
0.061
0.0092
0.0078
0.0024
1
0.0072
0.0124
0.0082
0.0122
0.0184
1
0.0674
1
0.006
1
0.0012
0.0026
1
1
0.2554
0.0038
0.0026
0.003
0.9634
0.003
0.0048
0.0038
0.0042
0.0018
0.0492
0.003
1
0.0014
0.0026
0.0032
1
0.0052
0.0018
0.0032
1
0.0028
0.0022
1
0.0026
0.0036
8e-04
1
1
1
0.0342
0.0484
0.0216
0.0042
0.0036
0.0228
0.0034
0.0028
0.999
0.0026
0.004
0.0062
0.0026
0.0022
0.0068
0.719
0.0032
1
0.0056
1
0.0064
1
1
0.005
1
1
0.0012
0.0022
1
0.0028
1
1
0.0026
0.0098
1
0.052
0.6106
0.0086
1
0.0028
0.003
1
0.0298
1
0.006
1
0.006
1
1
0.0078
0.0058
0.0034
0.0034
0.5668
1
0.002
0.028
0.0034
1
0.0068
0.0042
0.0036
1
1
1
0.001
0.0078
0.0202
0.0038
0.0104
0.0076
0.016
0.0044
1
0.0018
1
0.0038
1
0.005
0.0042
0.0026
0.0072
1
0.0078
0.0044
0.0034
0.0054
0.0106
0.004
0.7942
0.0066
0.0088
1
1
0.0032
