0.0086
0.7424
0.0402
0.0288
0.0036
1
0.0868
0.0046
0.0232
0.0162
0.0202
0.0052
0.0062
0.005
0.0312
0.006
1
0.008
0.0052
0.0102
0.0026
0.0042
0.0034
0.0048
0.0048
0.0052
0.0086
0.0054
0.0226
0.0418
0.0056
1
0.0494
0.0076
0.0218
0.0258
0.006
0.006
0.0248
0.0068
0.0056
0.0088
0.0056
0.0074
0.0086
0.0162
0.0064
0.0056
1
0.0736
0.0022
0.005
0.004
0.0068
0.0196
1
0.0112
0.0076
0.0042
0.003
0.6146
0.0236
0.0034
1
0.0178
0.0116
0.0106
0.0038
0.0044
0.0048
0.0048
0.0084
0.0076
0.0338
0.0122
0.0048
0.008
0.005
0.581
0.0048
0.0038
0.003
0.111
0.0036
0.0062
0.0104
0.0056
0.007
0.0052
0.0066
0.0064
0.0086
0.036
0.0072
0.0044
0.0062
0.0064
0.005
0.0108
0.004
0.0074
0.2132
0.004
1
0.0042
0.0068
0.009
0.0064
0.008
0.0072
0.739
0.009
0.0064
0.0242
1
1
0.0078
0.0046
0.0072
0.0048
0.0046
0.003
0.0052
0.0224
0.9574
0.0066
0.005
0.0206
0.0064
0.0054
0.0948
0.1908
0.0152
0.5834
0.0052
1
0.0066
0.005
1
0.097
0.0092
0.0036
0.0072
0.01
0.0056
0.0322
0.0082
0.004
0.0156
0.0034
0.0116
1
0.0066
0.0026
0.0042
0.0058
0.0034
0.0052
0.002
0.0038
0.0042
0.0058
0.0118
0.0124
0.0062
0.0048
0.0142
0.005
0.0138
0.0058
0.0044
0.0056
0.01
0.0062
0.0078
0.0046
0.0204
0.007
0.0048
0.0076
0.0398
1
0.8744
0.0048
0.0086
0.0036
0.0062
0.0086
0.0034
0.0138
0.009
0.117
1
0.0044
0.0064
0.0046
0.0154
0.0118
0.005
0.0048
0.0034
0.0054
0.0068
0.009
0.0052
0.0102
0.0036
0.007
0.0102
0.017
0.0034
0.0042
0.0058
0.0092
0.0108
0.0068
0.004
0.0334
0.0104
0.0042
0.0896
0.0064
0.0076
0.014
0.0376
0.0084
1
0.0062
0.0038
0.0122
0.0048
0.0034
0.008
0.003
0.008
0.0058
0.0058
0.0088
0.0102
0.0066
0.0044
0.0052
0.0044
0.0034
0.007
0.0098
0.0074
0.006
0.0046
0.0078
0.4968
1
0.0036
0.0052
0.0056
1
0.01
0.0094
0.0046
0.0052
0.2154
0.0136
0.0182
0.0046
0.024
0.0082
0.2034
1
0.238
0.0116
0.0078
0.0064
1
0.0054
0.0092
0.0078
0.9994
0.0146
0.012
0.0052
0.0052
0.243
0.0044
0.0036
0.0056
1
0.0044
0.0032
0.0144
0.009
0.0056
0.1268
1
0.0066
0.016
1
0.0498
0.0216
0.0134
0.0442
0.006
0.0056
0.0226
0.008
0.0022
0.0058
0.0036
0.014
1
1
0.0046
0.0066
0.0034
0.0058
0.0116
0.0102
0.0082
0.0038
0.0138
0.005
0.0036
0.0124
0.041
0.017
0.069
0.005
0.0042
0.009
1
0.043
0.5728
0.2902
0.005
0.0416
0.0046
0.0242
0.0328
0.0064
0.0048
0.0034
1
1
0.0056
0.0116
0.006
0.003
0.0038
0.0236
0.0112
0.0048
0.0052
0.0054
0.0042
0.8474
0.0072
0.0116
0.004
0.4518
0.0614
0.007
0.0066
0.0062
0.0034
0.007
0.0092
0.0066
0.0054
0.0134
0.0104
0.0062
1
0.0042
0.0046
0.0058
0.0144
0.0154
0.014
0.0084
0.6196
0.0072
0.0056
1
0.0146
0.0052
0.9502
0.005
0.0046
0.0056
0.0044
0.0074
0.0082
0.0062
0.0148
0.0164
0.0076
0.0148
0.0126
0.0192
0.0034
1
0.007
0.0188
0.007
0.0058
0.0828
0.0166
0.006
0.0052
0.9924
0.004
0.0046
0.0052
0.004
0.6786
0.017
0.0116
0.0888
0.0526
0.0096
0.0048
0.008
0.003
0.0048
0.0048
0.0048
0.0052
0.0284
0.0148
0.0046
0.006
0.0034
0.0078
0.018
0.006
0.006
0.0114
0.0218
0.004
0.0034
0.0106
0.0866
0.026
0.014
0.0054
0.0912
0.0068
0.3752
1
0.0048
0.008
0.0066
0.009
0.0098
0.006
0.0046
0.0116
0.0748
0.021
0.0052
0.0038
0.0024
