1
0.0038
1
0.007
0.0126
0.0444
0.0102
1
0.0034
1
0.004
2e-04
0.0094
6e-04
0.0012
1
0.0016
0.0332
1
0.0048
0.0028
1
0.0026
0.0994
0.0026
0.004
0.161
0.2372
6e-04
1
6e-04
0.0024
0.0102
1
0.0016
0.1382
1
1
0.5332
0.002
2e-04
0.0014
1
0.0014
8e-04
2e-04
0
0.0026
1
0.2102
1
1
4e-04
1
0.0014
0.0016
0
0.0026
0.0018
0.0034
8e-04
0.0336
0.0056
0.0044
1
1
0.0016
1
0.001
0.9992
1
1
0.0012
4e-04
8e-04
0.0018
0.0016
0.002
0.0062
1
0.0014
6e-04
0.001
0.7458
0.0016
1
1
1
8e-04
4e-04
0.0014
8e-04
0.0068
0.0352
0.001
0.8634
6e-04
6e-04
0.0028
0.001
0.001
1
2e-04
1
1
8e-04
6e-04
0.001
1
0.0012
1
0.0022
1
1
0.0014
1
1
1
1
1
0.0056
0.0032
0.002
6e-04
1
1
0.001
0.0094
0.001
1
0.1104
1
0.0438
0.0326
0.0044
0.967
0
0.0012
1
0.0016
1
0.964
8e-04
0.0024
1
6e-04
0.0014
1
0.0042
1
0.998
0.0122
8e-04
0.0176
0.0014
0.0032
1
1
1
0.002
1
6e-04
0.0014
8e-04
6e-04
0.002
0.001
4e-04
1
1
0.0016
0.0034
6e-04
0.0022
0.2194
0.0038
0.0084
2e-04
0.0032
0.0014
4e-04
1
0.0392
0.0034
0.0022
4e-04
1
1
0.001
1
1
8e-04
2e-04
0.0022
0.0012
0.001
0.0028
0.0064
1
2e-04
8e-04
0.0014
1
0.0118
0.0056
0.1636
8e-04
0.0032
2e-04
0.5896
6e-04
1
0.9884
0.0034
0.0174
0.0024
0.0044
4e-04
4e-04
2e-04
1
0.0034
0.0018
0.0016
0.0028
0.0018
2e-04
0.0024
6e-04
1
1
0.0014
2e-04
0.0014
4e-04
0.0024
4e-04
1
2e-04
0.0042
8e-04
2e-04
2e-04
1
0.0066
0
1
2e-04
1
0.0012
6e-04
8e-04
0.0024
1
8e-04
0.009
0.0028
6e-04
0.0016
1
2e-04
1
0.0612
8e-04
1
1
0.0064
1
8e-04
4e-04
2e-04
4e-04
0.0052
0.0016
0.0016
0.001
0.053
0.0012
4e-04
0.0046
0.0034
1
0.7004
2e-04
0.0074
0.0036
0.0074
6e-04
0.7926
0.0014
6e-04
0.0016
0.0038
0.0044
0.002
8e-04
8e-04
2e-04
0.068
0.0058
0.0036
1
8e-04
0.003
8e-04
1
0
8e-04
1
1
0.0036
4e-04
0.002
2e-04
4e-04
4e-04
4e-04
1
2e-04
0.001
1
1
0.003
8e-04
6e-04
0.0164
8e-04
0.0062
1
0.0702
0.0012
1
6e-04
0
0.0056
0
0.002
1
0.0106
1
0.001
0.016
0.0014
0.9998
1
1
1
2e-04
0.0048
0.0014
1
1
2e-04
0.0082
6e-04
0.8228
8e-04
4e-04
0.0216
2e-04
0.0082
0.0134
1
1
1
0.001
2e-04
0.0072
0.152
8e-04
0.001
0.0142
0
0
0.002
0.006
0
6e-04
0.0014
4e-04
0.0298
1
0.0014
4e-04
2e-04
0.0014
0.001
8e-04
1
0.0308
0.001
1
4e-04
6e-04
0.0024
1
0.0034
8e-04
0.0022
6e-04
0.0024
4e-04
0.682
2e-04
6e-04
0.0026
1
8e-04
8e-04
1
1
1
4e-04
0
6e-04
0.0018
4e-04
1
0.9994
0
1
0.0018
8e-04
0.0044
0.0012
8e-04
1
1
4e-04
1
0.0012
0.008
1
1
0.0042
0.0356
0.3586
1
2e-04
1
1
2e-04
0.0032
8e-04
0.002
0.9266
0.0354
1
0.0022
8e-04
1
0.008
0.001
0.7268
1
0.0482
1
1
6e-04
6e-04
1
4e-04
0.002
0.0016
8e-04
4e-04
0.002
0.0014
1
1
0.001
0.003
0.9988
0.0016
1
4e-04
6e-04
1
1
0.0058
4e-04
1
1
0
4e-04
1
6e-04
1
0.001
4e-04
0.0012
0.001
8e-04
8e-04
0.0026
0.0058
0.0024
0.0012
0.0016
0.0028
1
6e-04
0.0018
1
1
0.0024
0.001
0.0084
0.567
0.0012
8e-04
0.0012
6e-04
1
4e-04
0.0014
8e-04
1
1
1
1
1
1
0.002
0.013
1
6e-04
1
0.0018
0.0012
2e-04
1
1
1
0.0012
8e-04
2e-04
8e-04
0.0026
0.0016
0
4e-04
1
6e-04
6e-04
0.0012
0.0018
2e-04
6e-04
0.001
0.0024
1
1
2e-04
0.0012
8e-04
0.0014
0.002
1
0.018
1
8e-04
0.001
1
8e-04
0.004
8e-04
2e-04
0.0028
0.003
6e-04
6e-04
0.001
1
0.021
0.5594
0.0018
8e-04
1
1
0.0122
1
0.01
0.0036
0.0016
6e-04
0.0036
0.0076
1
2e-04
1
0.005
0.001
0.001
0.001
0.4162
0.8744
0.0022
6e-04
1
0.0026
0.0024
6e-04
0.0016
0.0106
8e-04
4e-04
8e-04
6e-04
6e-04
0.961
0.0016
0.9756
0.0062
0.001
0.0026
8e-04
1
4e-04
0.0092
4e-04
0.001
0.0014
0.0022
0.0066
4e-04
0
0.0492
4e-04
0
0.004
2e-04
6e-04
0.0078
2e-04
2e-04
4e-04
0
0.0118
1
0.98
0.0254
1
6e-04
6e-04
1
2e-04
2e-04
4e-04
0.001
1
0.0016
0.3942
1
0.4032
1
1
0.3674
1
0.0244
1
2e-04
1
8e-04
0.001
0.001
0.0086
0.0012
0.0076
0.0054
0.0032
6e-04
0.071
0.0124
0.0128
0.002
4e-04
1
0.002
0.0044
1
0.0026
1
4e-04
0
6e-04
0
2e-04
8e-04
0
2e-04
0
