0.0034
0.0014
0.038
0.0036
0.004
0.0056
0.0014
0.0036
0.0012
0.0044
0.0018
0.0022
0.002
0.0022
0.005
0.0022
0.0042
0.002
0.0022
0.0128
0.0136
0.1222
0.0034
0.0092
0.0254
0.0014
0.0176
0.0014
0.1224
0.0078
0.4582
0.3086
0.002
1
0.0032
0.995
0.0068
0.0028
0.0078
0.008
0.0022
0.0018
0.012
0.002
8e-04
8e-04
0.009
0.0252
0.0064
0.0014
0.0012
0.0016
0.0028
0.0034
0.0022
0.002
0.008
0.0016
0.001
0.01
0.0018
0.002
0.0024
0.0012
0.002
0.001
0.0034
0.0022
0.002
0.0032
0.002
0.0032
0.002
0.002
0.002
0.002
0.0024
0.002
0.0086
0.0016
0.0014
0.0026
0.0288
0.0022
4e-04
0.0038
0.002
0.0018
0.0014
0.0036
0.0028
0.1674
0.0016
4e-04
0.002
8e-04
0.0012
0.0108
0.0022
0.0176
0.0022
0.0026
0.0018
0.0048
0.0016
0.0012
0.0026
0.0118
0.0026
0.0048
0.0012
0.0022
0.0014
0.0024
0.003
0.0018
0.004
0.0122
0.0014
0.002
0.0016
0.0016
0.0012
0.0036
6e-04
0.0036
0.0078
6e-04
0.0012
0.001
6e-04
0.001
0.0038
0.0262
0.0034
0.0018
0.0168
0.002
0.002
0.0058
0.0018
0.002
8e-04
0.0018
0.003
0.001
0.0018
0.0028
0.0046
0.0016
0.0016
0.0014
0.0022
0.0104
0.0436
8e-04
0.001
0.0066
0.012
0.0036
0.0016
0.002
0.002
0.002
0.0022
0.0694
0.0028
0.0158
0.0014
0.0016
0.0026
0.0078
0.0012
0.0022
0.0014
0.012
0.0012
0.0012
0.0052
0.0296
0.0028
0.001
0.0014
0.0046
0.0016
0.0018
0.052
0.002
0.0024
0.0028
0.002
0.0018
0.0206
0.0026
0.0016
0.0038
0.0128
0.015
0.0274
0.0014
0.0018
0.0036
0.0024
0.0012
0.0022
0.0086
0.0026
0.0028
0.0018
0.0142
0.0112
0.002
0.0012
0.0026
0.0016
0.0162
0.0062
0.0138
0.002
0.002
8e-04
0.0042
0.0036
6e-04
0.0286
0.003
0.254
0.0022
0.0322
0.0016
0.0036
0.0024
0.013
0.002
0.0014
0.004
8e-04
0.0016
0.002
0.0028
0.0186
0.0018
0.0072
0.0028
0.0014
0.0014
0.0016
0.0012
0.0028
0.0012
0.0026
0.004
0.0016
0.0016
0.0166
0.002
0.0022
0.0022
0.0016
0.003
0.0118
0.002
8e-04
0.006
0.0034
0.0038
0.0014
0.0016
0.0024
0.0022
0.001
0.0026
0.0016
0.002
0.0018
0.0022
0.0022
0.0128
0.001
0.0036
0.0018
0.0036
0.002
0.0028
0.0036
0.0036
0.0022
0.0022
0.0168
0.003
0.0034
0.0022
0.0028
4e-04
0.0026
0.001
0.0024
0.0016
0.0016
0.0034
0.0014
0.0014
0.0014
0.0014
0.0014
0.0026
0.0014
0.0026
0.0026
0.0012
0.0018
0.0016
0.0034
0.0022
0.0026
0.0108
0.0026
0.0024
0.0022
8e-04
0.001
0.0034
0.002
0.0016
0.0026
0.0018
0.0018
0.0026
0.0066
0.0014
0.002
0.0018
0.0522
0.0032
0.003
0.0192
0.0024
8e-04
0.0388
0.056
0.0028
0.0036
0.0184
0.0094
0.0298
1
0.0286
0.001
0.0156
0.002
0.003
0.0066
0.0026
0.0376
0.0058
0.0022
0.0028
0.006
0.0014
0.0062
0.0024
0.0042
0.0022
0.0026
0.001
0.0792
0.0038
0.0612
0.0044
6e-04
0.0012
0.0256
0.0016
0.0018
0.0034
0.0266
0.0026
0.004
0.0022
0.0012
0.0022
0.0022
0.0014
0.0014
0.0122
0.002
0.0048
0.002
0.0174
0.0024
0.0022
0.004
0.0014
0.0022
0.0016
0.001
0.0018
0.0022
0.0016
0.0016
0.0016
0.014
0.0012
0.0024
0.0014
0.0514
0.0156
0.0038
0.003
0.0036
0.0028
0.0012
0.0012
0.0224
0.001
0.0038
0.0168
0.0014
0.001
0.0164
0.0014
0.0418
6e-04
0.0022
0.0012
0.0016
0.0038
0.001
0.0012
0.0028
0.0016
0.0098
0.0546
0.0032
0.019
0.0018
0.0044
0.001
0.066
0.004
0.0024
0.016
0.002
0.0274
0.0026
0.0018
0.002
0.0022
0.007
0.0086
0.0016
0.0018
0.002
0.0264
0.0028
0.002
0.0992
0.0028
8e-04
0.0154
0.0016
0.0024
0.0028
0.0034
0.0018
0.0028
0.0012
0.0044
0.003
0.0012
0.0016
0.0024
0.0382
0.0066
0.0038
0.0404
0.0014
0.0376
0.666
0.0064
0.0026
0.0018
0.0034
0.0186
0.0028
0.0072
0.016
0.0014
0.0058
0.029
0.0034
0.0158
0.004
0.0038
0.0012
0.0046
0.0086
0.0064
0.002
0.0018
0.009
0.0028
8e-04
0.0138
0.0012
0.0104
0.0028
0.0152
0.011
0.0062
0.0052
0.002
0.0028
0.0118
0.001
0.0202
0.0044
0.0028
0.0018
0.0012
0.0342
0.025
0.0026
0.003
0.0464
0.0016
0.0202
0.0016
0.0032
0.0198
0.001
0.0748
0.0042
0.0024
0.001
0.0012
0.0024
0.0018
0.003
0.0736
0.0018
0.0012
0.001
0.002
0.0026
0.0014
0.0048
0.0222
0.0036
0.0064
0.006
0.0252
0.0022
0.0082
0.0018
0.0054
0.029
0.0012
0.0036
0.0012
0.0714
0.0106
0.0032
0.0066
0.01
0.0024
0.0066
0.0012
0.003
0.0038
0.003
0.0294
0.0274
0.0048
0.0202
0.003
0.0026
0.3252
0.0034
0.0038
0.0016
0.0024
0.0018
0.0034
0.0048
0.0024
0.0036
0.0016
0.0204
0.0026
0.0028
0.0014
0.0042
0.0028
0.0106
0.0012
0.0022
0.005
0.0032
0.0102
0.0018
0.002
0.0376
1
0.0012
0.001
0.0024
0.0028
0.0054
0.0016
0.001
0.0014
0.009
0.0026
0.0028
0.0024
0.0242
0.0192
0.0316
0.0122
0.006
0.003
6e-04
0.0016
0.0016
0.0018
0.0022
0.0078
0.0014
0.0012
0.0014
0.0016
0.0036
0.0022
0.002
0.0038
0.0268
0.0024
0.001
0.0026
0.0022
0.0018
0.0408
0.0368
0.0036
0.0704
0.0034
0.0068
0.0048
0.031
0.0026
0.0382
0.0024
0.847
0.001
0.0026
0.0036
0.003
0.0586
0.0022
0.0026
0.0018
0.0022
0.001
0.0014
0.003
0.0014
0.0556
0.0014
0.002
0.0074
0.0016
0.0022
0.0012
0.0016
0.0014
0.0028
0.0042
0.0012
0.0394
0.0752
0.004
0.036
0.0152
0.0044
0.0012
0.001
0.0036
0.0014
0.0012
0.001
0.031
0.0038
0.0156
0.0086
0.002
0.0024
0.0026
0.0028
0.002
8e-04
0.001
0.0012
0.0052
0.0026
0.0022
0.002
0.0014
0.0094
0.0026
0.002
0.0076
0.0012
0.0058
6e-04
0.0078
0.0022
0.0326
0.003
0.0028
0.001
0.001
0.003
0.0026
0.0014
0.0354
0.006
0.0048
0.0014
0.0022
0.0034
0.0044
0.004
0.0012
0.1308
0.0268
0.0024
0.0032
0.002
0.0014
0.0066
0.0028
0.0028
0.0018
0.0146
6e-04
0.0024
0.0024
0.0034
0.0024
0.0016
0.0022
0.0014
0.0062
0.0024
0.0146
0.0034
0.005
0.0022
0.0268
0.0032
0.002
0.0028
0.0024
0.04
0.0044
0.0018
0.0296
0.0032
0.0112
0.0048
0.0034
0.0016
0.0578
0.172
0.0066
0.0046
0.0092
0.005
0.0022
0.0932
0.0768
0.0018
0.0034
0.0094
0.0026
0.0012
0.0032
0.044
0.0042
0.002
0.0036
0.0038
0.004
0.002
0.0022
0.0032
0.0256
0.0014
0.0012
0.001
0.0014
0.0014
0.0054
0.0024
0.0346
0.01
0.0126
0.0192
0.0022
0.0022
0.0016
0.0254
0.012
0.001
0.0028
0.0106
0.0242
0.0246
0.002
0.0016
0.0094
0.0012
0.0022
0.0042
0.002
0.0018
0.0208
0.0054
0.0024
0.0016
0.0038
0.0016
0.0042
0.0022
0.0016
0.0024
0.0046
0.001
0.0026
0.0516
0.0282
0.001
0.0046
0.0054
0.0616
0.0016
0.0024
0.0114
0.0024
0.0042
0.0296
8e-04
0.0182
0.004
0.0016
0.0012
0.001
0.0018
0.0022
0.0024
0.012
0.002
0.0014
0.0088
0.0024
0.0026
0.0034
0.02
0.0016
0.001
0.024
0.0034
0.0134
0.0072
0.0016
0.0018
0.0026
0.143
0.0022
0.0028
0.0016
0.0016
0.0014
0.001
0.002
0.0016
0.0018
0.0022
0.0098
0.0032
0.0018
0.0024
0.0026
0.0026
0.0068
8e-04
0.0034
0.1264
0.001
0.0024
0.0018
0.0028
0.0032
0.002
0.0018
0.0016
0.0016
0.0026
0.003
0.0032
0.0046
0.001
0.0016
0.0034
0.0058
0.0034
6e-04
0.002
0.025
0.0034
0.0018
0.0332
0.003
0.0012
0.012
0.0024
0.0018
0.0266
0.0014
0.0014
0.0022
0.0032
0.0022
0.0564
0.0142
0.004
0.0014
0.0164
0.0034
0.0044
0.0092
0.007
0.001
0.0068
0.0044
0.0022
0.0038
0.0058
0.0134
0.0016
0.0014
0.0024
0.002
0.0016
0.0024
0.0058
0.02
0.0012
0.0042
0.0026
0.012
0.0022
0.0146
0.0012
0.0026
0.0032
0.002
0.005
0.0022
0.0018
0.01
0.0016
0.003
8e-04
0.0012
0.0082
0.003
0.0026
0.1508
0.002
0.0024
0.0164
0.0056
0.0016
0.0036
0.0028
0.0036
0.0024
0.0124
0.002
0.0024
0.0016
1
0.0046
0.003
0.0042
0.001
0.0046
0.0064
0.0114
0.002
0.0022
0.0034
0.0052
0.0016
0.0022
0.0018
0.0532
0.0018
0.0012
0.004
0.0034
0.0018
0.0018
0.0018
0.0024
0.0054
0.0024
0.0018
0.0036
0.0046
0.003
0.0026
0.0288
0.0036
0.0016
0.0066
0.1048
0.0022
0.048
0.0018
0.003
0.003
0.0046
0.0056
0.002
0.0026
0.0084
0.0078
0.002
0.0016
0.0022
0.067
0.0052
0.002
0.0366
0.0012
0.0058
0.003
0.0076
0.01
0.0014
0.0446
0.0026
0.0046
0.0018
0.0022
0.004
0.0066
0.0098
0.001
0.1196
0.002
0.0014
0.0012
0.0146
0.0014
0.0024
0.0046
0.024
0.002
4e-04
0.0042
0.0212
0.0022
0.0028
0.001
0.0052
0.0096
0.0028
0.0178
0.0022
0.0032
0.0218
0.001
0.0098
0.005
0.0024
0.0068
0.0036
0.0018
0.0028
0.0044
0.009
0.0018
0.0038
0.003
0.0042
0.0018
0.2516
8e-04
0.0044
0.003
0.0094
0.004
0.0352
0.0114
0.0046
0.0016
0.0062
0.002
0.0268
0.0018
0.0156
0.003
6e-04
0.002
0.0146
0.0044
0.0014
0.0024
0.0016
0.0046
0.0072
0.0022
0.001
0.0038
0.0112
0.0024
0.002
0.0028
0.0038
0.002
0.0024
8e-04
0.005
0.0062
0.0034
0.0018
0.337
0.004
0.0052
0.0036
0.0016
0.015
0.0056
0.0092
0.003
0.0034
0.0012
0.0052
0.0024
0.0016
0.0098
0.0028
0.0034
0.0034
0.0012
0.0034
0.0034
0.002
0.002
0.0044
0.0032
0.0022
0.013
0.002
0.9998
0.0062
0.0316
0.0014
0.001
0.0364
0.0016
0.004
0.0202
0.0036
0.0018
0.0026
0.0018
0.0056
0.003
0.1334
0.0052
0.0016
0.0048
0.0074
0.0478
0.0022
8e-04
0.0154
0.0438
0.0012
0.0012
0.0074
0.0024
0.0058
0.0036
0.0084
0.0038
0.0014
0.0178
0.0048
0.0104
8e-04
0.0026
0.0086
0.0028
0.0078
0.0014
0.002
0.0108
0.0096
0.0024
0.007
0.0104
0.0016
0.0052
0.0124
0.0052
0.0018
0.0026
0.005
0.003
0.0022
0.0026
0.0064
0.0036
0.0266
0.0064
0.002
2e-04
0.003
0.0024
0.0016
0.0016
0.0014
0.0026
0.0018
0.001
0.0166
0.0028
0.0328
0.0036
0.0016
0.0012
0.0014
0.015
0.016
0.0132
0.0026
0.0098
1
0.0058
0.0114
0.0132
0.2008
0.0036
0.0028
0.0014
8e-04
0.0176
0.002
0.0016
0.0028
0.0012
0.0078
0.0014
0.0144
0.0044
0.0032
0.0072
0.003
0.0024
0.0026
0.0016
0.0058
0.0862
0.0162
0.0024
0.0012
0.0016
0.0012
0.003
0.002
0.002
0.0014
0.0138
0.0014
0.0018
0.0246
0.0016
0.0026
0.0062
0.0084
0.009
0.0176
0.0188
0.017
8e-04
4e-04
0.0732
0.0148
0.0212
0.0022
0.0074
0.0184
0.175
0.0054
0.0314
0.0026
0.0026
0.0038
0.0034
0.0044
0.0094
0.0114
0.0012
0.0016
0.024
0.0034
0.0452
0.0016
0.0058
0.017
0.0016
0.0192
8e-04
0.0026
0.0018
8e-04
0.01
0.0056
0.001
0.0198
0.0024
0.0018
0.0198
0.004
0.0038
0.004
0.0336
0.0028
0.007
0.005
0.0076
0.0022
0.0068
0.0064
0.0024
0.0204
0.015
0.0032
0.0204
0.0066
0.0038
0.0012
0.0356
0.002
0.0064
0.0022
0.0274
0.0014
0.004
0.0022
0.004
0.0058
0.0032
0.0024
8e-04
0.0104
0.0076
0.0076
0.0172
0.0026
0.0012
0.003
0.0124
0.066
0.003
0.013
0.0018
0.0028
0.0504
0.1974
0.0028
0.0014
0.0014
0.0852
0.005
0.001
0.0148
0.008
0.0028
0.004
0.0256
0.8326
0.0032
1
0.0128
0.0056
1
0.0248
0.0224
0.0064
0.053
0.0016
0.0026
0.0178
0.003
0.0022
0.0152
0.0032
0.0014
0.002
0.002
0.0252
0.0012
0.0022
0.002
0.004
0.0668
0.0018
0.997
0.2696
0.001
0.002
0.0186
0.001
6e-04
0.0738
0.0028
0.0074
0.002
0.0048
0.0012
0.0072
0.046
0.1188
0.0032
0.002
8e-04
0.0036
0.002
0.0046
0.0028
0.0026
0.0016
0.0086
0.0022
0.003
0.0036
0.004
0.0088
0.0088
0.011
0.0016
0.0028
0.0048
0.0018
0.016
0.0036
0.0254
0.0024
0.0042
0.0094
0.0072
0.0148
0.0014
0.0076
0.0144
0.0022
0.0048
0.0058
0.0234
0.0064
0.0048
0.1184
0.0016
0.0022
0.0018
0.0024
0.003
0.0012
0.0146
0.0034
0.006
0.0062
0.0772
0.0036
0.0012
0.001
0.0156
0.002
8e-04
0.0024
0.0014
0.0018
8e-04
0.0266
0.003
0.0054
1
0.1398
0.0034
1
0.0014
0.0062
0.1036
0.0012
0.0052
0.002
0.002
0.0018
0.0028
0.0142
0.002
8e-04
0.0962
0.0156
0.0108
0.0024
0.0056
0.001
0.0084
0.4282
0.038
0.024
0.0014
0.0136
0.0042
0.0022
0.0088
0.0018
0.5816
0.002
0.0066
0.001
0.001
0.0152
0.0084
0.002
0.0042
0.002
0.0016
0.0032
0.001
0.0044
0.002
0.001
0.0012
0.0024
0.009
0.0044
0.0018
0.4774
0.0022
0.0058
0.039
1
0.002
0.0086
0.0034
0.0358
0.012
0.0032
0.0046
0.0318
0.0296
0.0308
0.0236
0.5648
0.0082
0.0014
0.013
0.0196
0.0094
0.0032
0.001
0.0166
0.002
0.0016
0.0018
0.0014
0.0066
0.0376
0.0096
0.0084
0.014
0.0212
0.001
0.0016
0.0024
0.0036
0.0658
0.0434
0.0158
1
0.0074
0.0214
0.0016
0.0022
1
0.03
0.0018
0.0022
0.0128
0.0016
0.0024
0.0068
0.0144
0.0024
0.002
0.0026
0.0018
0.006
0.0024
8e-04
0.0046
0.0024
0.002
0.002
0.0074
0.002
0.0552
0.0062
0.3498
0.0266
0.0324
0.002
8e-04
0.0016
0.0022
0.0018
0.002
0.003
8e-04
0.0038
0.0014
0.0054
8e-04
0.0018
0.2286
0.0198
0.0016
0.0012
0.0026
0.0034
0.9528
0.0018
0.0022
0.0124
0.0024
0.0028
0.0032
0.0018
0.0048
0.0238
0.001
0.002
0.0018
0.003
0.0226
0.0064
0.0034
0.001
8e-04
0.0034
0.0016
0.0158
0.002
0.0016
0.002
0.0048
0.0354
0.0334
0.0034
0.0336
0.0056
0.0022
0.002
0.0128
0.003
0.0014
0.0244
0.0096
0.0012
0.0078
0.0088
0.0078
0.0346
8e-04
0.415
0.0058
0.0024
0.8422
0.0018
0.0026
0.0522
0.0196
0.003
0.002
0.0094
0.0078
0.0198
0.0598
0.0024
0.0068
0.021
0.008
0.0098
0.0048
0.0012
8e-04
0.0278
0.0116
0.018
0.0236
0.0132
0.0026
0.0044
0.0044
0.0012
0.0054
0.0032
0.0046
0.0074
0.016
0.002
0.0016
0.0166
0.3398
0.002
0.0064
0.0122
