0.0386
0.0468
0.381
0.4506
0.0238
0.835
0.9998
0.0182
0.0114
0.0322
0.1208
0.0158
0.0158
1
0.9928
0.0544
0.0182
0.0416
0.1032
0.014
0.0274
1
0.0174
0.016
0.016
0.0152
1
0.0256
0.0972
0.0672
1
0.0206
0.0246
0.022
0.0164
0.0206
0.0272
0.0126
0.02
1
0.0106
0.0176
0.0208
0.0286
0.113
0.019
0.0164
0.0208
0.0156
0.0172
0.0136
0.0154
0.1334
1
0.7026
0.0146
0.388
0.0214
0.0176
0.043
0.0126
0.0146
0.0178
0.0168
0.0158
0.0142
0.9884
0.0156
0.0142
0.062
0.0168
0.0168
0.0176
0.0196
0.0154
0.0172
0.0274
0.0316
0.0158
0.0156
0.0236
0.0314
0.0166
0.021
0.0232
0.0378
0.0164
1
0.024
0.423
1
0.0158
0.0186
0.1364
0.0182
0.1314
1
0.0188
0.0266
0.019
1
0.0152
1
0.021
0.1718
1
0.9844
1
0.0178
0.0196
0.0222
0.0792
0.0178
0.1464
0.0172
0.0194
0.998
0.016
0.027
0.0214
0.9664
0.026
0.018
0.0156
1
1
0.0156
0.3688
0.0286
0.0252
1
0.2224
0.0182
0.9972
0.019
0.0284
0.044
1
0.0782
0.2924
0.0128
0.016
0.0298
0.0172
0.037
0.0146
0.1802
0.0208
1
0.127
0.0154
0.0182
0.078
0.0176
0.081
0.0302
1
0.02
0.0374
0.0194
0.0142
0.0208
0.0348
0.014
0.0136
0.072
0.3096
0.0194
0.0188
0.0238
0.0176
0.0202
0.0186
0.016
0.0184
0.996
0.0104
0.0216
0.0968
0.0152
0.012
0.0162
0.0164
0.013
0.016
0.019
0.0238
0.0244
0.1012
0.0114
0.014
0.0434
0.0126
0.016
0.0218
0.0172
0.0192
0.0158
0.016
0.0178
0.0272
0.0368
0.044
0.0566
1
0.0162
0.0154
1
0.0156
0.0954
0.0168
1
0.0256
0.0174
0.9998
1
0.0138
0.0176
0.0204
0.035
0.0146
0.6928
0.0714
0.0232
0.0326
0.0234
0.0282
0.0292
0.0684
0.0278
0.025
0.0258
0.0386
0.2526
0.021
0.2266
0.0216
0.0186
0.0138
0.0326
0.0176
0.0416
1
0.2784
0.026
0.0152
0.0178
0.0282
0.2116
0.0264
0.0156
0.0198
0.0242
0.0144
0.3996
1
0.0154
0.0174
0.083
0.0868
0.0276
0.0228
0.7284
0.0192
0.0188
0.0154
0.0168
0.0154
0.2148
0.0202
1
0.0152
0.025
0.0288
0.022
0.0674
0.0706
1
0.0138
0.9822
0.0184
1
0.0156
0.7558
0.225
0.025
0.581
0.0154
0.0138
0.02
0.014
1
0.9962
0.023
0.0446
0.0128
0.0168
0.0186
0.0156
0.0162
0.0226
0.0666
0.7694
0.0338
1
0.015
1
0.157
0.5544
0.038
0.021
0.016
0.0372
1
0.0144
0.0146
1
0.0142
0.0122
0.0158
0.0128
1
0.046
0.0204
0.0166
0.0188
0.022
0.037
0.0324
0.2542
0.0128
0.014
0.0198
0.0128
0.0174
0.0306
0.0254
0.014
0.054
0.0126
0.0298
0.112
0.0166
0.0158
1
0.0312
0.016
0.0182
0.0686
0.027
0.4186
0.0248
1
0.025
0.03
0.0162
0.022
0.0208
0.027
0.0172
0.0122
0.013
1
0.0744
0.029
0.0528
0.0194
0.0124
1
0.055
0.0204
0.0652
0.0242
0.0152
0.011
0.0124
0.022
0.0108
0.0172
0.0196
0.0188
0.0266
0.0434
0.014
0.0208
1
0.0208
0.0272
0.018
0.0172
0.0132
0.0176
0.016
1
0.5188
1
0.9676
0.0138
0.024
0.915
0.0244
0.027
0.0338
0.03
0.0192
0.0406
0.0198
0.138
0.0166
0.017
0.0236
1
0.0152
0.0208
0.0162
0.0186
0.0212
0.0298
0.0244
1
0.0316
0.024
0.0266
0.0148
0.0238
0.0162
0.0128
0.013
0.1106
1
0.015
0.7696
0.0228
1
0.0186
0.0138
0.0266
0.0232
0.0192
0.0308
0.0128
1
0.8886
0.0242
1
0.032
0.0146
0.0138
1
0.0222
0.022
0.0978
0.015
0.0246
0.0292
1
0.0162
0.0274
0.9992
0.0142
0.0206
0.0134
0.013
0.0168
0.0164
0.0266
0.04
0.0388
0.0282
1
0.0212
0.1458
0.0174
1
0.0192
0.0554
0.0368
0.027
0.1108
0.0204
0.0424
0.0508
0.1146
0.0188
0.0182
0.0462
0.6922
1
1
1
0.0164
0.015
1
0.0258
1
1
0.031
0.0216
0.0624
0.3208
1
0.0148
0.8604
1
1
0.0246
0.0314
1
0.0148
0.0494
0.0214
0.018
0.0306
0.0478
0.0134
0.0192
0.0162
0.0128
0.0198
0.7272
0.1354
0.0168
0.5924
0.0168
0.0462
0.0136
0.0234
0.3804
0.0264
0.0172
