0.0138
0.0084
0.0216
0.03
0.0132
0.0056
0.0056
0.0054
0.0078
0.0042
0.0054
0.0064
0.0128
0.0102
0.0056
0.0052
0.0044
0.0036
0.0116
0.004
0.0074
0.0096
0.0138
0.0054
0.0058
0.0054
0.0076
0.0072
0.0092
0.0042
0.0192
0.0056
0.0046
0.007
0.0064
0.0088
0.0036
0.0068
0.0066
0.022
0.0044
0.0134
0.004
0.0096
0.021
1
0.0112
0.0278
0.0094
0.0046
0.0092
0.004
0.0042
0.0046
0.0136
0.012
0.0058
0.0124
0.0064
0.0196
0.0076
0.0056
0.0128
0.0172
0.011
0.0068
0.0056
0.0078
0.0098
0.007
0.0058
0.0046
0.0064
0.0198
0.0154
0.0466
0.391
0.0086
0.0102
0.0456
0.0088
0.0208
0.0106
0.009
0.0076
0.0144
0.0054
0.0076
0.0236
0.0082
0.0052
0.0146
0.0052
0.006
0.0148
0.9052
0.005
0.015
0.0116
0.0066
0.0174
0.0054
0.008
0.0138
0.0056
0.0076
0.0072
0.0126
0.0064
0.004
0.0044
0.006
0.018
0.0074
0.0066
0.0142
0.0048
0.0086
0.007
0.006
0.005
0.0156
0.0044
0.0104
0.0044
0.0422
0.005
0.0048
0.009
0.0088
0.012
0.0118
0.007
0.0108
0.0068
0.0046
0.0084
0.3872
0.0086
0.003
0.008
0.0098
0.0054
0.0082
0.006
0.0034
0.0054
0.0118
0.0072
0.0056
0.0044
0.0258
0.0052
0.0078
0.008
0.0062
0.0048
0.0066
0.023
0.0744
0.005
0.0042
0.0074
0.0042
0.0094
0.0076
0.0062
0.0056
0.009
0.0036
0.0334
0.0048
0.0096
0.005
0.0058
0.0088
0.0134
0.0066
0.0158
0.0094
0.005
0.0644
0.0036
0.0062
0.0058
1
0.0228
0.0058
0.0072
0.018
0.004
0.0062
0.031
0.0172
0.0068
0.0046
0.0078
0.009
0.0092
0.0094
0.0108
0.0046
0.005
0.0052
0.0116
0.0056
0.008
0.0108
0.0056
0.0036
0.0048
0.004
0.006
0.0054
0.0084
0.1798
0.01
0.0092
0.0488
0.0042
0.0052
0.0084
0.0458
0.0096
0.0128
0.006
0.0196
0.0044
0.008
0.0064
0.0092
0.0198
0.0052
0.0086
0.0158
0.0254
0.0072
0.0224
0.0024
0.0072
0.0046
0.0046
0.0058
0.0046
0.0094
0.0706
0.0232
0.007
0.0042
0.012
0.024
0.0102
0.006
0.0084
0.01
0.0086
0.009
0.005
0.0086
0.0194
0.0086
0.0064
0.0084
0.0098
0.0062
0.0034
0.0068
0.0268
0.0078
0.0612
0.0064
0.0074
0.0048
0.007
0.007
0.0514
0.0114
0.0106
0.0046
0.0038
0.0184
0.0134
0.006
0.0046
0.01
0.007
0.0172
0.0184
0.0062
0.0052
0.0104
0.0068
0.0058
0.0064
0.0058
0.0042
0.007
0.0226
0.0072
0.0124
0.0076
0.0038
0.0082
0.0036
0.0042
0.0102
0.0032
0.0074
0.0196
0.0056
0.0048
0.0676
0.008
0.006
0.0112
0.0094
0.0028
0.0116
0.0088
0.0092
0.005
0.0096
0.0248
0.0064
0.009
0.0112
0.0056
0.0118
0.0086
0.0096
0.0044
0.0066
0.0038
0.0046
0.0054
0.0146
0.0078
0.0062
0.0076
0.0102
0.0034
0.0062
0.0084
0.003
0.0064
0.005
0.0368
0.0142
0.0038
0.0174
0.0052
0.01
0.0086
0.0124
0.0036
0.0066
0.0076
0.0046
0.008
0.0056
0.005
0.0046
0.011
0.0054
0.009
1
0.014
0.0056
0.3842
0.0104
0.0112
0.0044
0.007
0.0088
0.0094
0.0052
0.0072
0.0032
0.011
0.0082
0.0076
0.0078
0.0094
0.0048
0.0054
0.064
0.0048
0.0064
0.0074
0.0094
0.0076
0.0036
0.0056
0.0058
0.0084
0.006
0.0036
0.0092
0.0042
0.0072
0.0068
0.0086
0.0092
0.0064
0.0086
0.0044
0.0106
0.6848
0.0054
0.0062
0.0058
0.0186
0.0072
0.0056
0.0098
0.0062
0.0086
0.0194
0.0054
0.0052
0.009
0.0062
0.0068
0.0092
0.0076
0.0624
0.0042
0.0086
1
0.0038
0.005
0.0146
0.0202
0.0112
0.0058
0.0044
0.0064
0.554
0.0036
0.009
0.0042
0.0346
0.008
0.0058
0.0142
0.0042
0.005
0.0076
0.0048
0.0048
0.0064
0.0138
0.0044
0.0156
0.0074
0.0064
0.0076
0.005
0.0064
0.0064
0.006
0.0068
0.0052
0.007
0.0058
0.0072
0.0048
0.0174
0.005
0.012
0.0228
0.0102
0.0078
0.0058
0.006
0.0056
0.0074
0.0018
0.007
0.0058
0.008
0.0532
0.01
0.0068
0.0244
0.0058
0.0218
0.0034
0.0028
0.0032
0.0028
0.8086
0.0046
0.0072
0.0148
0.0088
0.9908
0.0106
0.0464
0.0068
0.0088
0.0042
0.0032
0.0038
0.0038
0.0056
0.0242
0.005
0.0096
0.0046
0.009
0.0122
0.8054
0.0052
0.007
0.0056
0.0056
0.004
0.0062
0.0042
0.004
0.0062
0.011
0.0076
0.01
0.0088
0.0068
0.0094
0.0106
0.015
0.0104
0.0594
0.011
0.0054
0.0176
0.356
0.0168
0.0052
0.0414
0.0064
0.0064
0.0058
0.009
0.01
0.0064
0.0068
0.7086
0.0074
0.0102
0.026
0.0068
0.012
0.0082
0.0036
0.01
0.032
0.0162
0.101
0.0178
0.0058
0.0066
0.006
0.013
0.005
0.0038
0.0086
0.0092
0.008
0.0062
0.0032
0.0056
0.0062
0.0152
0.004
0.0188
0.5876
0.01
0.0194
0.0154
0.0038
0.0058
0.0062
0.0136
0.0058
0.0048
0.005
0.0094
0.008
0.0076
0.0038
0.091
0.0046
0.0106
0.0176
0.4572
0.0066
0.003
0.205
0.0076
0.008
0.0126
0.0044
0.0044
0.0092
0.0054
0.0104
0.0088
0.0368
0.004
0.0188
0.0214
0.0732
0.0118
0.007
0.025
0.0482
0.0184
0.0046
0.0106
0.0122
0.006
0.0364
0.0062
0.01
0.006
0.0058
0.0086
0.0064
0.0058
0.0218
0.005
0.0062
0.0196
0.0372
0.0074
0.0064
0.007
0.0046
0.0122
0.0054
0.0042
0.0242
0.0084
0.0034
0.2038
0.0374
0.0058
0.0066
0.0138
0.007
0.0056
0.0094
0.997
0.0058
0.0132
0.009
0.0106
0.0062
0.012
0.0048
0.0096
0.0134
0.0066
0.0042
0.0076
0.011
0.0122
0.1876
0.0088
0.0292
0.0058
0.0066
0.0036
0.0048
0.0118
0.0064
0.0092
0.0086
0.0088
0.2582
0.006
0.0118
0.0088
0.0064
0.0044
0.0032
0.007
0.006
0.0044
0.0062
0.0058
0.008
0.0092
0.0068
0.012
0.0076
0.0052
0.0044
0.0056
0.003
0.0064
0.0038
0.0126
0.0474
0.0126
0.0068
0.0068
0.0046
0.0106
0.0084
0.0884
0.383
0.005
0.0054
0.0058
0.0126
0.0098
0.0078
0.0094
0.0118
0.0486
0.0066
1
0.0204
0.0072
0.0102
0.0178
0.0094
0.004
0.0058
0.0188
0.0054
0.9984
0.9692
0.0102
0.006
0.0086
0.0082
0.0088
0.0094
0.0068
0.01
0.0076
0.0046
0.0058
0.008
0.008
0.0274
0.0174
0.005
0.0052
0.0094
0.0088
0.006
0.0094
0.0066
0.008
0.0136
0.0064
0.011
0.0042
0.0656
0.0054
0.0068
0.02
0.02
0.0088
0.0036
0.1662
0.2152
0.0036
0.0052
0.0048
0.0054
0.1158
0.0072
0.0044
0.0056
