0.0878
0.0032
0.0524
0.0052
1
0.003
0.001
0.0024
0.0054
0.0064
1
0.0094
0.0266
0.0142
0.0014
0.9482
0.0102
0.0538
0.1694
0.0068
0.004
0.0052
0.0062
0.014
0.004
0.0318
1
0.0062
0.038
0.003
0.003
0.0078
0.0038
1
0.0122
0.002
0.0028
0.009
0.0048
0.0044
0.004
0.0014
0.0048
0.0142
0.0014
6e-04
0.0046
0.0494
0.0124
0.0028
0.0288
0.0058
0.0022
1
0.0034
0.002
0.0034
0.0048
0.0042
0.003
0.0032
0.0084
0.0062
0.5974
0.01
0.0042
0.0066
1
0.0022
0.0078
0.005
0.0084
1
0.0028
0.0018
0.003
0.0052
0.022
0.0126
0.002
0.0026
0.0036
0.0032
0.0026
0.0096
0.0068
0.0028
0.0032
0.0104
1
0.0042
0.0062
0.0128
0.0058
0.004
0.013
0.003
0.003
0.0038
0.0048
0.0114
0.0124
0.005
0.0884
0.0036
0.0028
0.0022
0.0026
0.0046
0.0222
0.0022
0.0026
0.0034
0.0046
0.0464
0.006
0.0038
0.0068
0.004
0.0024
0.025
0.0198
1
0.0038
0.0878
0.0022
0.8924
0.0032
0.025
0.3742
0.007
0.0052
0.1082
0.0132
0.011
0.0282
0.0108
0.999
0.0028
0.0532
0.0082
1
0.0038
0.003
0.007
0.008
0.0076
0.0044
0.0068
0.0274
0.0046
0.0024
0.0144
0.9994
0.0194
0.4296
0.0066
0.0084
1
0.0028
1
0.0698
0.0298
0.0066
0.0022
0.0024
0.0066
0.003
0.0104
0.0032
1
0.007
0.002
0.0964
0.0034
0.2028
0.0046
0.0032
0.2348
0.003
0.0034
0.9944
0.0048
1
0.0094
0.0026
0.0116
0.0068
0.8042
0.0012
0.0076
0.0028
0.003
0.0028
0.0046
0.0122
0.0662
0.0126
1
0.0034
0.0028
0.0036
0.0014
0.0276
1
0.0026
0.0374
0.0024
0.0042
0.0754
1
0.0014
0.0018
0.0016
0.0068
0.0024
0.0046
0.0206
0.0042
0.0476
0.003
0.0032
0.0046
0.0024
0.003
1
1
0.0022
0.914
0.0168
0.011
0.9994
1
0.0032
0.0014
0.0038
0.0034
0.0126
0.004
0.0022
0.0044
0.014
0.0026
0.0056
0.01
0.0184
0.0022
0.0082
0.0026
0.0054
0.0388
0.0086
0.0116
0.0336
0.0044
0.0016
0.02
0.0044
0.0162
0.0074
0.0172
0.0036
0.019
0.0024
0.0112
0.084
0.0154
0.0028
0.0024
0.005
0.0066
0.0048
0.0074
0.0066
0.0038
0.0088
0.002
0.0028
0.4546
0.0046
0.0034
0.0042
0.0014
0.0076
0.0778
0.0156
0.0282
0.005
0.0012
0.0024
8e-04
0.0026
0.002
0.0096
0.014
0.003
0.8162
0.0106
0.0016
0.003
0.0048
0.0024
0.0208
0.0232
0.0084
0.002
0.0018
0.0026
0.0054
0.0022
0.014
0.09
0.0024
0.001
0.0066
0.002
0.0078
1
0.002
0.008
0.0074
0.002
0.0026
0.0062
1
0.008
0.0032
1
0.0108
1
0.0054
0.0038
0.003
0.0024
0.011
0.433
0.1206
0.006
0.0066
0.0022
0.0042
0.003
1
0.0038
6e-04
0.0026
0.002
0.0234
0.0034
0.044
1
0.0014
0.0026
0.0044
0.0024
0.005
1
1
0.0146
0.004
0.0046
0.008
0.072
1
0.002
0.6048
0.0042
0.0022
0.0022
0.0482
1
0.0028
1
0.006
0.0086
0.0026
0.0032
0.003
0.0722
0.0028
1
0.0038
0.0046
0.0032
0.0028
0.0032
0.0092
0.003
0.007
0.0026
0.0048
0.0022
0.0028
0.0022
0.0022
0.0026
0.0102
0.0606
0.003
0.0044
0.0026
0.0046
0.0028
0.4964
1
0.0024
0.0024
0.9176
0.004
0.0014
0.005
1
0.0022
0.002
0.0184
0.0056
0.0064
0.0036
0.0836
0.0052
0.0018
0.0032
0.0026
0.0026
0.8082
0.9984
0.0088
0.0066
0.0096
0.0032
0.0034
0.0016
0.0024
0.0076
0.0028
0.8012
0.0024
0.0124
0.0184
0.0014
0.0026
0.004
0.0042
0.003
0.0226
0.0054
0.0058
0.001
0.0032
0.0032
1
0.0032
0.017
0.002
0.016
0.0734
0.0058
0.0062
0.0038
0.0018
0.0028
0.0016
0.0072
0.006
0.0056
0.0148
0.0028
1
0.1226
0.018
0.0026
0.0102
0.006
0.0038
0.0024
0.0028
0.0022
0.999
0.0166
0.002
0.0296
0.0026
