0.9988
0.2542
1
0.0186
0.0268
0.8648
0.031
0.0204
1
1
0.019
0.0334
0.0128
0.332
0.0186
0.0938
0.0154
0.0404
0.0232
0.0166
1
0.04
0.6674
0.0164
0.8
0.0244
0.0166
0.0298
0.0294
0.017
0.023
0.0764
0.2574
0.9998
0.014
0.019
0.0226
0.0144
0.565
0.0174
0.0292
0.0194
0.0154
0.0266
0.0216
0.0204
0.0166
0.0196
0.0326
0.0162
0.0168
0.02
0.0496
0.1312
1
0.0834
0.0258
0.0166
0.0146
0.6148
0.0408
0.019
0.026
0.0338
0.0236
0.0174
0.0188
0.013
0.0552
0.012
0.0138
0.1674
0.1434
0.0478
0.0174
0.025
0.0294
0.0274
0.0364
0.02
1
0.0706
0.0326
0.0168
0.0128
0.0346
0.8846
0.0176
1
0.0184
1
0.021
0.017
0.036
0.0396
0.031
0.0334
0.0162
0.1094
0.0364
0.0246
0.0252
0.0152
0.547
1
0.0312
0.023
0.0268
0.0238
0.0368
0.8008
0.0166
1
0.0146
0.0144
0.0144
0.0174
0.0144
0.6858
0.02
0.5846
0.5302
0.0302
0.0436
0.0252
0.0226
0.0192
1
0.0244
0.0412
0.0162
0.0326
0.0184
0.0178
0.0428
0.0178
1
0.2382
0.0506
0.0156
0.0192
0.0204
0.0174
0.0274
0.0236
0.026
0.0228
0.0164
0.0502
0.0202
1
1
0.0152
0.02
0.0248
0.0174
0.0164
0.0166
1
0.015
0.6728
0.3326
0.0382
0.0286
0.016
0.0484
0.017
0.0492
1
0.017
0.0236
0.0136
1
0.0158
0.0238
0.029
0.0174
0.025
0.0164
1
0.0366
1
0.1186
0.9316
0.0208
0.0186
0.0192
0.0396
0.0258
0.0244
0.0144
0.016
0.0144
0.017
1
0.0214
0.0218
1
0.0168
0.0384
0.0158
0.045
1
0.0242
0.0168
0.0188
0.1222
0.0252
0.038
0.0196
0.152
0.018
0.1128
0.026
0.0186
0.0292
1
0.027
0.0362
0.021
0.0184
0.0184
0.0128
0.0458
0.9986
0.0196
0.02
0.1376
0.016
1
0.0204
1
0.999
0.399
0.0176
0.0206
0.024
0.0244
0.065
0.035
0.0356
0.0256
0.9424
0.0146
0.0166
0.0376
0.964
0.0156
0.0168
0.0338
0.0194
0.0168
0.9926
0.0188
0.993
0.9896
0.1038
0.0166
0.1
1
0.0376
0.7822
0.022
0.0152
0.1216
0.9998
0.6366
0.0266
0.106
0.0268
0.016
0.0658
0.042
1
0.0128
0.0364
0.0172
1
1
0.0296
0.017
0.0154
0.0366
0.0318
0.018
0.1244
0.0254
0.018
0.0186
1
0.0692
0.0308
0.0234
0.041
0.051
0.0142
0.013
0.0492
0.0254
0.0334
0.99
0.0366
0.0134
0.9894
0.0276
0.0194
0.0414
0.0214
0.0294
0.275
0.0876
0.02
0.03
0.094
0.5338
0.0174
1
0.0384
0.019
1
0.0132
0.0218
1
0.0274
0.0152
0.6482
0.0296
0.027
0.9824
0.9904
0.0318
0.0214
1
0.0418
0.0298
0.021
0.9792
0.108
0.0272
1
0.0224
0.0226
0.0258
0.0206
0.017
0.0162
0.0192
0.0162
0.9982
0.0236
0.057
0.0174
0.0902
0.9262
0.0148
0.0168
0.0614
0.02
0.0136
0.0198
1
0.0152
1
0.3154
0.0228
0.0162
1
0.0142
0.094
0.0284
0.0242
0.0298
0.6818
0.0148
0.0344
0.0354
1
0.4628
0.334
0.0142
0.015
0.0222
0.492
0.0144
0.0818
1
0.0184
0.0126
0.0262
0.35
0.0252
0.0194
0.031
1
0.019
0.0174
0.0204
0.0174
0.0192
0.0226
1
0.9006
0.0172
0.0172
0.9966
0.0144
0.5566
0.9498
0.7592
0.0328
0.04
0.0312
0.0244
0.8546
0.063
0.4302
0.0194
0.0332
0.0262
0.0264
0.0924
0.1244
0.096
0.0626
0.0478
1
0.1412
1
0.0194
0.3108
0.9996
0.2106
0.0162
0.0156
0.0462
0.9708
0.0618
0.0194
0.0488
0.9884
0.0272
0.0154
0.0208
1
0.1116
1
0.0188
0.9832
0.0972
0.4454
0.3932
0.0226
0.0256
1
0.0484
1
0.0174
0.0264
0.016
0.0188
0.1214
0.9984
0.4014
0.0176
0.0162
0.3188
0.0308
0.0174
0.7406
1
0.105
1
0.0188
0.0298
0.2414
0.0322
0.0564
0.0314
0.0214
0.0176
0.0126
0.0212
0.0144
0.0152
0.0326
0.0324
0.5572
0.1194
0.018
0.0142
0.0234
0.0238
0.0276
0.0462
0.042
0.0284
0.0246
0.0244
0.013
0.0382
0.0198
0.0148
0.2126
0.0378
0.398
0.097
0.6094
0.016
0.0644
0.0572
0.029
0.0686
0.0256
0.0172
0.0448
0.0508
0.9012
0.026
0.0196
0.0324
0.0632
0.0262
0.0268
0.0374
0.0184
0.0202
0.8524
0.3608
0.1496
0.0412
0.8154
0.2776
0.8938
0.0472
0.1556
0.0222
0.018
0.0164
0.0556
0.6712
0.1606
0.026
0.0138
0.0326
0.0146
0.017
0.0264
0.0234
0.0352
0.143
0.0386
0.5216
0.0144
0.6424
0.1682
1
0.7144
0.8734
0.2304
0.0248
0.3122
0.1024
0.0202
0.3402
0.0256
0.0154
0.024
0.0212
0.0222
0.0678
1
0.0202
0.0254
0.024
0.0178
0.1566
0.019
0.0248
0.1314
1
0.0174
0.0206
0.0188
0.0198
0.0192
0.0176
0.0252
0.0184
1
0.014
0.0438
0.043
0.0762
0.0218
1
0.0158
0.2852
0.0176
0.0258
0.6066
0.018
0.0266
0.0204
0.033
0.023
0.0228
0.2458
0.0208
0.1412
0.0228
0.0194
0.0358
0.0368
0.9492
0.0262
0.4158
1
0.9428
0.0166
0.034
0.0174
1
0.089
0.0156
1
1
0.0214
0.0206
0.024
0.0156
0.023
0.043
0.9942
0.0208
0.6762
1
1
1
0.046
1
0.9648
0.0132
0.0156
0.038
0.0216
0.0186
0.042
0.0298
1
0.0174
0.0154
0.9954
0.0338
0.0242
0.0148
0.0214
0.0158
0.0258
0.0202
0.0128
0.1008
0.0168
1
0.0188
0.0642
0.7128
1
0.0296
0.0256
0.0498
0.3882
0.0172
0.0138
0.015
0.0164
0.057
0.0194
0.0374
0.0236
0.038
1
0.025
0.0144
0.0732
0.0174
0.0172
0.0216
0.0298
0.0344
0.0334
0.021
0.9962
0.018
0.4412
0.0188
0.0246
0.0152
0.0328
0.0188
1
0.019
0.0218
0.0244
0.0144
0.0268
0.9982
0.0404
1
0.0282
0.0502
0.0574
0.0288
0.0252
0.0542
0.0274
0.036
0.0366
0.0152
0.1026
0.8994
1
1
1
0.0572
0.171
1
0.9998
1
0.0308
0.1188
0.0138
0.0154
0.021
0.0322
0.415
0.4102
0.0158
0.0308
0.047
1
