1
8e-04
1
0.0014
0.0052
0.0014
4e-04
1
1
1
0.0012
0.0012
6e-04
1
0.001
0.0072
0.9998
0.0392
1
0
1
6e-04
8e-04
6e-04
0.0032
6e-04
6e-04
2e-04
0.003
0.0012
0.0014
1
1
0.0018
8e-04
0.0014
0.002
0.0018
1
1
0.5266
0.0034
0.0014
2e-04
6e-04
0.001
0.0036
6e-04
4e-04
0.001
0.0026
0.0046
6e-04
0
1
0.0174
0.0054
8e-04
0.0012
1
0.1234
0.001
8e-04
0.0072
0.0092
8e-04
0.001
1
0.001
0.001
0.0168
1
0.0442
0.001
1
8e-04
0.008
6e-04
0.0628
0.0014
1
0.9998
0.0018
2e-04
0.0026
6e-04
0.002
0.0026
1
0.0016
1
1
0.001
0.0044
0.0018
4e-04
0.009
0.003
0.0396
0.0062
6e-04
0.0094
0.028
0
1
8e-04
0.0034
0.0072
8e-04
1
0.007
0.0018
1
0.0074
0.0048
0.0046
6e-04
0.0312
4e-04
0.0036
0.0538
0.0014
0.0032
0.0058
0.015
8e-04
0.7038
1
8e-04
0.0044
0.0188
2e-04
0.0016
0.0022
0.0184
0.0056
1
1
0.9996
1
0.0082
0.0056
0.0014
0.006
0.0028
0.0302
0.0078
1
1
8e-04
1
1
0.0054
0.0018
0.0014
0.0028
0.0038
0.0042
1
1
2e-04
1
2e-04
8e-04
0.0014
0.0188
0.0012
1
1
0.001
0.0132
0.0036
1
6e-04
0.0012
0.0012
0.0016
0.0014
0.0024
1
0
1
0
1
0.002
0.0026
0.0056
4e-04
0.0044
2e-04
0.0084
0.0016
0.0232
0.0054
1
0.0062
0.0016
1
0.0014
0.0312
0.002
0.0378
1
1
8e-04
6e-04
0.0222
4e-04
0.001
0.006
0.0076
2e-04
0.0016
4e-04
1
0.0036
1
0.0064
0.8326
1
6e-04
6e-04
0.0028
0.022
1
0.003
0.0022
0.0018
0.004
1
6e-04
1
1
1
0.002
6e-04
4e-04
1
0.0472
0.0016
0
0.0518
4e-04
0.0014
0.001
0.0012
0.0062
8e-04
6e-04
0.004
0.0018
8e-04
0
4e-04
1
1
1
0.001
8e-04
1
0.028
2e-04
0.0012
0.0012
0.0434
1
0.0026
4e-04
4e-04
0.0114
0.001
0.0326
0.007
1
0.0012
4e-04
4e-04
1
1
0.0022
0.0024
0.0014
6e-04
0.0014
0.0012
0.0028
0
0.0012
4e-04
1
0.0012
0.237
2e-04
0.015
0.0278
0.0068
0.0012
4e-04
8e-04
1
4e-04
0.0098
0.004
1
6e-04
0.001
0
4e-04
0
0.0046
1
0.0012
0.9942
0.0246
1
0.0012
1
6e-04
0.0014
1
0.0018
0.0032
1
0.0022
6e-04
0
0.0106
4e-04
1
1
0.0038
0.0104
1
0.0172
0.002
0.0496
4e-04
0.0028
4e-04
1
0.043
0.9792
0.0052
0.0034
0.0012
0.001
2e-04
0.0012
2e-04
4e-04
0.0196
0.0022
1
1
0.0014
0.5648
0.0274
0.0022
0.001
0.0016
1
0.0268
1
0.0082
0.0016
0.001
1
8e-04
8e-04
0.0084
4e-04
0
1
0.0016
0.0014
0.0028
1
1
0.0036
0
1
0.0034
1
0.0012
0.0164
1
0.003
0.0018
0.0208
0.0016
0
0.0016
0.0028
1
0.001
0.003
4e-04
0.0014
2e-04
0.0052
1
0.003
8e-04
6e-04
4e-04
0
0.0832
0.0028
0
0.0044
8e-04
0.001
6e-04
0
0.001
0.0016
0.0032
2e-04
0.0018
2e-04
0.006
2e-04
0.0012
0.0024
0
1
1
1
8e-04
0.086
1
1
0.0014
0.0022
0.0082
1
1
8e-04
4e-04
2e-04
4e-04
0.0012
0.0026
1
2e-04
1
0.0016
1
4e-04
2e-04
0.0176
0.001
0.0012
1
0.9988
1
8e-04
0.0022
0.0016
0.019
0.4224
0.4988
0
0.8916
0.003
4e-04
0.0042
0.0044
8e-04
1
0
1
0.001
2e-04
0
0.0016
0.003
2e-04
0.0032
0.0034
8e-04
0.0016
0.0238
0.0038
0.001
0.0114
1
0.0028
0.002
0.007
0.1966
0.0122
1
8e-04
8e-04
6e-04
0.0084
0.9938
0.0022
4e-04
0.0022
0.0036
0.003
0.0154
0.0108
0.0254
0.0036
0.001
1
0.0862
0.0128
0.0016
1
0.0024
8e-04
0.002
1
0.0014
0.0198
0
0.0024
0.0082
8e-04
8e-04
4e-04
4e-04
1
8e-04
2e-04
0.001
0
4e-04
2e-04
0.0178
0.0054
0.2972
0.0018
2e-04
2e-04
1
0.0264
0.0032
0.001
0.0094
6e-04
0.0056
0.0022
4e-04
0.001
0.001
0.0022
0.0108
0.8488
1
0
1
8e-04
0
1
1
8e-04
0
2e-04
1
0.0058
0.0014
6e-04
4e-04
0.0058
2e-04
1
6e-04
4e-04
0
0
2e-04
1
1
0.002
1
1
0.0056
8e-04
0.001
0.001
0.0024
0.0012
4e-04
1
0.0032
1
8e-04
1
2e-04
1
0.001
1
0.002
1
1
6e-04
0.0016
0.008
0.0014
0.0036
4e-04
1
0
0.001
2e-04
8e-04
2e-04
1
0
1
1
1
2e-04
0.0016
0.0096
0.0012
1
6e-04
1
1
1
6e-04
0.001
6e-04
0.0122
0.9994
2e-04
1
0.0026
0.0012
1
1
1
0.001
1
1
0.062
2e-04
0.0154
4e-04
0.0012
0.0092
0.012
1
4e-04
0.0066
1
0.0014
0.0018
0.0032
4e-04
8e-04
0.0016
1
8e-04
0.085
8e-04
1
0.002
0.2496
0.999
0.0026
4e-04
0.0086
4e-04
2e-04
0.0034
1
0.0788
0.0032
2e-04
0.0016
4e-04
0.0026
0.003
1
0.0012
0.0024
1
0.0042
0.0018
0.0014
0.0022
6e-04
0
1
1
2e-04
0.0048
0.0224
1
0.0034
0.0016
1
1
8e-04
4e-04
0
0.0016
6e-04
4e-04
2e-04
1
2e-04
1
8e-04
0.001
6e-04
2e-04
0.9988
0
1
0.003
0.0034
4e-04
1
1
1
6e-04
0.0058
1
1
1
0
0
0.0022
1
0.002
0.0018
6e-04
2e-04
0.8386
6e-04
2e-04
1
