0.0136
0.0208
0.985
0.0316
1
0.2546
1
0.0072
0.0084
0.0472
0.0154
0.011
0.0072
1
1
0.0114
0.9956
0.0074
1
0.0106
0.0088
1
0.0194
0.0528
0.0072
0.0066
1
0.0146
1
0.0118
1
0.0134
0.0074
0.0112
0.0056
0.007
0.0106
0.014
0.0264
1
0.0076
0.0052
0.2404
0.0124
0.0068
0.0468
0.0078
0.0348
0.0118
0.014
0.0126
0.0066
0.0434
1
1
0.9798
0.0072
0.0108
0.424
0.0124
0.0072
0.0108
0.008
0.0068
0.0154
0.0118
1
0.0068
0.0072
0.0094
0.087
0.0652
0.0322
0.0204
0.0066
0.0246
1
0.0054
0.0072
0.0072
0.0066
0.0086
0.0064
0.0148
0.01
0.014
0.0078
1
0.049
0.0222
1
0.013
0.1392
0.0146
0.014
0.0286
1
0.0226
0.0088
0.0054
1
0.0096
1
0.01
0.0074
1
1
1
0.0146
0.0078
0.0132
0.0242
0.0058
0.0084
0.0106
0.0088
1
0.0104
0.0188
0.0112
1
0.0174
0.018
1
0.0408
1
1
1
0.0118
0.0078
0.0146
0.0584
0.0246
1
0.0066
0.023
0.0716
1
0.0326
0.036
0.0058
0.0102
0.0058
0.0064
0.0222
0.0122
1
0.0122
1
0.0178
0.0086
0.0102
0.0214
0.0078
0.0116
0.0174
1
0.7552
0.019
0.0084
0.0036
0.018
0.0126
0.0062
0.0066
0.8908
0.0736
0.0082
0.0088
0.0184
0.0088
0.0128
0.0234
0.0146
0.98
1
0.0068
0.0462
0.0064
0.0084
0.0094
0.0098
0.013
0.0098
0.008
1
0.0162
0.0224
0.044
0.0086
0.0148
0.0182
0.0066
0.0158
0.0162
0.0048
0.0098
0.0068
0.0098
0.0086
0.007
1
0.023
0.0068
1
1
0.008
1
0.0074
0.0346
0.0076
1
0.0164
0.008
1
1
0.0076
0.0158
0.0088
0.0204
0.0058
0.011
0.0278
0.0112
0.0094
0.0114
0.034
0.0278
1
0.0072
0.0108
0.0062
0.0184
0.2372
0.0298
1
0.0072
0.0104
1
0.0088
0.0274
0.0456
1
0.047
0.0052
0.071
0.0192
0.0168
1
0.998
0.0054
0.0124
0.0116
0.006
1
1
0.0082
0.0534
0.0696
0.0094
0.0314
0.008
1
0.0122
0.0056
0.0052
1
0.0094
0.037
0.008
1
0.0088
0.0112
0.024
0.014
0.0306
0.0112
1
0.0064
1
0.0102
1
0.0072
1
0.9226
0.01
0.0236
0.0116
0.007
0.0058
0.9852
1
1
0.0176
0.031
0.0054
0.0094
0.011
0.007
0.007
0.0208
0.0258
1
0.01
1
0.0066
1
0.1048
1
0.0076
1
0.007
0.007
1
0.0076
0.0072
1
0.0074
0.008
0.0104
0.0072
1
0.012
0.0424
0.0074
0.0186
0.0486
0.0648
0.015
0.0112
0.0062
0.005
0.0072
0.0078
0.0192
0.0298
0.0126
0.0138
0.0088
0.009
0.0094
1
0.0106
0.009
1
0.0144
0.0106
0.007
1
0.3348
0.0062
0.0346
1
0.0066
0.007
0.007
0.0084
0.0068
0.0612
0.021
1
0.0156
1
0.013
0.0202
0.2114
0.1164
0.0214
1
0.0528
0.006
0.0758
0.014
1
0.008
0.0068
0.0138
0.0086
0.007
0.01
0.5136
0.01
0.0852
0.0088
0.9928
1
0.0058
0.0124
0.0114
0.01
0.0088
0.4018
0.0062
1
0.8012
1
1
0.0072
0.0068
0.0146
1
0.0084
0.0068
0.0072
0.0114
0.9256
0.0084
0.0062
0.0212
0.0074
0.0064
1
0.0132
0.0146
0.0178
0.0066
1
0.0258
0.0498
1
1
0.0104
0.0374
0.015
0.0186
0.005
0.0078
0.0064
0.317
1
0.0096
1
0.0104
1
0.0098
0.0082
0.0072
0.0132
0.0114
0.1016
0.0116
1
1
0.0152
1
0.0218
0.0166
0.008
1
0.0086
0.0084
0.0056
0.0072
0.01
0.0154
1
1
0.0384
1
0.0092
0.0152
0.01
0.0908
1
0.0142
0.012
0.0206
0.0274
0.0056
0.0554
0.0156
0.0066
0.0098
1
0.0052
0.0246
0.7458
0.5072
0.0372
0.0164
0.016
0.0066
0.0094
0.0106
0.377
0.02
0.016
1
1
1
0.0062
0.0092
1
0.0238
1
1
0.0058
0.0216
0.0188
0.041
1
0.0076
0.0174
1
1
0.0152
0.0138
1
0.0062
0.0186
0.0058
0.0034
0.0214
0.9998
0.0116
0.0104
0.0098
0.0106
0.0366
0.0108
0.9004
0.0082
0.008
0.0156
0.007
0.0108
0.0096
0.045
0.4726
0.0076
