0.01
0.0248
1
0.0132
0.032
0.0272
0.0094
0.0172
1
0.0202
0.0094
0.8554
0.0162
0.0612
0.0214
0.0106
0.0114
0.0324
0.013
0.0188
0.018
0.244
0.0098
0.0146
0.016
0.079
0.0458
0.0124
0.0176
1
0.01
1
0.011
0.0172
0.016
0.0208
0.016
0.048
0.024
0.0124
0.0086
0.1484
1
0.0122
0.0148
0.009
0.0086
0.0134
0.0148
0.0334
0.0324
0.0186
0.0146
0.0106
0.0194
0.0182
0.0118
0.0206
0.0128
0.0102
1
0.0072
0.9994
0.013
0.0316
0.0124
1
0.0202
0.0176
0.011
0.0532
0.0646
1
0.0088
0.0066
0.0962
0.0088
0.0082
0.0088
0.0386
0.011
0.0172
0.9866
0.0138
1
0.022
0.0118
0.393
0.027
1
0.0132
0.089
1
0.0096
0.05
0.0082
0.0346
0.0148
0.0092
0.0086
0.0238
0.0142
0.0194
0.0102
0.0086
0.0182
1
0.0088
0.0234
1
0.01
0.011
0.0312
0.132
1
0.0112
0.0104
0.0134
1
0.0084
0.011
0.0098
0.014
0.0084
0.0108
0.2796
0.0094
0.0112
0.0174
1
0.013
0.008
0.0126
0.0126
0.0112
0.0228
0.36
0.0164
0.0116
0.007
0.0094
0.018
0.039
0.0182
0.0356
0.0094
0.0304
0.0104
1
1
0.0382
0.009
0.0234
0.0222
0.0088
0.015
0.0204
0.0164
0.0212
0.009
0.9998
0.0218
0.0078
0.0154
0.0126
0.0078
0.0546
0.0326
0.0136
0.0146
1
0.0174
0.0174
0.0082
0.0116
0.0112
1
0.0108
0.007
0.0126
0.034
0.0184
0.008
1
0.0134
0.027
1
0.0992
0.0122
0.01
0.8588
0.012
0.011
0.0126
0.0304
1
0.0178
0.9976
0.0094
0.0294
0.0074
0.0278
0.0256
1
0.01
0.018
0.048
0.017
0.0124
0.0112
0.2862
0.0086
0.007
1
0.0096
0.0154
0.0114
0.014
0.0134
0.012
0.0078
0.013
0.0134
0.01
0.02
0.0122
0.01
0.0216
0.0156
1
0.0154
0.3042
0.0166
1
0.328
0.0126
0.0122
0.0084
0.0242
0.0102
1
0.008
0.013
0.0104
0.0156
0.0086
0.018
0.008
0.0344
0.01
0.0172
0.0086
0.013
0.013
0.0104
0.0118
1
0.021
0.0098
0.0164
0.0114
0.019
0.0104
0.8144
0.0104
0.0082
0.0444
0.9742
0.0116
0.0094
0.0362
0.0112
0.019
1
0.0106
0.0104
0.0146
0.0288
0.0076
0.0148
0.0122
0.0106
0.0104
0.017
0.0162
0.2512
0.0614
0.009
0.013
0.0134
0.0122
0.0096
0.0288
0.9362
0.0094
1
0.1462
0.0144
0.0122
0.0376
0.0184
0.0096
0.0066
0.0254
0.0178
0.0164
0.0094
0.0098
0.1172
0.034
1
0.0114
0.9934
0.01
0.015
1
0.0196
0.013
0.0156
0.0526
0.012
0.014
0.0198
0.0166
0.0132
0.0168
0.012
0.1788
0.0248
0.0104
0.0116
0.0166
0.0408
0.015
0.0176
0.0112
0.0202
1
0.0122
0.042
0.0148
0.0256
1
1
0.0118
1
1
0.0178
1
0.0238
1
0.0682
0.018
1
0.009
1
0.0176
0.068
0.0126
0.0098
0.0108
0.0094
0.0108
0.454
1
0.0092
0.0088
0.0098
1
0.01
0.0142
0.0134
0.012
0.0098
0.0146
0.0128
0.0186
0.0206
1
0.0116
1
0.0156
1
0.032
0.0116
0.0182
0.0154
1
0.032
0.0164
0.9162
0.0132
0.548
0.0104
0.724
0.0172
0.0192
1
0.3616
0.0098
0.0096
0.0204
0.091
0.0086
0.0108
0.0072
0.0098
0.0142
0.0082
0.0094
0.0098
0.086
0.0132
0.019
0.015
0.0134
0.0084
0.0212
0.0172
0.018
0.027
0.0388
0.946
1
0.0124
0.008
0.028
0.0202
0.0082
0.0118
0.0128
0.0106
0.0122
0.0084
0.013
0.0184
0.0118
0.0094
0.0418
1
1
0.453
0.0106
0.0098
0.0666
0.011
0.0082
0.0426
0.0116
0.0184
0.0242
0.0106
0.0068
0.0136
0.0084
0.0292
0.0144
0.0398
1
0.0256
0.0268
0.083
0.0068
0.0156
0.0274
1
1
0.0172
1
0.0122
0.0922
0.02
0.9988
1
1
1
0.0146
0.9462
0.01
0.0154
0.0096
0.0248
0.0176
0.0084
0.0114
0.0134
0.024
1
0.033
0.0116
0.0148
0.0074
0.0122
0.0142
0.0256
0.0178
0.0092
0.0296
0.9996
0.0154
0.0084
0.0132
0.0078
0.0208
0.0346
0.0098
0.017
0.013
0.0118
0.9844
0.0118
0.0074
0.0076
0.011
0.0094
0.0098
0.0474
1
0.671
0.0086
0.01
0.0126
0.0294
0.0106
1
1
0.0084
0.0124
0.0108
0.0154
0.0088
0.3512
0.0096
0.0166
0.0082
0.0114
1
0.0108
0.0142
0.01
0.0106
0.0112
0.0092
0.0108
0.0074
0.0066
0.007
0.0194
0.0092
1
0.013
0.0082
1
1
1
0.0096
0.04
0.0098
0.008
0.0174
0.0092
0.0188
0.0076
0.0124
0.0082
0.0088
0.0068
0.9162
0.0262
0.0088
0.0428
0.0804
0.013
0.0152
0.0156
0.009
0.029
0.02
0.007
0.0076
0.016
0.0322
1
0.0164
0.0108
0.0074
0.014
0.0162
0.0104
1
0.022
0.0072
0.0396
0.0102
0.0082
0.9994
0.9998
0.0206
0.0302
0.0112
0.0368
0.0134
1
0.0148
0.0128
0.009
1
0.0106
0.0088
0.008
0.0312
1
0.0084
0.0118
0.6936
0.0224
0.0132
0.019
0.8736
0.0096
0.02
0.0102
0.0108
0.013
0.0332
0.0118
0.0112
0.0134
0.0144
0.011
1
0.3148
0.0088
0.0114
0.007
0.0164
0.0106
0.0176
0.0192
0.0082
0.0108
0.0092
0.0086
1
0.0154
0.024
0.0142
0.01
0.0114
1
0.0096
0.009
0.0088
0.0114
0.019
0.0088
0.0268
0.0144
0.014
0.011
0.0096
1
0.0124
0.0144
0.1138
0.012
0.0166
0.0484
0.0188
0.0108
0.008
0.0086
0.013
0.0158
0.011
0.0106
0.0084
0.0372
0.011
0.0112
0.0242
0.009
0.0098
0.0088
0.009
0.0092
0.0116
0.0132
0.0094
0.0178
0.9994
0.0082
0.009
0.0466
0.01
0.0112
0.9136
0.0128
0.0116
0.0138
0.0158
0.0268
0.0088
0.0098
0.0366
0.0076
0.0088
0.0226
0.0108
0.0142
0.0116
0.0094
0.0074
0.0094
0.0098
0.0104
0.01
0.01
0.0242
0.012
0.0072
0.0122
0.0112
0.0098
0.0086
0.0176
0.01
0.015
0.0096
1
0.0144
0.0132
1
0.0092
0.0084
0.0236
0.0078
0.0434
0.0112
0.01
0.0124
0.0088
0.0094
0.0528
0.0452
1
0.0496
0.0464
0.0302
0.0142
0.0078
0.0094
0.0126
0.967
0.9992
0.2956
0.0182
0.0238
0.0208
0.0146
0.0094
0.0172
0.0244
0.0106
0.0114
0.0648
0.0072
0.0098
0.0168
0.008
0.0102
0.0094
1
0.0116
0.0174
0.0594
0.0156
0.0238
0.0086
0.199
0.0064
0.0096
0.0114
1
0.0122
0.0122
0.0184
0.0152
0.0206
0.0096
1
0.0178
0.0076
0.0248
1
0.022
0.0118
0.0078
0.0148
0.0104
0.0756
0.0084
0.0174
0.0128
0.041
0.0086
0.0204
0.0112
0.0824
0.0084
1
0.0172
0.0224
0.011
0.0144
1
1
1
0.0178
0.0104
0.0108
0.019
0.0274
0.0084
0.01
0.0092
0.0104
0.0184
0.0144
1
0.0086
0.0122
0.01
0.0104
0.0084
0.0086
0.013
0.0274
0.9172
0.0132
0.0116
0.088
0.027
0.0098
0.6796
0.009
0.0456
0.0136
0.0104
0.0166
1
0.2698
0.0208
0.0092
0.0188
0.0082
0.012
0.0308
1
0.016
0.01
0.01
1
1
1
0.011
0.034
0.0106
0.0132
0.0202
0.0078
1
1
0.0172
0.01
0.0206
0.0104
0.0092
0.025
0.0132
1
0.0192
0.0198
0.0294
0.998
1
0.0082
1
0.0124
0.0178
0.0124
0.0256
0.2702
0.0154
0.0112
0.0122
0.0332
0.0138
0.8992
0.0094
0.0162
0.0324
0.028
0.9972
0.0114
0.0094
1
0.0128
0.0118
0.0156
0.008
0.0146
1
0.0066
0.0126
0.9778
0.0116
0.0138
1
0.0086
1
0.998
0.0636
0.0114
0.017
0.013
0.0462
0.0082
0.0976
0.0156
0.0278
0.0386
0.014
0.0174
0.0084
0.0096
0.0138
0.0088
0.0214
0.0136
0.0414
0.021
0.0142
1
1
0.0336
0.2434
1
0.0118
1
0.016
0.0168
0.9432
0.015
0.0386
0.0252
0.0306
0.0078
0.0288
0.0128
0.0176
0.0102
0.0112
0.7536
0.0366
0.0136
0.017
0.0208
0.0186
0.0108
0.0094
1
0.014
0.0086
0.0144
0.0084
0.008
0.0134
0.0094
0.0518
0.0482
0.0254
0.026
0.4748
1
1
0.0128
1
0.0186
0.0152
1
1
1
0.0108
0.0162
0.0198
1
0.0254
0.0328
1
0.038
1
0.0146
0.9606
0.055
0.0116
0.0426
0.0122
0.0158
1
0.0366
1
0.013
0.019
0.0168
0.011
0.0108
0.0118
0.0294
1
0.0122
0.0154
0.0122
0.0274
0.0338
0.0118
0.01
0.0258
0.0142
1
0.0124
0.0206
0.0106
0.9372
0.013
0.0162
0.0096
1
0.0268
0.0118
0.0174
0.0208
0.0078
0.0168
1
0.0136
0.322
0.111
0.0136
1
1
1
0.0112
0.0238
0.0094
0.9972
1
0.0124
0.0094
1
1
0.9996
0.0096
0.019
0.016
0.011
0.0144
0.028
1
0.016
0.1234
0.165
0.9732
0.0416
0.29
0.0172
0.0148
0.0268
0.0094
0.0114
0.0208
1
1
0.01
0.0114
0.0122
0.0744
0.0122
0.015
1
0.9182
0.0194
1
0.0196
0.0536
0.0402
0.0254
0.3582
0.0084
1
0.0102
0.0146
0.0334
0.0078
0.0166
1
0.0224
0.0132
0.0148
0.0224
0.0092
0.015
0.0174
1
0.6234
0.0114
0.0086
0.0146
1
0.009
0.0136
0.0198
0.0152
0.0142
0.9998
0.0146
0.0142
0.013
0.0296
1
1
0.0112
0.0084
0.0402
0.0114
0.0084
0.0188
1
0.0932
0.03
1
