0.012
0.0304
1
1
0.0204
0.0076
0.9966
0.0166
0.0062
0.0116
0.0084
1
1
1
1
0.0118
0.006
0.011
0.014
0.0088
0.0162
0.0052
1
0.0088
0.0562
0.013
0.0112
0.0106
0.1494
0.0272
0.0176
0.0078
0.0154
0.0128
0.0062
0.0224
0.054
0.0146
1
0.007
1
1
0.0076
0.0076
0.1018
1
0.0168
0.0172
0.0084
0.0106
0.006
0.0094
0.0068
0.9824
0.0074
0.0084
0.0108
1
0.0084
1
0.0074
0.0112
1
0.0078
0.0094
0.0102
1
0.0118
0.238
0.0112
0.0082
0.0078
0.0728
0.0692
1
0.0088
0.0072
0.006
0.8776
0.0104
0.0156
0.0116
0.0094
0.0082
1
0.0096
0.009
0.1048
0.0086
0.0072
0.0078
0.0224
0.0092
1
0.01
0.017
0.0126
0.0074
0.0276
0.0288
0.0294
0.0132
0.009
0.0076
0.0094
0.6296
0.0306
1
0.0102
0.017
0.2674
0.0066
0.009
0.0102
0.0142
0.0106
0.0084
0.0152
0.0114
0.0122
0.0104
0.0122
0.0176
0.018
0.0118
0.0126
0.121
0.0108
0.0202
0.0184
0.9988
1
0.007
0.0056
0.021
0.019
0.01
0.0102
0.0112
0.0088
0.0062
0.0104
0.0092
0.0074
1
1
0.0084
1
0.01
1
0.0184
0.019
0.0136
0.0096
0.011
1
0.0098
1
1
0.3566
0.0538
0.0084
0.9576
0.0092
0.0084
0.0056
0.01
0.8898
0.0096
0.0302
0.0084
0.014
0.0112
0.0102
0.0104
0.0192
0.0168
0.0074
0.0102
0.012
0.0082
0.011
1
0.0118
0.0438
0.0058
0.3868
0.0258
0.0124
0.0102
0.3108
0.0076
0.0168
1
0.9466
0.016
1
0.0142
0.0144
0.0068
0.0084
0.0174
0.0094
0.0054
0.0104
0.1598
1
0.008
0.0074
0.0064
0.0112
0.0072
0.0078
0.0076
0.0106
0.012
0.013
0.0126
0.0078
0.013
0.3472
0.0068
0.0104
0.0094
1
0.0088
0.0128
0.0088
0.0124
0.0078
0.0128
0.009
0.0122
0.0266
0.0126
0.0144
0.0838
0.0062
0.0088
0.0698
0.0158
0.0102
0.137
0.0054
0.0152
0.0316
0.039
0.0106
0.022
0.0094
0.0084
1
0.0184
0.007
0.0072
0.0144
0.0078
0.0104
0.01
0.0182
0.082
1
0.0124
0.0076
0.02
0.0914
0.0122
0.0926
0.0114
0.009
0.0952
0.059
0.1234
0.0088
0.016
0.791
0.0078
0.0134
1
0.011
0.0326
0.1754
1
0.0154
0.01
0.033
0.011
0.0104
0.0174
0.008
0.04
0.0126
0.0088
0.0098
0.0144
1
0.0102
0.059
0.0132
0.0142
0.0106
0.246
0.0126
0.0066
0.01
0.0156
0.0048
0.0282
0.0118
0.009
0.0108
0.0354
1
1
0.3498
0.0108
0.0108
0.0094
0.0092
0.017
0.0412
0.0108
0.023
0.0122
0.0114
0.0826
0.0714
0.009
1
0.0096
0.0388
0.1556
0.0298
1
0.0146
0.0088
0.0282
0.0188
0.0098
0.0142
0.017
0.01
0.0092
0.0098
0.0092
0.2342
0.0612
0.0078
0.0132
1
0.0102
0.006
0.0074
0.0724
0.0116
1
0.0112
0.014
0.013
1
0.0072
0.0086
0.0096
0.0086
0.0156
0.0116
0.0112
1
0.007
0.012
0.0068
0.5142
0.0066
0.8514
0.0194
0.0302
0.015
0.0074
0.024
0.0108
0.0212
1
0.0318
0.0096
0.009
0.0064
0.0082
1
0.0084
1
0.0114
0.008
0.0082
0.0088
0.108
1
0.0062
0.0106
0.007
0.0084
1
0.0126
0.9934
0.0092
0.0934
0.9996
0.0134
0.01
0.0114
0.0114
0.0084
0.0114
0.0098
0.01
0.0138
0.0056
0.0106
0.012
0.006
0.01
1
0.009
0.0106
0.0134
0.062
0.0118
0.0068
0.0092
0.0068
0.0126
1
0.0166
0.008
0.0068
0.0126
0.0076
1
0.0078
0.0072
0.998
0.017
0.0084
0.0068
0.0092
0.0114
0.0088
0.0066
0.0082
0.0096
0.0178
0.0112
0.01
0.7764
0.0082
0.5344
0.0078
0.01
0.008
0.0098
0.0318
0.0068
0.0116
0.0112
0.0066
0.0156
0.0064
0.999
0.0114
0.0078
1
1
0.0114
0.0078
0.0084
0.0064
0.0094
1
0.0096
0.0082
0.0072
0.0126
0.0102
0.007
0.0134
0.0072
0.0094
0.0062
0.0136
0.9678
0.9994
0.9314
0.0088
1
0.0142
0.007
0.0058
0.0128
1
0.0064
0.0576
0.009
0.023
1
0.0178
0.0112
0.027
0.0118
0.0138
1
0.8244
0.0104
0.0084
0.007
0.0106
0.0132
1
0.008
0.0318
0.9998
0.0226
0.996
0.1798
0.011
0.0154
0.0236
0.0108
0.0084
1
1
1
0.0108
0.8846
0.007
0.0136
0.008
0.03
0.016
0.0186
0.02
0.01
1
0.0074
0.0084
0.0052
0.1192
0.0382
1
0.0088
0.0098
0.0072
0.0128
0.0076
0.0126
0.0088
0.0112
0.0076
1
0.007
0.0078
1
0.03
0.0086
0.931
0.0162
0.008
0.9414
0.0108
1
0.0174
1
1
0.0094
0.0072
0.011
0.01
0.9458
0.0122
0.01
0.0088
1
1
1
0.021
0.0068
0.0094
0.0068
0.009
0.0074
0.0156
0.0098
0.0078
0.0082
0.0102
0.0066
0.0084
0.0082
0.0088
0.0114
0.011
0.0126
0.01
0.012
0.008
0.0162
0.0094
0.0224
0.0128
0.3406
0.01
0.0108
0.009
0.0898
0.0634
0.0528
0.0104
0.0422
0.0094
0.083
0.0142
0.0162
0.0068
0.0136
0.0074
0.006
0.0134
0.0124
0.0112
0.0142
0.0526
0.0552
0.008
0.0082
0.0284
0.098
0.2026
0.0838
0.0082
0.0084
0.8212
0.0184
1
1
0.0138
0.0074
0.0076
0.0088
0.0116
0.0072
0.0138
0.0138
0.01
0.009
0.0072
0.028
0.0118
0.0114
0.0088
0.0118
0.0476
0.0132
0.0106
0.0356
1
1
0.0538
0.0196
0.0126
0.0216
0.0094
0.0076
0.0118
0.0074
0.0066
0.007
0.0232
0.0126
1
0.0074
0.0074
0.0064
1
0.0072
0.0366
0.0398
0.0116
0.4942
0.0152
1
0.0104
0.0252
0.0126
0.0072
0.012
0.0066
0.0072
0.01
0.0222
0.0146
0.0068
0.0418
