0.013
0.0172
0.0372
0.0106
0.0138
0.016
1
0.021
0.0284
1
0.0218
0.0098
0.0232
0.0358
0.44
0.0106
0.0394
0.0096
0.9926
0.1536
0.0626
0.0286
0.0234
0.0416
0.0082
0.0106
0.1938
0.0268
0.0368
0.0102
0.0108
0.013
0.0136
0.0204
0.0144
0.0174
0.025
1
0.0168
0.0088
0.051
0.0288
0.0212
0.0118
0.2366
0.012
0.0114
0.0234
0.0086
0.013
0.0082
0.011
0.9064
0.0112
0.0158
0.0148
0.03
0.0172
0.016
0.0138
0.013
1
0.01
0.0218
0.0096
0.0136
0.0092
0.032
1
0.0088
0.0092
0.0204
0.0208
0.0118
0.0102
0.9996
1
0.0128
0.044
0.0186
1
0.0154
0.0106
0.046
0.0134
1
0.0148
0.0616
0.0098
0.0398
0.0212
0.025
0.0112
0.0142
0.0164
0.9984
0.0118
0.0078
0.01
0.0098
0.0216
0.0344
0.0092
0.0106
1
0.0092
0.0426
0.0172
0.0088
0.0112
0.0114
0.0126
0.0068
0.008
0.014
0.0254
0.0154
0.0094
0.0198
0.0392
1
1
0.0262
0.011
1
0.0118
0.0084
1
0.0088
0.01
0.0288
0.0134
0.0196
0.0194
0.0298
1
0.0094
0.0204
0.0104
0.013
0.024
0.0102
1
0.9002
0.0204
0.0098
0.0098
0.012
1
0.0292
0.0252
0.0388
0.013
0.0148
0.0198
0.0108
0.01
0.0122
0.0112
0.0978
0.0104
0.0094
0.012
0.0124
1
0.0106
0.9798
0.0254
0.0166
0.0102
0.0138
0.0114
0.0306
0.0194
0.0198
0.0098
0.0224
0.0194
0.039
0.0124
0.0086
0.0084
0.0134
0.0176
0.0154
0.0112
0.0096
0.0156
0.0114
0.011
0.0094
0.0106
0.0214
0.0088
0.0216
0.0112
0.0402
0.0104
0.7646
0.9794
0.0096
1
0.0108
0.0876
0.9962
0.0288
0.0162
0.012
0.0414
0.0092
0.1194
0.0098
0.02
0.1046
0.0338
0.013
0.0124
0.0116
0.0112
0.0168
0.009
0.0118
0.0144
0.0252
0.0116
0.0086
1
0.0892
1
0.0092
0.5584
0.0126
0.0202
0.0112
0.0132
1
0.0098
0.0254
0.0096
1
0.025
0.0134
0.0464
0.0182
0.033
0.0134
0.0146
1
0.0116
0.012
0.778
0.0214
0.0092
0.0198
0.0118
0.0134
1
0.0134
0.0188
0.0116
1
0.0214
0.0106
0.0096
0.0186
0.0128
0.0292
0.0144
0.017
0.0192
1
0.0188
0.01
1
0.0236
0.0122
0.0246
0.0108
0.0116
0.02
0.008
0.042
0.014
0.0172
0.0158
0.018
0.7188
0.0394
0.0496
1
0.021
0.0096
0.0206
0.008
0.0112
0.0348
0.011
0.0108
0.02
0.028
1
0.02
0.018
0.0098
0.3136
0.0122
0.0334
0.011
0.0092
1
0.993
0.0088
0.0178
0.0124
0.0102
0.0112
0.0136
0.0148
1
1
0.0138
0.0124
0.0124
0.075
0.0162
0.0148
0.0086
0.0282
0.0658
0.0614
0.01
0.0094
0.0196
0.0088
0.0188
0.0736
0.0102
0.0128
0.0084
0.0204
0.0126
0.015
0.0216
0.0146
0.0118
0.012
0.0216
0.061
0.017
0.0146
0.0154
0.0104
1
0.0118
0.0218
0.0114
0.016
0.0172
0.0124
0.0682
0.0386
0.0284
0.0186
0.0116
0.018
0.03
0.0068
0.0152
0.011
0.0114
0.0122
0.5274
0.0172
0.0144
0.0094
0.015
0.0234
0.065
0.0138
0.01
0.0226
0.0174
0.0112
0.0136
0.0142
0.0144
1
0.536
0.0264
0.0114
0.0112
0.0074
0.0664
0.0106
0.0934
0.0378
0.022
1
0.0212
0.0202
1
0.012
0.0358
0.1206
0.0198
0.0092
0.0134
0.0322
0.0126
0.0104
0.0134
0.0384
0.0414
0.0112
0.2592
0.0202
1
0.012
0.0246
0.0092
0.2608
0.0288
0.1386
1
1
0.013
0.0174
1
0.0342
0.0458
0.0098
0.0562
0.01
1
0.0306
0.0288
0.0088
0.021
0.026
0.0182
0.03
0.0312
0.0108
0.0114
0.0464
0.0142
0.0234
0.0764
0.02
0.019
0.0176
0.0144
0.0156
0.01
0.0116
0.0222
0.9612
0.0566
0.0546
0.0234
0.0228
0.0158
0.0252
0.0518
0.0294
0.0118
1
0.0382
0.0274
0.0198
0.0198
0.0724
0.0166
0.0288
0.052
0.1562
0.0166
0.0174
0.0114
0.1282
0.0346
0.0304
1
1
0.0232
0.0102
0.0114
0.0174
0.1294
1
1
0.0148
0.3232
0.0074
0.012
0.0136
0.0104
0.0116
0.0152
0.0108
0.0352
0.0426
0.0166
0.0136
1
0.037
1
0.0118
0.0094
0.0248
0.0136
0.0096
0.011
0.0114
0.4838
0.0248
0.0104
0.0252
0.9718
0.0108
0.0082
0.015
0.0112
0.024
0.0848
0.0098
0.0214
0.07
0.0162
0.0372
0.0146
0.0834
0.012
0.0114
0.037
0.041
0.0208
0.2634
0.0444
0.0954
0.034
0.1062
0.0118
0.0322
0.0146
0.0292
0.013
0.0102
0.0124
0.07
0.013
0.0106
0.01
0.011
0.0116
0.0178
1
0.0104
0.2394
0.0102
1
0.2918
0.308
0.0368
0.6116
0.1204
0.0096
0.01
1
0.0284
0.0112
0.017
0.0244
0.076
0.0102
1
0.0804
0.0258
0.0628
1
0.1586
0.0114
0.023
0.0152
0.172
0.032
0.1038
0.1642
0.013
1
0.0116
0.104
0.158
1
0.018
0.3628
1
0.0444
0.9976
0.0122
0.0188
0.5664
0.0112
0.0104
0.0352
0.0148
0.018
0.0124
0.0136
0.0096
0.0116
0.9998
0.9782
0.0122
0.008
1
0.0116
0.011
0.0118
0.1294
0.0098
0.0152
0.1842
0.0398
0.0092
0.0296
0.0134
0.02
0.011
0.033
0.1248
0.0326
0.0124
0.023
0.011
0.0136
0.0466
0.0182
0.0104
1
0.0172
0.0334
0.0214
0.0106
0.112
0.0892
0.0134
0.9974
0.1708
0.1176
0.027
0.015
0.0206
1
0.0354
0.0094
0.0156
0.013
0.45
0.0142
0.018
1
0.2624
0.0134
0.9348
0.3322
1
0.0178
1
0.0088
0.0226
0.0152
0.0486
0.0132
0.0204
0.0268
0.0182
0.0286
0.0088
0.0136
0.082
0.318
0.0936
0.0136
0.209
0.0502
0.0182
0.0848
0.015
1
0.0468
1
0.0468
0.0108
0.0118
0.0144
0.0116
0.015
0.0148
0.0236
0.0148
0.0114
0.0164
1
0.0108
0.0156
1
0.019
1
0.0452
1
0.0102
0.016
0.0138
1
0.0138
0.0366
0.016
0.018
0.009
0.026
0.0298
0.0104
0.0334
0.0106
1
0.0308
0.023
0.014
0.021
0.0146
0.0298
1
0.0532
0.016
0.0112
0.0786
0.0134
1
0.0172
0.0172
0.1038
0.076
0.049
0.0184
0.1944
0.0354
0.0236
0.2704
0.0142
0.2982
0.0806
1
0.0868
0.012
0.999
0.068
0.9998
0.2642
0.0142
0.0176
0.0098
0.01
0.3268
0.013
0.1986
0.9912
0.0128
0.0708
0.0446
0.0418
0.0116
0.018
0.0738
0.0308
0.013
0.0206
0.0256
0.0126
0.015
0.3178
0.021
0.0122
0.0118
0.0284
0.0118
0.0092
0.0146
0.013
0.0514
1
1
0.1624
1
0.0224
0.0088
0.0208
0.0128
0.9984
0.013
0.0128
0.02
0.0478
1
0.5376
0.0114
0.013
0.0616
0.0086
0.0452
1
0.0232
0.0086
0.1814
0.009
0.0118
0.0096
1
1
0.0154
1
0.0112
0.011
0.0158
0.0116
0.9994
0.0138
0.0596
0.0258
0.0104
0.0332
0.0128
0.039
0.2238
0.4446
1
0.019
0.093
0.088
0.0172
0.8796
0.0322
0.1418
0.111
1
0.086
0.011
0.093
0.0606
0.0132
0.0198
0.016
0.013
1
0.115
0.0122
0.0084
0.0162
0.126
0.0112
0.0492
0.0186
0.026
0.0106
0.0098
0.0506
0.2144
0.0384
0.019
0.0206
0.0088
0.0272
0.949
0.0174
0.015
0.0106
0.0344
0.0522
0.008
0.0224
0.015
0.011
0.02
0.0136
0.048
0.0124
0.0164
0.0236
0.0202
0.0122
0.7754
0.0096
0.0964
1
0.037
0.0152
0.01
0.0172
1
1
0.0078
0.0116
0.8306
0.0114
0.0122
0.0142
0.0296
0.011
0.0388
0.0422
0.0122
0.9994
0.0176
0.5894
0.0166
1
1
0.025
0.989
1
0.125
0.0318
0.014
0.0202
1
0.0136
0.0098
0.0234
0.0474
0.0296
0.0394
1
0.4482
0.025
0.1574
0.0804
1
0.0154
0.9998
1
0.0118
0.0144
0.0118
0.1056
0.0182
0.009
0.0114
0.0096
0.0118
0.0486
0.0128
0.7882
1
0.0186
1
0.0112
0.1178
0.7804
0.0128
0.2204
1
1
0.0084
0.0148
0.0626
0.0092
0.0148
0.6178
0.013
0.0202
0.0104
0.0158
0.0128
0.6774
0.0816
0.2064
0.0108
0.646
0.008
1
0.0086
0.0138
0.0144
0.1416
0.011
0.009
0.12
0.011
0.0532
0.0096
0.0142
0.0106
1
0.0114
0.0224
0.0106
0.014
1
0.0112
1
0.058
0.0098
0.0382
0.011
1
0.0162
1
0.017
0.3002
0.0196
0.0106
0.0146
0.022
0.035
0.9934
0.0396
0.9996
0.0186
0.0148
0.0166
0.0108
0.0252
0.0122
0.042
0.0092
0.0076
0.1412
0.0116
0.0416
0.0174
0.0796
0.0186
0.9948
0.035
1
0.1082
0.0116
0.0166
0.07
0.0166
0.0116
1
1
0.0068
0.0104
0.0086
0.0128
0.0114
0.15
1
0.0172
0.0118
0.0104
0.0134
0.281
0.0216
0.02
1
0.0158
0.0154
0.0226
0.046
0.01
0.0084
0.0114
0.0168
1
0.9996
0.016
0.047
0.0752
0.0118
0.0308
0.062
0.054
0.0078
0.2182
0.0796
0.0274
0.012
0.033
0.0648
0.0244
0.0094
0.0078
0.023
0.2286
0.0108
0.0934
1
0.2648
0.0102
0.038
0.9998
0.0128
0.3282
0.0154
0.0146
0.0188
0.0678
0.1814
0.014
0.059
0.0124
1
0.0194
0.0114
0.0106
0.0096
0.4126
0.0138
0.56
0.0158
0.0068
0.0266
0.0336
0.0082
1
0.0082
0.0162
0.03
0.0262
0.0134
0.0504
0.0128
0.9984
0.0142
0.0082
0.0144
0.008
0.0086
1
1
0.0214
0.0186
0.0104
0.0188
0.0116
0.0112
0.9978
0.0204
0.0266
0.0128
0.0136
1
1
0.0884
0.0194
0.0172
0.0348
1
0.118
0.0122
0.0144
0.0118
0.1112
1
0.0156
0.0398
0.0104
0.0138
0.0164
0.0154
0.0424
0.0126
0.0952
0.0338
0.0096
1
0.0098
1
0.0112
1
0.0124
0.9984
0.0098
0.011
0.95
0.0414
0.7272
0.016
0.0092
0.0248
0.0098
0.0126
0.0112
0.0104
1
0.0112
0.011
1
0.011
0.0128
0.0122
0.019
0.0104
1
0.0426
0.0398
0.0082
0.012
0.0092
0.01
0.356
0.0112
1
0.0138
1
0.048
0.0116
0.02
0.0128
0.012
0.012
0.0186
0.0074
0.0168
0.0116
0.0164
0.0198
0.0108
0.0142
0.012
0.0134
0.0102
0.0404
0.0304
0.0378
0.0166
0.0182
0.7654
0.014
0.0078
0.707
1
0.0128
0.014
1
0.0232
0.018
0.016
0.0108
0.0138
0.092
0.009
0.0102
0.0116
0.015
0.0108
0.0256
0.0174
0.0238
0.0116
0.0426
0.0122
0.0156
0.0102
0.0114
0.0162
0.0102
0.0128
0.0102
0.0574
0.0118
0.014
0.011
0.0146
1
0.0202
0.0284
0.0092
0.0094
1
0.0424
0.011
0.0196
0.0078
1
0.0106
0.1296
1
0.0204
0.0104
1
0.0114
0.0164
0.0132
0.0152
0.0138
0.0142
0.0158
0.0114
0.0174
0.0196
0.0132
0.0344
0.0362
1
0.0122
0.0116
0.0136
1
0.0124
0.0248
0.269
0.016
0.016
1
0.0102
1
1
0.0272
0.0152
0.0114
0.0104
0.031
1
0.014
0.0076
1
0.0092
0.0122
0.0082
1
0.0122
0.0174
0.6244
1
1
0.9658
0.9968
0.0138
0.0148
1
0.0108
0.035
0.0166
0.0582
0.0112
0.025
1
0.0126
0.0142
0.0696
0.02
0.0132
0.0096
0.0118
0.0264
0.0102
0.0122
0.0216
0.0132
0.0172
0.0168
1
1
0.03
0.0146
1
0.0104
0.0136
0.0446
0.034
0.011
0.959
0.7006
0.0136
0.0126
0.0184
0.0092
0.0162
0.0202
0.0096
0.2224
0.0696
0.1062
0.0106
0.0118
0.0194
0.0478
0.0136
0.0114
0.009
1
0.0094
0.0188
0.3858
0.0144
0.1164
0.4294
0.012
0.0112
0.018
0.0208
0.0094
0.0186
0.01
0.0094
0.0084
0.0146
0.0128
0.0132
0.018
1
0.0098
1
0.055
0.0108
1
0.0112
0.0106
0.0132
0.0398
0.0098
0.0252
0.0262
0.0192
0.827
0.0106
0.0286
0.0118
0.0148
0.0308
0.9458
1
1
0.012
0.0096
0.0124
0.6348
0.0362
0.0486
0.0216
0.0094
0.0144
0.0408
0.0104
0.0218
0.0124
0.012
0.0104
0.0578
0.015
0.9992
1
0.0166
0.0102
0.0188
0.082
0.0102
0.01
1
0.011
0.0106
0.0086
0.0084
0.019
0.0162
0.01
0.1938
0.0262
0.0108
0.0074
0.014
0.0076
0.0112
0.0136
0.1022
0.0122
0.0182
0.0092
0.0154
0.0134
0.0964
0.012
0.0084
0.0134
0.0852
0.0106
0.012
0.0162
0.0138
0.011
0.0478
0.0116
0.0272
0.992
0.0176
0.0132
0.0108
0.0098
0.0086
0.0166
0.013
0.0332
0.0142
0.0174
0.0132
0.01
0.0092
0.2746
0.0118
0.0206
0.0158
0.0148
1
0.0106
0.0144
0.0116
0.0146
0.0146
1
0.0308
0.0164
0.0104
0.0106
0.0094
0.0116
0.016
0.036
0.0102
1
0.0128
0.0154
0.0098
0.0136
0.007
0.0088
0.0112
0.0098
0.0118
0.0214
0.0128
0.0088
1
0.0118
1
0.0112
0.0142
0.0096
0.0094
0.0168
0.0152
0.0192
0.0092
0.0146
0.1408
0.0078
0.0182
0.0118
0.0134
0.0122
0.0156
0.0154
0.49
0.0108
0.01
0.0214
0.0286
0.0486
0.1128
0.2232
0.0122
1
0.01
1
0.011
0.0276
0.0118
0.0122
0.0112
0.0242
0.035
0.0758
0.0596
0.0164
1
0.008
0.021
0.0132
0.1076
0.9234
0.0156
0.0322
0.013
0.0116
0.1182
0.1148
0.0114
0.026
0.055
0.0114
0.0106
0.0452
0.018
0.0108
0.0184
0.0254
0.8754
0.018
1
0.018
0.0092
0.023
0.0138
0.013
0.1076
0.0268
0.0164
0.0258
0.7412
0.0242
0.011
0.0104
0.9914
0.0152
0.0148
0.0124
0.0376
0.0122
0.0122
0.018
0.0088
0.0098
0.9994
0.0128
0.011
1
0.0142
0.0098
0.0108
0.0996
0.0114
0.0152
0.0104
0.0494
0.025
0.0166
0.0096
0.0126
0.0082
1
0.0124
0.0134
0.0204
0.0118
0.9938
1
0.0128
0.9148
0.0156
0.0272
0.0178
0.0108
0.0128
0.0192
0.009
0.0122
0.0882
0.0134
0.0126
0.0112
0.0166
0.0124
0.0076
0.018
0.0104
0.0122
0.0162
0.0214
0.0134
0.0132
0.0176
0.0172
0.0134
0.0138
0.011
1
0.0082
0.0564
0.0202
0.0076
0.0412
0.017
0.0102
0.011
0.0174
0.0116
0.2404
0.1198
0.0244
0.014
0.0338
0.0544
0.0108
0.693
0.0114
0.009
0.0116
0.0256
0.0538
0.9372
0.037
0.0122
0.0216
0.0132
0.0122
0.0816
0.0544
0.0092
0.0174
0.0104
0.0188
0.0146
0.008
0.0772
1
0.0146
0.0122
1
0.0488
0.0078
0.022
0.0176
0.0962
0.0092
0.0118
0.0212
0.0154
0.0178
0.099
0.0088
0.0248
0.037
0.0148
0.0184
0.0092
0.017
0.021
0.011
0.0104
0.033
0.0236
0.479
0.0112
0.0152
1
0.019
0.0112
1
0.018
0.0092
0.073
0.0102
1
1
0.0132
0.012
0.999
1
0.0172
0.0206
0.0158
1
0.0134
0.015
0.0084
0.0306
1
0.0136
0.0122
0.01
0.0112
0.0094
0.0106
0.0126
0.0108
0.0156
1
0.0294
1
0.013
0.0238
0.0156
0.012
0.0106
0.0128
0.0304
0.0218
0.01
0.0142
0.0284
1
0.0124
0.0108
0.0254
0.0216
0.021
0.0104
0.0118
0.0114
0.12
0.011
0.2916
0.009
0.0106
0.0834
0.0198
1
0.0338
0.0074
0.0468
0.1112
1
0.2088
0.0328
0.011
0.0208
0.0096
0.0102
0.0396
1
0.0472
0.0308
1
0.1594
0.0314
0.011
0.0118
0.0106
0.0102
0.9998
1
0.009
0.0132
0.0102
0.016
0.8592
0.0088
0.5796
0.0122
0.0172
0.0082
0.0098
0.0164
0.0118
1
0.0108
0.0166
0.0136
1
0.04
1
1
0.018
0.016
0.0504
0.0112
1
0.011
0.02
0.0268
0.0082
0.2522
0.0098
0.0096
0.0752
1
0.045
0.0094
0.0098
0.0094
0.0078
0.0946
0.0104
0.0094
0.0078
0.0112
0.0106
0.011
0.0106
0.017
0.0104
1
0.017
0.018
0.0122
1
0.01
0.0392
1
0.0112
0.0122
0.0144
0.0162
0.009
0.0086
1
0.0108
0.0112
0.0122
0.0206
0.0102
1
0.015
0.0098
0.0628
0.0584
1
0.1706
0.0188
1
0.0116
0.0106
0.0152
1
0.0124
0.0142
1
0.0244
0.019
0.0104
0.0134
0.9914
0.0182
0.011
0.0124
0.0118
0.0128
0.012
0.0134
0.0176
0.0194
0.0194
0.0104
1
0.015
1
0.6026
0.015
0.0118
0.0564
0.0162
0.0134
0.0102
0.014
0.0292
0.02
0.0174
0.0158
0.0122
0.0198
0.0096
0.016
0.026
0.0114
0.01
0.011
0.0144
0.0106
0.0106
0.0512
0.1828
0.0082
0.0122
0.0112
0.0128
0.0108
1
0.0076
0.0106
0.0636
0.022
0.1504
0.0186
0.0148
0.0098
0.0124
1
0.0152
0.0214
0.0104
0.0132
0.0188
0.0074
0.0252
0.0618
1
0.0132
0.0238
0.0308
0.9988
0.0118
0.0152
0.038
0.0126
1
0.0648
0.0104
0.0286
1
1
0.0364
1
1
0.0136
0.008
0.037
0.0102
0.0234
0.0106
0.0106
0.0176
0.0138
0.0208
0.0198
0.0364
0.0162
0.0178
0.0242
0.0112
1
0.0102
0.0118
0.0148
0.013
0.0134
0.0184
0.0138
0.0156
0.03
0.022
0.0098
0.0112
0.0146
1
1
1
1
0.0298
0.0174
0.0118
0.011
0.0172
0.0078
1
0.0088
0.0246
0.0304
1
0.0138
0.019
0.013
1
0.0106
1
0.0168
0.022
0.0192
0.0186
0.915
1
0.0172
1
0.0206
1
1
0.0136
0.0146
0.0114
0.0082
0.0108
0.02
0.0128
0.0126
0.0104
1
1
0.015
0.008
0.01
0.0108
0.0408
0.026
0.0356
0.012
0.0244
1
1
0.014
0.0262
1
1
1
1
0.1718
0.0362
0.012
0.0132
0.0228
0.0232
0.0146
0.0342
0.0144
1
0.017
0.012
0.0086
0.0104
0.007
0.009
0.0168
0.0126
0.0192
0.0708
0.0114
0.0098
0.0104
0.0092
0.0236
0.0112
0.0146
0.0078
0.0258
0.2274
0.01
0.0094
1
0.0122
0.01
0.0118
0.9946
0.1522
0.0118
0.0284
0.1934
0.0202
0.273
0.0206
0.0138
1
1
1
0.0238
0.0134
0.0502
0.0272
0.0124
0.1266
1
1
0.0112
0.016
1
0.0304
0.8222
0.0096
0.0144
0.467
1
0.0904
1
0.1002
0.8442
0.2222
1
0.2376
0.04
0.0338
0.0168
0.0232
0.0082
0.0148
1
1
1
1
0.0292
0.144
0.0192
1
0.0166
0.0136
0.0154
0.0108
0.9652
0.0092
0.181
1
1
1
0.01
1
1
0.009
0.012
0.0122
1
1
0.0246
0.01
1
0.0122
0.0354
0.0326
0.0206
0.9174
0.096
0.0196
0.0916
0.0138
0.009
0.7264
0.9976
0.0386
1
0.0338
0.1104
1
1
0.0176
0.0164
0.6638
0.0292
1
0.0184
0.019
0.0164
1
0.0136
0.0114
0.02
0.0218
0.039
1
0.017
0.0102
0.008
1
0.1352
0.9528
0.0134
0.0164
0.9648
0.0522
1
0.027
0.283
0.1236
0.0386
0.9922
1
0.034
1
0.2772
0.012
1
0.0478
0.014
1
0.0122
0.1392
1
0.0152
1
0.0108
0.0168
0.9884
0.0814
0.0516
0.1256
0.0092
0.2232
0.0214
0.014
0.0152
0.0102
0.0106
1
1
1
1
0.0522
0.0354
0.0098
0.0252
0.0154
0.0124
0.0114
1
0.0126
0.013
0.9806
0.0216
0.0106
1
0.0202
0.0234
0.0912
0.0142
0.017
0.017
0.0108
1
0.0122
0.0208
1
0.038
0.01
0.4146
1
0.0414
0.9988
1
0.015
0.0174
0.0172
0.012
0.0134
0.0208
0.0488
0.0822
0.0524
0.5404
0.3582
1
0.0788
0.0258
0.0288
0.036
0.017
0.0762
0.5828
0.0868
0.6832
0.0698
1
0.0496
0.0372
0.085
0.032
0.0506
0.0514
0.0158
1
1
0.031
1
1
0.0154
0.0128
0.0332
0.0264
0.0216
0.0934
0.0358
1
0.9024
0.0088
0.0434
1
0.021
0.0394
1
1
0.0142
0.105
0.0126
0.0106
1
0.0106
0.0292
0.049
0.012
0.0298
0.0126
1
0.0106
0.0188
0.991
0.0112
0.0288
0.014
0.5132
0.0124
0.0776
1
1
0.056
0.027
0.009
1
0.0196
0.0122
0.0118
0.01
0.0162
0.0146
0.0154
0.017
0.0152
0.0324
0.0094
0.0108
0.0142
0.0102
1
0.0298
0.0236
0.014
0.0134
0.012
0.0238
0.0104
0.0144
0.0084
0.0102
0.0104
0.011
0.0334
0.9954
0.0156
0.0164
0.0118
0.0386
0.0328
0.0146
0.0292
0.0286
0.0134
0.0326
0.0328
1
1
0.0134
0.0396
0.0176
0.0278
0.8494
0.022
1
0.0208
0.0268
0.0234
0.014
0.022
0.009
0.021
1
1
0.0124
0.01
0.0138
0.017
0.0254
1
0.0156
1
0.0182
0.015
0.014
0.021
1
1
0.0112
0.974
0.7506
0.0642
0.013
0.0386
0.0118
0.0388
1
0.0102
0.0094
0.0114
1
0.0106
0.0176
1
0.0256
0.0312
1
0.0096
0.0208
1
0.0862
0.9762
0.0198
0.0096
1
0.0604
0.0216
0.0172
0.0426
1
1
0.0128
0.022
0.0228
0.0124
0.0174
0.034
0.009
0.0098
0.0214
0.0116
1
0.014
0.0172
1
0.0088
0.009
0.4062
0.0394
0.0164
0.0126
0.0108
1
0.013
0.021
0.0244
0.0202
0.0126
0.0118
1
0.024
0.0198
0.0644
0.0176
0.3142
1
1
0.013
0.022
0.1158
0.0112
0.0242
0.012
0.022
0.0112
1
0.0264
0.0854
0.9884
1
0.0162
0.009
0.009
0.0146
0.0118
0.0098
0.0096
0.0098
0.0146
0.014
0.0132
0.0126
0.0248
0.019
0.009
0.0118
