0.0036
0.023
0.0068
0.0036
0.1206
0.0038
0.0124
0.0032
0.0032
0.0044
0.0032
0.0034
0.0028
0.0594
0.0278
0.003
0.0044
0.0888
0.0042
0.0086
0.005
0.0628
0.0036
1
0.0078
0.0044
0.0036
0.0026
0.0086
0.0068
0.0048
0.323
0.0036
0.0032
0.0034
0.0044
0.0048
0.0024
0.0052
0.004
0.0058
0.0038
0.0038
0.0028
0.0022
0.0022
0.0016
0.007
0.0022
0.0356
0.0024
0.0208
0.0216
0.0062
0.0028
0.0034
0.0044
0.0034
0.0036
0.002
0.0046
0.0024
0.0278
0.0028
0.0026
0.0032
0.0058
0.004
0.0056
0.0172
0.0036
0.0028
0.0064
0.0028
0.0044
0.0056
0.0036
0.0088
0.0042
0.0028
0.0042
0.0038
0.0028
0.0142
0.0036
0.0168
0.0042
0.0024
0.005
0.0068
0.0116
0.0092
0.0058
0.0098
0.0398
0.0046
0.0032
0.0148
0.004
0.0084
0.0044
0.0024
0.0044
0.0026
0.005
0.0176
0.0034
0.0034
0.0036
0.0122
0.0036
0.0048
0.0046
0.0062
0.0028
0.0024
0.005
0.0026
0.0038
0.0036
0.0044
0.0028
0.0014
0.0112
0.0036
0.0038
0.0026
0.003
0.0056
0.0254
0.0032
0.0078
0.0026
0.0034
0.0022
0.0034
0.0138
0.0022
0.0048
0.0042
0.0042
0.0028
0.0046
0.026
0.0036
0.0048
0.004
0.006
1
0.012
0.0102
0.0022
0.0036
0.0022
0.0036
0.054
0.003
0.005
0.0018
0.003
0.0036
0.0114
0.0018
0.0022
0.002
0.0044
0.417
0.0034
0.0028
0.026
0.0032
0.009
0.0048
0.004
0.005
0.013
0.004
0.0046
0.0054
0.015
0.0042
0.0062
0.0032
0.0062
0.0042
0.0046
0.9952
0.059
0.0048
0.0032
1
0.0064
0.0046
0.0042
0.006
0.9994
0.0352
0.0046
0.0112
0.042
0.006
0.0204
0.0146
0.0494
0.0032
0.006
0.0022
0.002
0.0022
0.0038
0.0312
0.0048
0.0032
0.0032
0.0034
0.0128
0.0112
0.004
0.0046
0.003
0.0022
0.006
0.0058
0.0014
0.0346
0.002
0.0026
0.0068
0.0046
0.0034
0.012
0.0058
0.0338
0.9864
0.0048
0.0038
0.0028
0.005
0.0042
0.0034
0.0062
0.0048
8e-04
0.0076
0.0042
0.0034
0.0034
0.0084
0.2382
0.0038
0.003
0.003
0.0032
0.0022
0.0034
0.007
0.0896
0.0036
0.0028
0.0072
0.0024
0.0036
0.0046
0.0038
0.003
0.0056
0.0098
0.0646
0.0022
0.02
0.0036
0.0028
0.0148
0.997
0.0024
0.0048
0.0022
0.1062
0.0018
0.0028
0.0044
0.0036
0.0036
0.0042
0.004
0.004
0.0034
0.0028
0.0064
0.003
0.0076
0.0062
0.0046
0.0042
0.0062
0.0044
0.0066
0.0112
0.0034
0.0466
0.0412
0.0036
0.0104
0.0026
0.0072
0.0016
0.003
0.0084
0.0312
0.009
0.9986
0.004
1
0.0034
0.0026
0.0032
0.0042
0.0046
0.0032
0.1198
0.0034
0.0048
0.0058
0.0044
0.0026
0.0578
0.0036
0.0032
0.0056
0.0028
0.0036
0.0114
0.022
0.0032
0.0128
0.0032
0.0036
0.4334
0.0036
0.002
0.1036
0.0036
0.0034
0.848
0.0058
0.01
0.0054
0.0352
0.011
0.0062
0.091
0.379
0.0114
0.0154
0.0036
0.02
0.0022
0.9986
0.0048
0.0024
0.0052
0.003
0.0022
0.0072
0.995
0.005
0.002
0.0038
1
0.003
0.0046
0.0038
0.0026
0.0036
0.0028
0.0052
0.0048
0.0042
0.0054
0.0026
1
0.0032
0.0028
0.003
0.0196
0.0088
0.0032
0.0026
0.0026
0.0124
0.0064
0.0206
0.0162
0.0016
0.0098
0.0066
0.0086
0.004
0.0058
0.0212
0.0052
0.004
0.0176
0.0044
0.0068
0.0034
0.0026
0.0178
0.0042
0.004
0.0052
0.6044
0.003
0.003
0.0154
0.027
0.0046
0.0052
0.0052
0.0034
0.0198
0.0054
0.0046
0.0422
0.0086
0.0036
0.091
0.0072
0.0032
0.0018
0.0086
0.0022
0.0048
0.0044
0.0098
0.0232
0.0028
0.0024
0.1126
1
0.78
0.0214
0.002
0.003
0.0104
0.0026
0.0042
0.0042
0.0028
0.0756
0.0372
0.004
0.0202
0.0026
0.0094
0.0044
0.004
0.0138
0.01
0.0034
0.048
0.0038
0.0084
0.0218
0.0046
0.0042
1
0.0028
0.0038
0.0042
0.004
0.0024
0.0064
0.0034
0.0082
0.0034
0.0258
0.0046
0.0046
0.0046
0.004
0.0484
0.0078
0.004
0.0042
0.006
0.0802
0.0314
0.0936
0.0034
0.0032
0.003
0.004
0.0036
0.0188
0.0026
0.0032
0.0056
0.0386
0.0144
0.0042
0.0292
0.0052
0.0018
0.0032
0.0098
0.1154
0.0032
0.0168
0.1278
0.0044
0.0062
0.0048
0.003
0.0468
0.003
0.0056
0.0634
0.0058
0.003
0.0034
0.0034
0.1436
0.0048
0.0036
0.0116
0.0042
0.002
0.0036
0.0028
0.0052
0.4862
0.0036
0.0272
0.0026
0.0512
0.2188
0.0048
0.2284
0.0046
0.0022
0.0058
0.0072
0.007
0.004
0.0038
0.0042
0.004
0.0038
0.0028
0.0022
0.0048
0.0036
0.0046
0.0048
0.0034
0.0024
0.0014
0.0042
0.0038
0.0068
0.3166
0.0046
0.0164
0.005
0.0052
0.0114
0.0076
0.0042
0.0252
0.204
0.0024
0.0032
0.01
0.0036
0.0018
0.1838
0.221
0.0042
0.0048
0.0056
0.0026
0.0146
0.0032
0.004
0.003
0.0052
0.0024
0.0062
0.0054
0.003
0.0046
0.0028
0.0046
0.0102
0.02
0.0326
0.069
0.0048
0.0052
0.0116
0.0044
0.9484
0.1048
0.0102
0.0028
0.0032
0.1488
0.0036
0.0032
0.004
1
0.007
0.0034
0.0042
0.0226
0.0328
0.0038
0.0144
0.0108
0.0462
0.0034
0.0024
0.003
0.0748
0.7096
0.0026
0.0092
0.0058
0.0044
0.999
0.0078
0.0046
0.002
0.0036
0.0052
0.0044
0.0036
0.0112
0.0136
0.0064
0.0022
0.0054
0.0256
0.0024
0.055
0.0024
0.003
0.003
0.0078
0.003
0.0022
0.2112
0.0054
0.1106
0.0046
0.0722
0.0126
0.0118
0.0048
0.0072
0.0074
0.0062
0.0036
0.0044
0.0024
0.004
0.0026
0.003
0.0034
0.0036
0.0056
0.0036
0.0068
0.0024
0.0044
0.5686
0.0062
0.0034
0.0036
0.105
0.0026
0.0096
0.0066
0.0024
0.0036
0.0034
0.0174
0.0038
0.0032
0.0028
0.0036
0.0014
0.0052
0.0048
0.0034
0.0048
0.0026
0.0038
0.0028
0.004
0.0036
0.01
0.0046
0.0032
0.0048
0.0048
0.0028
0.0038
0.0028
0.0038
0.0034
0.0048
0.0056
0.0048
0.0074
0.0098
0.0072
0.011
0.0036
0.006
0.0032
0.0016
0.0042
0.0036
0.0036
0.0408
0.0072
0.0036
0.01
0.0228
0.003
0.0062
0.0036
0.0056
0.0044
0.0068
0.2838
0.0038
0.0084
0.0028
0.0036
0.0034
0.003
0.004
0.0064
0.0046
0.9142
0.1898
0.0122
0.0136
0.0044
0.0024
0.0028
0.4668
0.0856
0.0052
0.0146
0.0416
0.0036
0.011
0.0054
0.0018
0.01
0.0134
0.2462
0.0048
0.0334
0.0706
0.003
0.0046
0.0048
0.0088
0.0042
0.0286
0.0026
0.0104
0.1686
0.0044
0.015
0.0058
0.0044
0.0036
0.0058
0.0044
0.0114
0.0036
0.0444
0.0034
0.0032
0.0062
0.5866
0.004
0.0404
0.0084
0.1218
0.0148
0.0098
0.0064
0.0026
0.6842
0.0048
0.0044
0.0044
0.0036
0.0044
0.005
0.0038
0.8454
0.0092
0.0086
0.0018
0.0028
0.0216
0.0044
0.8438
0.9932
0.2528
0.0042
0.0554
0.0034
0.0468
0.0046
0.0116
0.0038
0.0026
0.0128
0.0024
0.0058
0.0164
0.0032
0.0042
0.0018
0.0136
0.0058
0.0082
0.0046
0.0042
0.0046
0.006
0.0168
0.1774
0.1054
0.0078
0.0364
0.0054
0.0038
0.003
0.0086
0.037
1
0.0118
0.084
0.0026
0.004
0.014
0.0042
0.2866
0.9916
0.0048
0.0054
0.0028
0.452
0.006
0.0552
0.0138
0.0166
0.0182
0.0208
0.4596
0.0028
0.0086
0.4554
0.0074
0.0062
0.0264
0.028
0.0056
0.0122
0.0098
0.0142
0.012
0.0084
0.0018
0.0016
0.0282
0.004
0.0702
0.0042
0.0096
0.0028
0.1644
0.0118
0.0218
0.0082
0.0078
0.0042
0.0056
0.003
0.0042
0.0034
0.921
0.226
0.002
0.0182
0.0024
0.9444
0.0034
0.0028
0.0226
0.007
0.0692
0.0028
0.01
0.0166
0.0082
0.049
0.002
0.166
0.0042
0.0032
0.0106
0.0072
0.026
0.7236
0.0028
0.008
0.0062
0.0028
0.0826
0.198
0.0506
0.0088
0.0058
0.008
0.0042
0.0034
0.012
0.004
0.0024
0.0046
0.0036
0.0046
0.0352
0.0102
0.003
0.003
0.0028
0.004
0.0036
0.0036
0.0046
0.9894
0.0038
0.0672
0.0134
0.004
0.0042
0.0036
0.003
0.01
0.003
0.0072
0.004
0.0168
0.0048
0.004
0.024
0.0336
0.0024
0.0032
0.0052
0.0216
0.011
0.0112
0.0042
0.0034
0.004
0.0138
0.2556
0.007
0.003
0.121
0.003
0.1192
1
0.202
1
0.0694
0.0192
0.9328
1
0.0226
0.0058
0.042
0.1112
0.0186
0.0484
0.1506
0.398
0.0028
1
0.003
0.0074
0.004
0.0092
0.005
0.0034
0.0036
0.0116
0.359
0.0032
0.0484
0.0334
0.034
0.0022
0.0094
0.007
0.0096
0.0142
0.0106
0.0052
0.0084
0.0844
0.0062
0.0094
0.0294
0.0142
0.0056
0.0054
0.0036
0.0206
0.0034
0.0392
0.0046
0.0032
0.0026
0.0032
0.2372
0.0046
0.0032
0.0096
0.0046
0.0236
0.0298
0.0044
0.0064
0.0512
0.013
0.006
0.0292
0.0176
0.007
0.0034
0.004
0.0112
0.0062
0.0086
0.0748
0.012
0.0036
0.0048
0.0058
0.0026
0.0596
0.0022
0.0018
0.0254
0.0344
0.0052
0.011
0.0544
0.0798
0.0036
0.0086
0.0036
0.0034
0.002
0.0036
0.0068
0.0114
0.1076
0.0228
0.003
0.005
0.003
0.323
0.0606
0.0144
0.084
0.9814
0.0054
0.003
0.0572
0.2074
0.007
0.0038
0.1746
0.0034
0.3056
0.0058
0.0146
0.1004
0.0066
0.0026
0.0096
0.077
0.0032
0.0194
0.0524
0.0024
0.004
0.0134
1
0.1642
0.0072
0.0036
0.0044
0.0058
0.009
0.1576
0.031
0.0034
0.0116
0.0114
0.0314
0.3806
0.0174
0.0058
0.1316
0.9998
0.0104
0.104
0.97
0.3092
0.0988
0.3728
0.963
0.9894
0.675
0.9984
