0.0018
0.0016
8e-04
0.0012
0.0018
0.0026
0.002
0.0034
0.0028
0.0026
0.0014
0.0024
0.0038
0.002
0.0022
0.0064
0.0014
0.0548
0.001
0.3946
0.0064
0.0032
4e-04
6e-04
0.0022
0.026
0.0022
0.002
6e-04
0.0046
0.0012
0.0014
0.0018
8e-04
0.001
0.0018
6e-04
2e-04
0.002
0.0448
0.8492
8e-04
0.003
0.0046
0.0024
0.0022
0.0024
0.0012
4e-04
0.0016
0.0058
0.0012
0.002
4e-04
0.0024
0.0036
0.002
0.0016
0.0012
0.001
0.0022
0.002
6e-04
0.0016
0.0024
0.005
1
0.0026
0.0024
6e-04
0.0024
0.0022
0.0032
6e-04
0.0012
0.002
0.002
0.9988
0.0012
1
0.001
0.0018
0.0022
0.0064
4e-04
0.0026
0.0042
0.001
0.001
0.0026
0.001
1
0.001
0.0038
0.003
0.0016
0.0028
0.002
0.0168
0.0066
0.0034
6e-04
0.002
0.0018
8e-04
0.0016
0.002
0.003
8e-04
0.0016
0.0058
0.006
0.002
0.0026
0.0024
0.0034
0.0016
0.0028
0.002
0.0026
0.0014
0.002
0.0016
0.0012
0.0012
0.0014
0.0036
0.0024
0.0026
0.0014
0.0012
0.002
6e-04
6e-04
0.001
0.0018
0.003
0.0012
0.001
0.0012
0.0014
0.0014
0.0114
0.0016
6e-04
0.0032
0.0046
0.001
6e-04
0.0018
0.0012
0.0022
0.0022
0.002
0.0596
0.0024
0.5404
0.0044
6e-04
0.0012
0.001
0.001
0.044
0.003
8e-04
0.0014
0.0022
0.0016
0.0024
0.002
0.0012
0.0056
0.002
0.0034
0.0016
8e-04
0.002
0.0018
0.003
0.002
0.0022
0.0034
0.0016
8e-04
0.0022
0.002
0.0014
0.0054
0.001
6e-04
0.0028
0.0024
6e-04
0.0016
0.001
0.0038
0.0044
0.0012
0.0028
0.0018
0.003
0.0058
0.0024
1
0.001
0.005
0.0016
0.002
0.0026
0.002
0.0016
0.0012
0.0038
0.002
0.002
0.001
0.0012
0.0022
8e-04
0.002
0.0032
0.001
0.002
6e-04
0.001
0.002
0.0022
0.0022
0.001
0.0016
0.0022
0.0018
0.0024
0.003
0.135
0.005
0.0022
0.002
0.0068
0.9994
0.002
0.0022
0.0024
0.0028
0.0026
0.4446
0.0016
0.0016
0.0024
0.0024
0.001
0.002
0.0034
0.0022
0.0018
0.0014
0.0024
0.0044
0.0022
0.004
0.0026
0.0022
0.0014
0.0014
0.002
0.0018
0.0018
0.0022
0.0012
8e-04
0.0018
0.006
0.0018
0.001
0.002
8e-04
0.0012
0.0018
0.0042
0.0024
0.002
6e-04
6e-04
0.0014
0.001
0.218
0.003
0.0028
0.0018
0.0164
0.0012
0.002
0.004
8e-04
0.0026
0.0016
0.0016
0.0016
0.0014
0.0024
0.0016
0.0012
0.0022
0.0012
0.0076
0.0016
0.0072
0.001
0.004
8e-04
0.0014
0.0012
0.003
0.0014
0.0014
0.0016
0.0016
0.001
0.0016
0.0028
0.0014
0.0022
0.0076
0.0016
0.0014
0.0018
0.002
0.0026
0.0016
0.0018
0.0028
0.002
1
0.0016
0.0014
0.0064
0.0028
0.0018
0.0038
0.021
0.0014
8e-04
0.0058
0.0032
0.0018
0.0018
0.0038
0.0028
0.0028
4e-04
0.0012
0.0026
0.0022
0.0012
0.002
6e-04
0.001
0.0046
4e-04
0.001
0.0032
0.0026
0.0034
0.0016
0.001
0.0238
0.002
0.0024
0.0188
0.0018
0.003
0.0224
6e-04
0.0022
0.0032
0.001
0.0018
0.0028
8e-04
0.0012
0.0014
0.0016
0.0018
0.9758
0.002
0.0064
0.0066
0.0012
2e-04
0.0036
0.0038
0.0012
0.001
8e-04
0.0022
0.0014
0.006
8e-04
4e-04
0.006
0.0036
8e-04
8e-04
0.001
0.015
0.0032
6e-04
0.0016
0.001
0.0036
0.0028
0.0016
0.0034
0.0028
0.0012
0.0044
0.0026
0.026
1
0.0034
0.001
2e-04
0.0918
6e-04
0.0012
0.0024
0.0024
0.004
0.003
0
0.0034
1
0.0166
0.0044
0.0024
0.0016
0.0014
0.0012
0.001
0.002
0.002
0.001
0.0024
0.0128
0.0174
0.0026
0.0016
0.001
0.0012
0.003
0.0058
8e-04
0.0014
0.0018
0.0022
0.0032
0.0012
0.0012
0.0014
0.0012
0.0134
0.0074
0.0012
0.002
0.0186
0.0056
0.0014
0.0022
8e-04
0.001
0.8136
6e-04
0.0012
0.0034
1
0.0022
0.002
0.0014
0.0014
0.0026
0.002
6e-04
0.0032
0.0014
0.0034
2e-04
0.003
0.0036
0.0012
0.006
0.001
0.0018
0.0012
0.0018
0.0028
0.0424
0.0034
0.0022
0.0014
0.0022
0.002
0.003
0.0022
8e-04
0.003
0.0012
0.0014
0.0028
0.0016
0.0016
0.0014
0.0024
0.001
4e-04
0.0052
0.001
0.0016
0.0196
0.9998
1
0.0018
4e-04
0.002
0.001
0.0018
0.002
0.0026
4e-04
0.002
0.0034
0.0028
0.002
0.0024
0.001
0.0012
0.0016
0.0048
0.0034
0.0012
0.003
0.0036
0.0018
0.0012
0.0038
0.0058
0.001
0.001
0.0024
0.0016
0.0022
0.0314
0.0018
0.0036
0.0018
0.001
0.9932
0.0012
0.0026
0.0018
0.0018
0.0122
8e-04
0.0012
0.046
0.0026
0.0052
8e-04
8e-04
0.0058
0.0228
0.0016
6e-04
0.0012
6e-04
0.0032
0.0044
0.006
0.0718
0.0062
0.0018
0.0012
0.0026
0.001
0.0022
0.001
0.0016
8e-04
0.0752
0.0012
0.0094
0.005
0.0028
0.0028
0.0128
0.001
0.0016
0.0026
0.0028
0.0016
0.002
0.0014
0.004
0.0026
8e-04
0.0024
0.0016
0.0014
0.0012
0.0404
0.0028
0.0022
0.0272
0.002
0.0032
0.0018
8e-04
0.0018
8e-04
0.0012
0.0018
0.0066
2e-04
0.0018
2e-04
0.0012
0.0012
0.0042
0.001
0.0026
0.0012
0.292
2e-04
0.0012
0.0018
6e-04
6e-04
0.001
0.8146
0.0026
