0.8052
0.9894
0.9988
0.0232
0.1254
0.012
0.729
0.0204
0.0408
0.0236
0.0332
0.6216
0.0162
0.027
0.429
0.0122
0.0156
0.6122
0.0252
0.0522
0.0352
0.8392
0.0562
0.0838
0.161
0.1132
0.057
0.0274
0.0172
0.012
0.0414
0.1804
0.0284
0.071
0.0864
0.0282
0.011
0.0174
0.0272
0.0136
0.0274
0.119
0.0264
0.0416
0.0238
0.044
0.1808
0.0538
1
0.0186
0.038
0.017
0.0218
0.0416
0.0134
0.09
0.0166
0.0268
0.0162
0.099
0.0254
0.0676
0.0266
0.0322
0.018
0.097
0.012
0.0242
0.0202
0.0188
0.015
0.0118
0.0274
0.032
0.0112
0.0138
0.0122
0.0136
0.0408
0.031
0.0312
0.023
0.9912
0.1632
0.0326
0.0178
0.0132
0.0152
0.018
0.0114
0.0152
0.1124
0.0312
0.3286
0.0118
0.9928
0.0184
0.0394
0.0144
0.0138
0.0224
0.0224
0.0138
0.021
0.013
0.0186
0.0154
0.0172
0.1258
0.0172
0.017
0.015
0.0122
0.0118
0.0154
0.0124
0.0114
0.0158
0.0148
0.0134
0.0172
0.0176
0.032
0.0626
0.0208
0.0188
0.0168
0.0168
0.059
0.0302
0.0174
0.0146
0.0158
0.025
0.0144
0.0396
0.017
0.0134
0.0522
0.0154
0.016
0.0128
0.018
0.0218
0.032
0.0146
0.016
0.0302
0.012
0.013
0.0222
0.0178
0.017
0.0194
1
0.0136
0.044
0.023
1
0.016
0.011
0.015
0.0144
0.0186
0.0314
0.027
0.0204
0.02
0.0132
0.1504
0.0096
0.0132
0.0148
0.0184
0.0202
0.021
0.0138
0.04
0.015
0.0182
0.0126
0.0156
0.995
1
1
0.0106
0.0144
0.0188
0.0158
0.0106
0.0144
0.0324
0.0134
0.0168
0.0148
0.0114
0.016
0.016
0.0114
0.4408
0.9258
0.0136
0.0266
0.035
0.0186
0.0118
0.0144
1
0.0174
0.0134
0.0138
0.029
0.0334
0.027
0.0218
0.015
0.0108
0.0226
0.01
0.0188
0.0154
0.0144
0.0146
0.0166
0.069
0.0206
0.0182
0.0306
0.0124
0.0174
0.9962
0.0168
0.0142
0.0142
0.0138
0.014
0.0134
0.0154
0.0138
0.3568
0.0194
0.0168
0.0122
0.0244
0.0128
0.0244
0.0264
0.0158
0.019
0.024
0.082
0.0126
0.0278
1
0.0212
0.8162
0.0206
0.0228
0.0136
0.02
0.0214
0.6588
0.0122
0.019
0.0538
0.0108
0.012
0.0164
0.038
0.0198
0.0206
0.0158
1
0.0204
0.0216
0.0164
0.0146
0.0346
0.0274
0.0184
0.0136
0.017
0.0196
0.028
0.0154
0.0122
0.0372
0.01
0.4112
0.0126
0.0196
0.0162
0.017
0.0216
0.0216
0.0136
0.013
0.4734
0.0144
0.0222
0.09
0.0558
0.0114
0.018
0.0154
0.0384
0.017
0.0176
0.0148
0.023
0.0858
0.016
1
0.0424
0.0116
0.0124
0.0136
0.0268
0.0148
0.0284
0.011
0.0198
0.0226
0.0134
0.0114
0.0116
0.0202
0.0162
0.9226
0.0228
0.1322
0.0158
0.0122
0.1784
0.0294
0.0182
0.0184
0.0136
0.012
0.0142
0.8144
0.0148
0.0094
0.0172
0.0528
0.0152
0.0106
0.021
0.016
0.0948
0.0238
1
0.0166
0.035
0.0164
0.0132
0.021
0.798
0.0234
0.0164
0.0134
0.0192
0.0114
0.0152
0.0348
0.0448
0.026
0.0122
0.0132
0.0326
0.0988
0.0226
0.0134
0.0174
0.0176
0.0146
0.0148
0.015
0.0134
0.017
0.0306
0.0154
0.0238
0.7716
0.0232
0.0106
0.0166
0.0188
0.0112
0.04
0.0284
0.0128
0.0106
0.0198
0.0524
0.0172
0.0178
0.012
0.01
0.0164
0.0296
0.079
0.0138
0.0168
0.037
0.0114
0.0322
0.032
0.0102
0.0166
0.7552
0.0204
0.019
0.1602
0.0298
0.9978
0.2988
1
0.0162
0.0172
0.0318
0.0146
0.0256
0.0128
0.0118
0.128
0.0178
0.025
0.0126
0.05
1
1
0.9718
0.0122
0.0892
0.0282
0.0286
0.5936
0.0182
0.2348
0.0412
0.484
0.69
1
0.044
0.0422
0.017
0.026
0.1026
0.0228
0.0544
0.8934
0.1712
0.055
0.0342
0.9582
0.9936
0.036
1
1
0.0196
1
0.0154
0.0308
0.0146
0.0184
0.0188
0.054
0.0146
0.2316
0.0254
0.0194
0.0392
0.021
0.0198
0.014
0.0118
0.0436
0.0266
0.0146
0.0196
0.037
0.0506
0.0298
0.044
0.0184
0.0202
0.0222
0.0168
0.0146
0.0216
0.0134
0.1434
0.0186
0.0168
0.0428
0.9966
0.018
0.0132
0.0144
0.0898
0.0138
0.0178
0.0132
0.0136
0.0152
0.029
0.1864
0.0184
0.0204
0.0792
0.0214
0.0278
0.0118
0.0132
0.0432
0.052
0.012
0.012
0.0398
0.0134
0.0144
0.0206
0.0906
0.7532
0.0388
1
0.0648
0.1822
0.0238
0.0204
0.017
0.0128
0.0118
1
0.0128
0.023
0.037
0.0162
0.9876
1
0.0466
0.2138
0.1426
0.5476
0.0168
0.0204
0.0432
0.1362
0.01
0.018
0.013
0.0226
0.011
0.0184
0.0104
0.046
0.0142
0.2672
0.0298
0.0158
0.0232
0.029
0.0592
