0.0312
1
1
0.0026
0.004
0.0046
1
0.0048
1
0.0012
0.004
0.0036
0.0124
0.007
1
0.877
1
0.003
0.0112
0.0088
1
0.0022
1
0.0034
0.8934
0.0024
0.0014
1
0.177
0.9954
0.0034
0.0038
0.0024
0.0204
0.0024
0.0584
1
0.0094
0.0182
0.003
0.0076
1
0.0046
0.0016
0.005
0.0016
0.0012
0.0084
0.0018
0.0024
0.0034
0.0012
1
0.012
8e-04
0.006
0.0026
0.0108
0.066
0.0044
0.0022
0.0042
1
1
1
0.192
0.004
0.0018
0.006
0.0026
0.0024
0.004
0.0018
2e-04
0.0162
0.297
0.0058
1
0.0036
0.0024
0.9216
1
1
0.0014
0.007
0.0038
0.0044
1
0.0034
0.0064
0.002
0.0024
0.0022
1
0.0056
1
0.0026
0.0038
1
0.0112
0.005
0.003
0.0074
0.0282
0.0096
0.003
0.003
0.0512
0.003
0.0026
0.0014
0.0094
1
6e-04
0.9774
0.0018
0.0072
0.0164
0.0258
0.0624
0.0038
0.0022
0.0036
1
0.0026
0.0624
1
1
0.0022
1
0.0016
0.011
0.0028
0.1078
0.0032
0.002
0.9998
1
0.0044
0.0024
0.0024
0.0038
0.0042
0.003
0.002
0.0044
1
0.0124
0.006
0.0016
0.0176
1
0.3808
0.0044
0.0126
0.0024
0.0068
0.0032
0.0032
0.0022
0.0036
6e-04
0.003
0.001
1
0.0028
0.002
0.0082
0.0016
0.0032
0.0046
1
0.003
0.0054
0.0052
0.0032
0.01
1
0.0042
0.0014
0.0102
0.0018
0.0022
0.0034
0.1906
0.0018
0.0372
1
0.0016
1
0.002
0.0098
0.0094
0.0024
0.0124
0.002
1
0.002
1
0.0022
0.281
0.002
0.0128
0.0032
0.001
0.0068
0.0026
1
1
1
0.0034
1
0.0052
0.0088
0.0064
0.0032
0.0024
0.0116
0.0022
0.0024
1
0.0032
0.0032
0.0076
0.033
0.018
0.0032
0.0052
1
0.016
0.0172
0.0026
1
0.0024
1
0.0246
0.008
0.0024
0.0162
0.0058
0.0174
0.002
0.0064
0.0018
0.1406
0.0024
0.0038
1
1
0.907
0.0614
1
0.001
1
1
0.0042
0.0094
0.0094
1
1
0.0252
0.0294
0.0018
0.0018
0.0024
0.0242
0.006
0.0034
1
0.0102
0.0018
1
0.0032
0.0034
0.0028
1
0.0024
0.0042
0.0122
0.0062
0.0164
4e-04
0.0024
0.0016
0.0044
0.0142
0.0162
0.001
0.0026
0.0084
0.0018
0.0036
1
0.0054
0.0782
0.0066
0.005
1
0.0024
0.003
0.0018
0.0026
0.0052
0.0118
1
0.919
1
0.0068
0.008
1
0.0014
0.0022
0.0032
1
0.0034
0.0176
0.0882
0.0016
0.0028
0.0098
1
0.0324
0.0064
0.0022
0.0158
0.0078
0.0076
1
0.0044
0.008
1
0.015
0.003
0.0028
0.0046
0.0034
0.0024
0.0152
0.019
1
1
0.0028
1
1
0.0034
0.003
0.0026
1
0.003
1
0.0176
0.003
0.0056
0.0098
0.0056
0.0048
0.0042
0.0024
0.0056
0.0082
0.005
0.0032
0.0096
0.0106
0.0034
0.0034
0.0044
1
0.0024
0.0022
0.9992
0.0068
0.0052
0.0032
0.002
0.9986
0.0016
1
0.9778
0.0098
0.0016
0.0056
0.0076
0.0078
1
0.0242
0.0012
0.0098
0.0038
0.0022
0.901
0.0016
1
0.0132
0.021
0.0042
1
0.0104
0.013
0.004
0.0274
0.0034
1
0.0106
0.0072
1
0.0064
0.0062
0.8218
0.1426
0.5592
0.0092
0.003
0.0092
0.0016
1
0.0024
0.0112
1
0.0136
0.007
1
0.0034
0.622
0.0022
1
1
0.0024
0.0756
0.0018
0.0068
0.0038
0.0044
0.0016
0.9998
0.0104
0.001
1
1
0.0026
1
0.083
0.0046
0.0042
0.0042
0.0042
0.0022
0.0076
0.0018
1
8e-04
0.0132
0.002
0.0058
0.0018
0.0084
0.0048
0.0014
0.0108
0.0244
0.0152
0.0052
0.0018
0.004
1
0.024
0.0092
0.0022
0.0078
1
1
8e-04
0.6848
0.0012
0.0036
0.005
0.9958
0.0018
1
0.0028
0.0024
0.0028
0.002
0.0182
0.003
0.0022
0.0022
1
0.0024
1
0.0014
1
0.0048
0.0036
0.0036
0.0122
1
0.0028
0.0028
0.0018
0.0072
0.0038
0.9998
0.005
0.0028
0.0026
1
0.005
0.0032
0.0136
0.0122
0.0064
8e-04
0.002
1
0.1942
1
0.0024
1
0.4804
0.0132
0.0036
0.0022
0.003
0.0126
0.005
0.004
0.0046
0.003
0.0214
0.0112
0.0018
0.0142
0.0064
0.0026
0.853
1
0.0024
0.0056
0.0036
0.0064
0.011
0.003
1
0.0046
0.003
0.0252
0.002
1
0.0056
1
0.0016
0.0148
0.009
0.8706
1
0.0058
0.0022
1
0.0064
1
0.0014
0.0082
0.006
0.0048
0.0018
1
0.002
0.019
0.0052
1
0.0022
0.0042
0.0052
