0.1564
0.0534
1
0.0114
0.0116
0.0396
1
0.0162
1
0.014
0.0132
0.0114
0.0352
0.0186
0.0242
0.0552
1
0.0134
0.0176
0.0196
0.0218
0.0144
0.0158
0.014
0.7318
0.087
0.014
1
0.0208
0.0106
0.0168
0.0106
0.0194
0.0144
0.01
0.12
0.34
0.0112
0.0274
0.014
0.0108
0.1464
0.0128
0.0316
0.0202
0.0176
0.025
0.0158
0.0148
0.0088
0.0104
0.0202
1
0.0204
0.0184
0.0122
0.0144
0.0134
0.0336
0.0152
0.0084
0.01
1
0.0324
0.2426
0.0174
0.021
0.0112
0.014
0.0092
0.039
0.0176
0.0124
0.0092
0.0262
0.0218
0.0108
1
0.009
0.0184
0.0932
0.0138
1
0.027
0.0256
0.0126
0.0102
0.8532
0.0092
0.0088
0.017
0.0152
0.0132
0.1644
0.014
0.92
0.013
0.0144
1
0.0136
0.0132
0.0138
0.0116
0.0152
0.0168
0.012
0.012
0.0108
0.0798
0.0162
0.0126
0.0118
1
0.023
0.02
0.0126
0.0104
0.0428
0.0196
0.0216
0.0144
0.0116
0.011
0.661
0.023
0.0206
1
0.9996
0.0144
0.031
0.0104
0.0208
0.0098
0.0124
0.0156
0.0148
0.9788
0.385
0.0118
0.0158
0.0128
0.0114
0.0122
0.0098
0.054
0.0128
1
0.013
0.0136
0.5134
0.0128
0.012
0.0158
0.0128
0.0232
0.0138
0.0186
0.1364
0.0122
0.0124
0.0128
0.0354
0.0132
0.0134
1
0.016
0.009
0.172
0.0242
0.0126
0.0136
0.8026
0.0092
0.012
0.0128
0.0112
0.0124
0.0124
0.0138
0.0766
0.0188
0.5332
0.1896
0.0138
0.0556
0.2998
0.0124
1
0.2432
0.04
0.0692
0.0226
1
0.0114
0.0348
0.0142
1
0.0142
1
0.0128
0.0126
0.1186
0.2776
0.0114
0.0158
0.0154
0.0128
0.5716
1
0.4398
0.0144
0.9924
0.014
0.0206
0.0148
0.0158
0.0136
0.0168
0.0158
0.0122
1
0.044
0.0212
0.0146
0.034
0.0428
0.108
0.0148
0.9404
0.0266
0.0194
0.0122
0.6718
0.0134
0.0116
1
0.0162
0.012
0.0288
0.0238
0.0536
0.019
0.0128
0.0118
0.0324
0.0272
0.0194
0.9982
1
0.0604
0.014
0.1924
0.0132
0.9998
0.016
0.1634
0.0154
0.0258
1
1
0.0364
0.02
0.014
0.0136
0.0108
0.0324
0.0142
0.021
0.023
0.0184
0.0164
1
0.01
0.0168
0.0124
1
0.0146
0.0146
0.0178
0.0138
0.0218
0.089
0.0108
0.0126
0.0214
0.0156
0.016
0.0164
0.0158
0.0172
0.0104
0.0146
1
0.012
0.019
0.012
0.01
0.0254
0.0112
0.0112
0.0188
0.0102
0.0142
0.017
1
0.0148
1
0.0182
0.0152
0.0116
0.0126
0.0144
0.2082
1
0.0108
0.0144
0.0142
0.0174
0.0274
0.0164
1
0.053
0.01
0.0124
0.0286
0.0152
0.0182
0.9998
0.022
0.0186
0.012
0.0236
0.0124
0.012
0.0158
0.0268
0.014
0.0736
0.0192
1
0.9784
1
1
1
0.0142
0.0118
0.0146
1
0.0132
0.0154
0.0348
0.012
0.02
0.024
0.0198
0.0182
0.0168
0.0138
0.015
0.0346
0.0142
0.0616
0.022
0.2382
0.0142
0.0248
0.0148
0.1026
0.0124
0.0102
0.0132
0.0114
0.0148
0.011
0.0142
0.132
0.0124
0.244
0.037
0.0164
0.0234
0.0248
0.0278
0.0294
1
0.0274
0.0172
0.0236
0.0142
0.022
0.027
0.0128
1
0.0182
0.2352
0.2292
1
0.1354
0.0228
0.012
0.1388
0.0138
1
0.0704
0.0202
1
0.0156
0.065
0.1366
0.1238
0.1546
0.0182
0.0122
0.5336
0.0102
1
0.0136
0.033
1
0.0584
0.0128
0.8872
0.0162
0.0622
0.0244
1
0.0218
0.0382
0.0156
0.0132
0.0616
0.0168
0.008
0.019
0.0134
0.023
0.0132
0.0534
0.0306
0.0128
1
0.0242
0.0116
0.014
0.0138
0.0268
0.0582
0.0112
0.0192
1
0.0128
0.0106
0.0116
0.0196
0.012
0.0118
0.009
0.0134
0.0186
0.1084
0.0168
0.0142
0.0226
0.011
1
0.0166
0.015
0.012
0.0312
0.9884
1
0.3654
0.4346
0.0302
0.0092
0.01
1
0.0242
0.1564
0.0142
0.0104
0.0126
0.0152
0.0198
0.012
0.0126
0.0148
1
0.0596
0.392
0.0094
0.0248
0.0132
0.0116
0.0388
0.0134
0.7982
0.0106
0.011
0.0138
0.0188
0.013
0.0084
0.0286
0.0218
0.0378
0.3562
0.0172
0.0168
0.0226
0.0316
0.0122
0.0208
0.019
1
0.046
1
0.015
1
0.0152
0.105
0.2732
0.0124
0.0116
0.0234
0.0706
0.024
0.012
0.012
0.0186
0.1148
0.9806
0.0196
0.0126
0.0136
0.0338
1
0.0178
0.0154
0.0214
0.0194
0.0224
0.281
0.2402
0.0126
0.0138
0.0538
0.0176
0.0168
0.0226
1
0.0212
0.0118
0.0154
0.0122
0.9976
0.0218
0.028
1
0.0144
1
0.012
0.02
0.0112
0.0204
0.0098
1
0.0142
0.0214
0.0116
0.1118
0.0122
0.0132
0.021
