0.0038
0.0052
0.0028
6e-04
0.0038
0.0172
0.002
0.0022
0.0032
0.0034
0.0022
0.0034
0.004
0.0024
0.0022
0.0022
0.0094
0.0018
0.0062
0.0026
0.0016
0.004
0.0016
0.006
0.0028
0.0042
1
0.01
0.0352
0.0094
0.0036
0.942
0.003
0.0034
0.012
0.0032
0.0044
0.0244
0.025
0.0038
0.0024
0.0052
0.005
0.005
0.0036
0.0038
0.0016
0.0026
0.0028
0.0092
0.0018
0.0036
0.0042
0.0026
0.0034
0.002
0.012
0.003
0.0018
0.0016
0.0102
0.0024
0.0166
0.0108
0.0072
0.0036
0.0014
0.005
0.0026
0.0046
0.0024
0.0028
0.024
0.003
0.0046
0.0036
0.002
0.0014
0.0058
0.0018
0.0024
0.0042
0.003
0.004
0.003
0.0024
0.0014
0.0162
0.003
0.0156
0.0032
0.0038
0.0026
0.0026
0.0046
0.005
0.0056
0.003
1
0.0018
0.0022
0.003
0.0076
0.0024
0.0034
0.0018
0.0038
0.0024
0.0026
0.003
0.0016
0.003
0.0026
0.004
0.0022
0.0042
0.0024
0.0048
0.002
0.0046
0.0186
0.0048
0.0054
0.002
0.002
1
0.003
0.0016
0.0232
0.0018
0.0028
0.0024
0.0108
0.026
0.0032
0.0018
0.0018
0.0056
0.003
0.0036
0.0032
0.0032
0.003
0.0058
0.0044
0.011
0.0042
0.0254
0.0024
0.012
0.005
0.0276
0.0042
0.0026
0.0014
0.0032
0.0096
0.006
0.004
0.0054
0.002
0.0034
0.0022
0.0024
0.0032
0.0044
0.0042
0.0088
0.0102
0.0028
0.0068
0.0028
0.0068
0.4814
0.006
0.0076
0.0018
0.004
0.3342
0.0024
0.0194
0.0092
0.0148
0.0032
0.0034
0.0024
0.0026
0.0028
0.0042
0.0044
0.0018
0.0126
0.002
0.043
0.0078
0.0072
0.0084
0.0034
0.0124
0.0024
0.0078
0.0074
0.0024
0.0018
0.0032
0.0042
0.0052
0.0034
0.0066
0.0022
0.0024
0.0992
0.0028
0.0192
0.2146
0.0102
0.0018
0.004
0.0058
0.0024
0.0066
0.0064
0.0016
0.0088
0.0044
0.002
0.0042
0.0034
0.0382
0.0118
1
0.0032
0.0044
0.983
0.064
0.005
0.0058
0.0052
0.0038
0.0034
0.0274
0.0026
0.0024
0.0052
0.0028
0.2572
0.0028
0.0018
0.2832
0.0674
0.0032
0.9992
0.0034
0.0018
0.004
0.0022
0.0054
0.003
0.0018
0.0034
0.0038
0.0042
0.0094
0.0018
0.0038
0.0036
0.0034
0.0028
0.0162
0.0122
0.0046
0.0214
0.0068
0.0294
0.0038
0.0026
0.0028
0.0052
0.0022
0.0044
0.0038
0.0034
0.0024
0.002
0.0046
0.002
0.003
0.004
0.0012
0.0042
0.0028
0.0032
0.0022
0.0164
0.0014
0.0058
0.0032
0.0708
0.002
0.004
0.0036
0.0064
0.0074
0.0084
0.0022
0.0022
0.0054
0.0042
0.0026
0.0022
0.0032
0.0032
0.0046
0.0042
0.0412
0.0032
1
0.0328
0.004
0.0136
0.0064
0.0148
0.0016
0.0046
0.0082
0.0018
0.0032
0.0046
0.0356
0.0024
0.0018
0.0026
0.0042
0.0152
0.0054
0.005
0.0022
0.0044
0.0054
0.0022
0.002
0.0028
0.0026
0.003
0.0034
0.0042
0.0066
0.0026
0.0248
0.0032
0.0034
0.0014
0.0018
0.0056
0.0026
0.0036
0.001
0.0016
0.0022
0.0034
0.024
0.0064
0.0036
0.003
0.0042
0.0024
0.0344
0.1566
0.0024
0.003
0.002
0.0034
0.0082
0.0046
0.004
0.0018
0.0018
0.001
0.003
0.0102
0.2492
0.0144
0.0132
0.0036
0.0032
0.0018
0.0028
0.0028
0.0358
0.0052
0.0042
0.0668
8e-04
0.004
0.0492
0.0092
0.005
0.0024
8e-04
0.0684
0.0216
0.0032
0.0028
0.0556
0.0162
0.0024
0.0024
0.0362
0.0022
0.005
0.0028
0.0026
0.0486
0.0226
0.0054
0.0028
0.091
0.003
0.002
0.0496
0.0052
0.003
0.003
0.002
4e-04
0.002
0.0032
0.0024
0.0028
0.0046
8e-04
0.0058
0.0042
0.0024
0.0212
0.0042
0.0038
0.0018
0.0228
0.004
0.6126
0.0094
0.013
0.0042
0.004
0.0024
0.0036
0.0304
0.0014
0.0084
0.0018
0.046
0.003
0.005
0.0112
0.0026
0.0136
0.0026
0.0662
0.0036
0.0014
0.0018
1
0.0028
0.0178
0.0156
0.003
0.0282
0.2622
0.3886
0.0052
0.0038
0.005
0.0038
0.1394
0.0074
0.004
0.0024
0.0042
0.1178
0.01
0.0058
0.006
0.0034
0.0948
0.005
0.0034
0.037
0.0028
0.0022
0.0608
0.0038
0.0036
0.0044
0.0028
0.0062
0.0074
0.0056
0.006
0.104
0.0044
0.0026
0.0028
0.0076
0.0148
0.0026
0.01
0.0026
0.003
0.017
0.0042
0.0022
0.004
0.0048
0.0048
0.0034
0.0062
0.003
0.0028
0.0058
0.006
0.0046
0.0028
0.0034
0.0028
0.0234
0.0074
0.0026
0.0026
0.0116
0.0036
0.027
0.0078
0.0034
0.0082
0.023
0.005
0.0044
0.9772
0.0024
0.0026
0.0064
0.0028
0.004
0.0176
0.0276
0.0064
0.0022
0.0054
0.0044
0.0062
0.002
0.0082
0.0018
1
0.0032
0.0028
0.0018
0.0102
0.0106
0.0054
0.0064
0.0044
0.0026
0.0522
0.004
0.0032
0.0038
0.0086
0.0078
0.0034
0.0244
0.0058
0.0028
0.2466
0.0156
0.0096
0.0042
0.0042
0.0058
0.0034
0.0024
0.0024
0.0028
0.003
0.0022
0.9606
0.0024
0.0016
0.0056
0.0874
0.0026
0.0262
0.0026
0.018
0.0024
0.0016
0.0036
0.0042
0.0028
0.0028
0.003
0.0044
0.0016
0.0076
0.0046
0.003
0.0042
0.0114
0.0022
0.004
0.0018
0.0058
0.0244
0.0312
0.007
0.0064
0.0028
0.0046
0.0064
0.0234
0.003
0.005
0.0048
0.0038
0.0034
0.0034
0.001
0.0034
0.0044
0.001
0.0036
0.015
0.005
0.0048
0.0022
0.009
0.0038
0.151
0.003
0.0044
0.0022
0.0032
0.0984
0.007
0.0024
0.002
0.0064
0.0022
0.0056
0.147
0.0396
0.004
0.015
0.0272
0.138
0.0084
0.0032
0.0034
0.0022
0.0042
0.0026
0.0176
0.5092
0.005
0.0034
0.0028
0.005
0.002
0.0076
0.002
0.0052
0.0026
0.0024
0.0104
0.0022
0.0808
0.01
0.0028
0.0052
0.0022
0.0014
0.0058
0.005
0.0654
0.0022
0.0024
0.0026
0.152
0.0024
0.0024
0.011
0.0608
0.002
0.0028
0.0018
0.0018
0.005
0.0036
0.0266
0.005
0.027
0.014
0.0032
0.0086
0.0042
0.0036
0.0026
0.005
0.003
0.0212
0.0046
0.0218
0.0026
0.0126
0.0014
0.0026
0.0036
0.0028
0.003
0.001
0.0022
0.0026
0.0018
0.0106
0.0034
0.1822
0.0018
0.0036
0.0032
0.0452
0.0034
0.0018
0.7276
0.0024
0.0042
0.0062
0.0024
0.0112
0.0022
0.0128
0.006
0.003
0.003
0.0018
0.003
0.003
0.003
0.0022
0.0036
0.0028
0.005
0.0074
0.0032
0.0024
0.005
0.011
0.0042
0.0044
0.0014
0.0038
0.002
0.0022
0.0024
0.0142
0.014
0.0026
0.0044
0.0018
0.0346
0.0048
0.002
0.002
0.0586
0.0038
0.0422
0.0054
0.002
0.0366
0.0026
0.0084
0.002
0.0024
0.0018
0.0032
0.0022
0.0048
0.0056
0.0034
0.0084
0.0038
0.0024
0.0016
0.0022
0.0022
0.0022
0.001
0.0146
0.0054
0.002
0.0038
0.0182
0.0468
0.003
0.0026
0.9884
0.0042
0.0036
0.0048
0.002
0.0026
0.0072
0.8174
0.003
0.0042
0.0174
0.0184
0.0062
0.0056
0.0024
0.002
0.002
0.0042
0.0024
0.0046
0.0432
0.0032
0.3164
0.0024
0.0366
0.0022
0.0028
0.0036
0.0016
0.0036
0.003
0.0024
0.002
0.0036
0.0032
0.0042
0.0038
0.0128
0.0036
0.0016
0.006
0.0038
0.003
0.003
0.1922
0.0032
0.0042
1
0.0112
0.002
0.0056
0.0038
0.0028
0.0066
0.0022
0.004
0.0028
0.0018
0.0038
0.013
0.0028
0.005
0.0162
0.004
0.0138
0.0154
0.0084
0.003
0.0034
0.0016
0.0026
0.0244
0.0602
0.0036
0.8392
0.0062
0.0094
0.0096
0.0042
0.0014
0.004
0.0054
0.0016
0.0018
0.0024
0.0044
0.0074
0.0032
0.004
0.0028
0.0018
0.002
0.002
0.0036
0.0028
0.0032
0.0028
0.0034
0.0028
0.0038
0.014
0.0028
0.0032
0.003
0.0022
0.0234
0.0038
0.1356
0.002
0.0022
0.0042
0.0038
0.0014
0.0034
0.0058
0.0022
0.0036
0.002
0.017
0.0044
0.0056
0.0026
0.0026
0.002
0.0048
0.9988
0.0036
0.0024
0.0038
0.0022
0.0018
0.0074
0.0036
0.0024
0.0124
0.0018
0.0054
0.0024
0.0044
0.0044
0.0016
0.0016
0.002
0.002
0.0092
0.0024
0.0144
0.0028
0.0194
0.004
0.0018
0.003
0.0026
0.0024
0.0034
1
0.003
0.0012
0.0022
0.0042
0.003
0.0022
0.0024
0.0028
0.0028
0.002
0.004
0.0062
0.0022
0.0024
0.0026
0.0022
0.0042
0.0024
0.0142
0.004
0.0034
0.0028
0.0024
0.0032
0.0022
0.0056
0.0052
0.01
0.002
0.0032
0.0238
0.0046
0.007
0.0014
0.008
0.0084
0.0046
0.0048
0.0028
0.0022
0.003
0.006
8e-04
0.004
0.0032
0.0062
0.0038
0.0038
0.0038
0.0088
0.0042
0.0018
0.0032
0.002
0.0106
0.002
0.0038
0.0038
0.0106
0.004
0.0026
0.009
0.0024
0.0018
0.0072
0.0024
0.012
0.0014
0.0036
0.0042
0.0036
0.0058
0.0034
0.0028
0.0016
0.0026
0.0022
0.0026
0.0022
0.0096
0.0014
0.6038
0.021
0.0016
0.003
0.0046
0.0026
0.002
0.003
0.007
0.002
0.0028
0.005
0.0032
0.0026
0.0014
0.0068
0.0086
0.002
0.002
0.0018
0.0034
0.006
0.012
0.0094
0.0244
0.1374
0.0022
0.0032
0.0016
0.0074
0.004
0.0018
0.0066
0.1856
0.0024
0.0016
0.0024
0.003
0.0054
0.0016
0.006
0.006
0.0034
0.0024
0.003
0.0026
0.0028
0.0018
0.0022
0.006
0.0018
0.004
0.0048
0.0018
0.0048
0.0018
0.0036
0.001
0.0048
0.009
0.0018
0.0022
0.0088
0.002
0.0052
0.0624
0.0026
0.0066
0.0034
0.0048
0.0036
0.0024
0.0056
0.002
0.0024
0.0028
0.011
0.0024
0.0018
0.0034
0.0024
0.0018
0.0018
0.0034
0.0022
0.0018
0.003
0.0032
0.0042
0.0034
0.004
0.0022
0.0018
0.0026
0.0012
0.0022
0.0056
0.0034
0.0028
0.0024
0.0022
6e-04
0.0024
0.002
0.0024
0.0036
0.0026
0.002
0.0014
0.002
0.002
0.003
0.0038
0.0028
0.0014
0.0024
0.0014
0.0028
0.0062
0.0028
0.0038
0.002
0.0018
0.0018
0.0048
0.9072
0.0018
0.0048
0.0058
0.0024
0.0036
0.0036
0.0092
0.004
0.7198
0.0024
0.0098
0.003
0.0034
0.0022
0.002
0.0032
0.0076
0.0078
0.0026
0.0028
0.0028
0.0064
0.0024
0.001
0.0038
0.0028
0.0062
0.0032
0.0022
0.0026
0.0026
0.003
0.0022
0.0032
0.006
0.0016
0.002
0.0022
0.002
0.003
0.0082
0.003
0.001
0.0026
0.0068
0.0024
0.0018
0.003
0.0024
0.0036
0.0022
0.0016
0.0028
0.008
0.0018
0.002
0.0024
0.0056
0.0066
0.0038
0.0024
0.0046
0.0052
0.0274
0.005
0.0022
0.002
0.0026
0.0078
0.0036
0.003
0.0128
0.01
0.0032
0.0076
0.0014
0.0142
0.0034
0.0022
0.002
0.6988
0.0076
0.003
0.003
0.0022
0.0024
0.0018
0.0024
0.0024
0.0054
0.003
0.0034
0.0028
0.004
0.003
0.0026
0.3946
0.0032
0.003
0.0012
0.0022
0.003
0.0088
0.004
0.0228
0.0062
0.0056
0.0024
0.0044
0.007
0.0034
0.004
0.0446
0.0218
0.008
0.0026
0.0022
0.0026
0.0034
0.0048
0.0048
0.0042
0.2856
0.0042
0.011
0.0038
0.0024
0.0076
0.0024
0.0066
0.0028
0.003
0.0032
0.0052
0.003
0.0016
0.0032
0.0724
0.0012
0.0018
0.0064
0.0046
0.0038
0.0052
0.0022
0.0034
0.0032
0.0032
0.0014
0.0018
0.0022
0.0856
0.0046
0.0026
0.0026
0.0038
0.002
0.0032
0.0028
0.0024
0.004
0.0014
0.0022
0.0306
0.0022
0.0016
0.0014
0.0044
0.0068
0.0852
0.0036
0.0052
0.0112
0.0094
0.004
0.0084
0.0034
0.0028
0.0064
0.004
0.0038
0.0028
0.0016
0.0024
0.003
0.004
0.004
0.003
0.0048
0.0146
0.0038
0.0168
0.0012
0.0024
0.0036
0.0126
0.0024
0.0076
0.0018
0.0028
0.002
0.0036
0.807
0.0024
0.0034
0.0052
0.0018
0.003
0.0028
0.0014
0.004
0.0038
0.0056
0.0038
0.0026
0.0044
0.0028
0.0036
0.0026
0.0034
0.0034
0.0032
0.0022
0.0062
0.0032
0.0112
0.01
0.0042
0.0048
0.0038
0.0156
0.0068
0.0128
0.004
0.0038
0.001
0.0066
0.0026
0.0048
0.0038
0.0018
0.0066
0.0032
0.0336
0.0034
0.007
0.0068
0.0026
0.0042
0.013
0.0018
0.0122
0.0166
0.0176
0.0216
0.9672
0.235
0.0128
0.0074
0.0158
0.0074
0.0844
0.005
0.0022
0.0426
0.007
0.0224
0.003
0.0016
0.0062
0.0102
0.0022
0.0096
0.0014
0.0096
0.1046
0.0016
0.0044
0.003
0.0022
0.0966
0.0238
0.0072
0.007
0.0056
0.0022
0.007
0.0028
0.003
1
0.037
0.0014
0.0042
0.0022
0.0036
0.0108
0.0026
0.0578
0.0102
0.0024
0.0046
0.0068
0.0058
0.0102
0.0094
0.0034
0.963
0.0368
0.003
0.0038
0.03
0.0018
0.0024
0.0064
0.0332
0.003
0.0082
0.0118
0.0024
0.0106
0.004
0.0044
0.0118
0.0026
0.0134
0.0026
0.0692
0.0096
0.0032
0.0646
0.0028
0.0382
0.002
0.0078
0.0034
0.0066
0.0014
0.0014
0.0144
0.0056
0.0038
0.0052
0.0052
1
0.0028
0.8428
0.0712
0.003
0.0042
0.0012
0.005
0.082
0.0026
0.0106
0.0208
0.0458
0.017
0.0032
0.0022
0.0032
0.003
0.0038
0.0026
0.0086
0.0058
0.0012
0.0034
0.0262
0.0996
0.9996
0.0042
1
0.0216
0.1924
1
0.0812
1
0.1032
0.003
0.141
0.0048
0.0134
0.0028
0.0162
0.0126
0.003
1
0.5106
0.0034
0.0012
0.0044
0.002
0.0032
0.0018
0.0126
0.006
0.0082
0.012
0.0502
0.0088
0.0044
0.0034
0.0654
0.1218
0.0162
0.0296
0.1628
0.037
0.0054
0.0036
0.0382
0.0704
0.0176
0.0228
0.045
0.0198
0.0028
0.0544
0.0088
0.0034
0.0038
0.0118
0.0012
0.0052
0.0054
1
0.1118
0.0028
0.0014
0.0068
0.0054
0.0036
0.0022
0.003
0.0024
0.003
0.0056
0.0032
0.0084
0.002
0.0044
0.0032
0.0034
0.0048
0.0046
0.0104
0.0022
0.0014
0.0064
0.0024
0.0026
0.0024
0.0086
0.0034
0.2216
0.0556
0.0022
0.012
0.0066
0.0036
0.007
0.045
0.0026
0.0052
0.0022
0.0032
0.0076
0.7398
0.0028
0.0032
1
0.0026
0.0028
0.0022
0.0012
0.0024
0.0022
0.0966
0.0038
0.004
0.0032
0.003
0.0042
0.0024
0.2766
0.005
0.007
0.0092
0.035
0.0024
0.0086
0.0372
0.0166
0.0488
0.0088
1
1
0.004
0.0178
0.0062
0.0018
0.002
0.009
0.0038
0.0032
0.0014
0.0022
0.0016
0.004
0.0056
0.003
0.0024
0.0044
1
0.0568
0.0122
0.0014
0.0032
0.0026
0.002
0.0076
0.0028
0.003
0.0032
0.2828
0.0038
0.0014
0.0024
0.0032
0.0016
0.0046
0.0136
0.003
0.0082
0.0056
0.1346
0.0028
0.0014
0.0032
0.0048
0.0022
0.9568
0.0034
0.004
0.002
0.0034
0.0034
0.0024
0.0018
0.0018
0.0028
0.0062
0.0022
0.0026
0.0042
0.0042
0.0018
0.0026
0.003
0.0052
0.0094
0.0046
0.0024
0.003
0.0026
0.0062
0.0036
0.0022
0.0982
0.0102
0.017
0.0028
0.002
1
0.0028
0.0058
8e-04
0.0158
0.0514
0.0024
0.0054
0.0018
0.006
0.005
0.0046
0.0032
0.003
0.009
0.0024
0.0036
0.0046
0.0334
0.0034
0.0036
0.005
0.0044
0.0024
0.0068
0.187
0.002
0.0022
0.007
0.0022
0.013
0.002
0.0176
0.0216
0.0058
0.002
0.0028
0.0298
0.0888
0.0028
0.0026
0.0066
0.0098
0.0062
0.002
0.0338
0.0018
0.0038
0.0044
0.004
0.0066
0.0062
0.0032
0.0028
0.012
0.0026
0.0026
0.0026
0.003
0.0054
0.006
0.0036
0.0244
0.0074
0.0044
0.0034
0.0052
0.0026
0.0272
0.0106
0.0022
0.0014
0.0026
0.029
0.0062
0.0018
0.0294
0.024
0.0138
0.1112
0.0172
0.0108
0.0056
0.0034
0.005
0.0044
0.0022
0.018
0.0026
0.0034
0.005
0.0032
0.0024
0.017
0.0022
1
0.0038
0.0018
0.0036
0.0068
0.0052
0.415
0.017
0.798
0.0186
0.0092
0.0072
0.0114
0.2488
0.0952
0.1284
0.014
0.0026
0.0092
0.1536
0.0062
0.009
0.0082
0.112
0.0044
0.0112
0.0312
0.0166
0.0056
0.003
0.0048
0.0026
0.351
0.003
0.0038
0.0058
0.0052
0.003
0.0026
0.0212
0.002
0.0138
0.0032
0.0028
0.0052
0.0026
0.0034
0.0024
0.0032
0.0316
1
1
0.0018
0.0026
0.0026
0.8242
0.0034
0.0028
0.004
