0.0742
0.0084
1
1
0.994
0.2488
0.0462
1
0.0148
0.0108
0.1148
0.0054
0.932
0.1814
0.011
0.0094
0.0102
1
0.0116
1
0.0084
0.0064
1
0.0056
0.0108
0.1384
0.0128
0.0084
0.004
0.0302
0.0312
0.025
0.01
0.0148
0.0052
0.0198
0.0062
1
0.0174
0.0192
0.0316
0.031
0.0216
0.0082
1
0.0138
0.023
0.0388
0.0054
0.0042
1
0.1302
0.0102
0.022
0.012
0.0082
1
0.0088
0.9952
0.0086
0.0178
0.0094
0.9994
0.0076
0.0068
1
1
1
0.012
0.0034
0.0066
0.005
0.0082
0.0106
0.0086
0.011
0.005
1
0.0062
1
0.0304
0.009
0.0064
0.9992
0.0058
0.0108
0.0118
0.0052
1
0.0378
0.004
1
0.0046
0.0112
0.0076
0.0082
0.0102
0.007
0.0188
0.9436
0.011
0.0052
0.0162
0.0054
0.0076
0.0044
0.0102
0.0266
0.032
0.005
0.0122
0.1386
0.03
0.0094
0.009
0.0108
0.0164
0.0086
0.0118
0.0106
0.0148
0.0082
0.0068
0.19
0.0106
0.0094
0.0104
0.0156
1
0.0086
1
0.0108
0.048
0.0118
0.0114
0.0158
0.01
0.009
0.01
1
0.0052
0.0092
0.9994
0.0096
0.0062
0.0096
1
0.0056
0.0218
0.011
0.0056
0.006
0.0094
0.0074
0.0056
0.008
0.6536
0.0164
0.0056
0.0192
0.0106
0.005
1
0.0124
0.0092
0.0096
0.0116
0.0248
0.0056
0.0112
0.0072
0.4446
0.0108
0.0042
0.0106
0.0102
0.0056
0.0102
1
0.0202
0.006
0.0058
0.1078
0.0316
0.0182
0.0072
0.008
0.0062
1
0.0068
0.008
0.0058
0.8652
0.013
0.0064
0.0088
0.0158
0.0068
0.0046
0.0092
0.0182
0.0088
0.0114
1
0.007
0.004
0.0104
0.01
0.005
0.0102
0.0092
0.0084
0.0256
0.006
0.0106
0.0046
0.0084
0.0384
0.0246
0.0132
0.0096
0.0058
0.0094
0.0062
0.0032
0.007
0.006
0.0104
0.0142
0.0116
0.0146
0.0272
0.0128
0.0092
1
0.0096
0.0162
0.0072
0.3896
1
0.0032
0.0086
0.0182
0.0094
0.0188
1
0.008
0.0312
0.0086
0.0134
0.005
0.0086
0.0072
0.0092
0.0098
0.0076
0.0102
0.0898
0.0086
0.008
0.0052
0.0098
0.0182
0.013
0.0082
0.01
0.9146
0.01
0.0034
0.0052
0.025
0.0094
0.0094
0.0104
0.0082
0.0704
0.0114
0.0074
0.0508
0.0078
0.0484
0.0058
0.0034
0.3446
0.0118
0.2698
0.0116
0.0066
0.071
0.007
0.0094
0.015
0.0124
0.0052
0.007
0.0128
0.0186
0.0156
0.0054
0.0104
0.0164
1
0.0266
0.0266
0.0074
0.008
0.017
0.0072
1
0.1852
0.1018
0.0122
0.0164
0.0042
0.0384
0.0072
0.0078
1
0.0108
0.04
0.0076
0.0094
0.4368
0.0126
0.01
0.0116
0.0258
0.0548
0.0118
0.4426
0.0248
0.007
1
0.0226
0.0082
0.0108
0.0136
0.0606
0.0104
1
0.0262
0.0132
0.0068
0.02
0.005
0.0336
0.0082
0.025
0.0098
0.003
0.0078
0.018
0.052
1
0.0352
1
0.004
0.0092
0.005
0.0036
0.0218
0.1546
0.0078
0.0516
0.0044
0.0196
0.0052
0.0124
0.0092
0.0052
1
1
0.0036
0.0366
0.0078
0.0048
0.0294
0.0194
0.0034
0.0068
0.1836
0.0062
0.0208
1
0.0092
0.0098
0.013
0.0056
0.004
0.0094
0.0084
0.0118
0.0042
0.0038
0.194
0.004
1
0.0036
0.0032
0.0092
0.0094
0.0034
1
0.002
1
1
0.004
0.0072
0.0052
0.0072
0.0066
0.0048
0.0054
0.0278
0.0064
1
0.009
0.1256
0.3938
0.2946
0.0064
0.0054
1
0.0052
0.0042
0.0118
1
0.0084
0.0104
0.0044
0.0096
0.084
1
0.0084
0.0086
0.0092
0.0108
0.0136
0.006
0.0082
0.0164
0.0068
0.0054
1
0.0402
0.0106
0.007
0.0052
0.005
1
0.0106
0.0082
0.0128
0.0118
0.0074
0.0048
0.015
0.0046
1
0.006
1
0.0104
0.007
1
1
0.9964
0.0292
0.008
0.0092
0.0052
0.0946
0.0094
0.0064
0.0128
1
0.0184
0.013
0.0092
0.0102
0.0078
0.0066
0.0126
0.0094
0.0048
1
1
0.006
0.0066
0.0096
0.0106
1
0.0108
0.0102
0.7088
1
0.0192
0.0078
0.006
0.0056
0.0088
0.0082
0.0054
0.133
0.0102
0.0082
0.007
0.0082
0.0504
0.0072
0.0048
0.0084
0.6128
0.0042
0.008
0.0164
0.7732
1
1
0.9876
1
0.0916
1
1
0.0086
0.0094
0.0222
0.0148
0.0052
0.0122
0.0064
1
0.012
0.006
0.0052
0.007
0.0056
0.0074
0.006
0.0072
0.0108
0.0128
0.0074
0.0218
0.0084
0.0102
1
0.0242
0.0094
0.006
0.0134
0.0246
1
0.0138
1
0.0058
1
0.1208
0.0516
0.0554
0.0132
0.0208
0.0048
0.0084
0.039
0.0086
0.0158
0.1048
0.0034
0.011
0.0186
0.0202
0.006
0.0068
0.0046
0.0058
0.0314
0.0506
0.0168
0.015
0.006
0.0862
0.0648
0.0244
0.0348
0.006
0.2672
0.0208
1
1
0.0052
0.0064
0.1202
0.0228
1
0.005
0.008
0.0064
0.0112
0.0122
0.0096
0.005
0.0032
0.0062
0.005
0.008
0.0064
0.0088
0.0048
0.0226
0.0142
0.0114
1
0.0092
0.007
0.0058
0.012
0.0052
0.0054
0.0052
0.0114
0.0084
0.0054
1
0.9992
0.0052
0.0068
0.0066
0.0052
0.0278
0.0248
0.9996
0.0068
0.0124
0.9966
0.0052
0.1638
0.0042
1
0.011
