0.0032
0.001
0.0016
0.002
0.0624
0.0072
0.019
0.005
0.0032
0.0024
0.001
0.003
0.0016
0.0016
0.0022
0.0026
8e-04
0.0028
0.0014
0.011
0.0234
0.0026
0.0034
0.0866
0.007
0.004
0.0026
0.0046
0.0018
0.0012
0.0012
0.0024
0.0018
0.0014
0.0032
0.0046
0.0024
0.0024
0.004
0.001
8e-04
0.0016
0.0024
0.0014
0.0032
0.0014
0.0016
0.0014
0.0014
0.001
0.0012
0.003
0.0038
0
0.0044
0.0026
0.0016
0.001
0.002
0.0106
0.0014
0.0022
0.0036
0.0022
0.0024
0.0014
0.0014
0.0212
0.0028
0.0012
8e-04
0.0024
0.0014
0.0034
0.0016
8e-04
0.002
0.014
0.0028
0.0034
0.0018
0.0014
0.0014
0.0036
0.0062
0.0024
0.001
0.0022
0.0014
0.0014
0.0012
8e-04
0.0018
0.0138
0.0018
0.0022
2e-04
0.0048
0.0426
0.0056
8e-04
0.0014
0.0016
0.0024
0.0026
0.0056
0.004
0.0156
0.001
0.0018
0.0018
0.001
0.0016
0.0012
0.0022
0.0016
0.0012
0.001
0.0018
0.001
0.0016
0.0052
8e-04
8e-04
0.0018
0.0044
0.001
0.0028
0.013
0.0012
0.002
0.0032
0.002
0.0012
0.0018
0.022
0.0214
0.0028
0.0012
0.0014
0.0016
0.0018
0.009
0.0018
0.0016
0.003
0.003
8e-04
4e-04
0.0014
0.0032
0.0022
0.0042
0.0038
0.002
0.0028
0.0014
0.002
0.0014
0.0038
0.001
0.0366
0.002
0.0016
0.0012
0.0014
0.0014
0.002
0.0064
0.004
0.0034
0.001
0.0096
0.053
0.0032
8e-04
0.001
0.0018
0.0032
0.0014
0.0046
0.9858
0.0018
0.002
6e-04
0.0032
0.008
0.0082
0.0034
0.0032
0.006
0.0036
0.002
0.0012
0.0016
0.0012
8e-04
0.008
0.0014
0.0036
0.3484
0.0018
0.0022
0.0016
0.0018
0.0048
0.0256
0.022
0.0132
0.0356
0.003
0.0034
0.0208
0.0104
0.1162
6e-04
0.7726
0.0062
0.001
0.0048
0.0058
0.0018
0.0018
8e-04
0.0016
0.068
0.0344
8e-04
0.0064
0.0044
0.0016
0.004
0.0016
0.0014
0.0018
0.013
0.0016
0.0012
0.001
0.0034
0.0046
0.0026
0.0362
0.0032
0.0038
4e-04
0.043
0.005
0.0016
0.0024
0.0012
0.0014
0.0012
0.007
1
0.9958
0.001
0.899
0.0012
0.0018
0.0134
0.0016
0.0012
0.0014
0.0516
0.0272
0.0024
8e-04
0.0254
0.0024
0.0034
0.0188
0.0012
0.0136
0.0412
0.0094
8e-04
6e-04
0.6424
0.003
0.0014
0.0022
0.0018
0.0016
0.0058
0.0014
0.0338
0.0014
0.0034
0.004
0.0068
0.0012
0.0346
0.0018
0.001
0.0042
0.0026
0.0026
0.0104
0.0012
0.0096
0.0014
0.0034
0.0024
0.0012
0.0016
0.0016
0.0012
0.0026
0.0012
6e-04
0.0234
0.001
0.0138
0.0018
0.005
0.0044
0.0104
8e-04
0.002
0.007
0.0038
0.0036
0.0012
0.0036
0.0042
0.0012
0.0028
0.015
0.0052
0.4352
0.006
0.0016
0.0018
0.0018
0.0018
8e-04
0.002
0.0016
0.005
6e-04
0.4488
0.0024
0.0014
0.0022
0.0134
0.0032
0.0118
0.0058
0.0012
0.004
0.0028
0.0036
0.0018
0.0024
0.002
0.001
0.0012
0.0048
0.1124
0.0104
0.0052
0.0086
0.0016
0.001
0.0016
0.0016
0.0014
6e-04
0.0012
0.0022
0.0036
0.0312
0.0126
0.0018
0.0012
8e-04
0.0012
0.003
0.0144
0.0012
0.001
0.01
6e-04
0.0014
8e-04
0.0038
0.0038
0.2128
0.0028
0.0034
0.0032
0.0016
0.003
0.0028
0.0056
0.0128
0.0018
0.008
0.0116
0.0152
0.0034
0.001
0.0018
0.0018
0.001
0.0018
0.001
0.0016
0.0018
0.2334
0.0048
0.007
0.6996
0.0094
8e-04
0.0014
0.0224
0.0032
0.0022
0.0046
0.005
8e-04
0.0016
6e-04
0.0028
0.0012
0.007
0.0024
0.0018
0.0048
0.0014
0.001
4e-04
0.0018
0.0016
0.0022
0.002
0.0016
0.002
0.001
0.0024
0.001
0.003
0.0014
0.0096
0.001
0.0032
0.0036
0.0018
0.0032
0.0032
4e-04
0.0012
0.0018
0.0012
0.0016
0.0064
0.0024
0.0028
0.0026
0.0086
0.0016
0.0034
0.0216
0.0012
0.0044
0.001
0.0128
8e-04
0.0036
0.0606
0.003
8e-04
0.0124
0.001
0.0012
0.0014
0.003
0.0032
0.0018
0.002
0.0162
0.0076
0.0014
0.001
0.0052
0.0012
0.0014
0.0036
0.0014
0.0042
0.0086
0.0112
0.0014
0.0014
0.0036
0.0016
0.0016
0.0014
0.001
0.0042
0.0144
0.0012
0.0024
0.001
8e-04
0.0018
0.0024
0.002
0.007
0.0036
0.0022
0.0098
0.013
0.0012
8e-04
0.0028
6e-04
0.0022
0.0012
0.001
0.0012
0.0068
0.0012
8e-04
6e-04
0.0016
0.003
0.002
0.0016
0.0048
0.001
8e-04
0.0018
4e-04
6e-04
0.002
0.0016
0.0032
0.0014
0.0034
0.0014
0.002
0.0024
0.0012
0.0038
0.0082
0.0022
0.0014
0.0032
0.002
0.0016
0.0078
0.0352
0.0014
0.0044
0.002
0.0014
0.0016
0.0012
8e-04
6e-04
0.002
0.0012
0.0014
0.0026
0.0014
0.002
0.0012
0.0014
0.0014
0.0064
0.0024
0.0018
0.0012
4e-04
0.0054
0.0016
0.0014
8e-04
0.0022
0.0016
0.001
0.0014
0.0024
0.0018
6e-04
0.0258
0.0024
8e-04
0.0034
0.0024
0.0016
0.0018
0.0012
0.0048
0.0054
0.0014
0.001
0.0014
0.0026
8e-04
0.001
0.0012
0.0158
4e-04
0.0022
0.0018
0.0036
0.002
8e-04
0.0016
0.0026
0.0118
0.0018
0.0054
0.0012
8e-04
0.0032
0.0014
0.0014
0.0022
0.0016
0.0016
0.0052
0.0322
0.0016
0.0012
0.0016
0.0024
0.0134
0.0024
0.0024
0.0332
0.0012
4e-04
6e-04
0.001
0.004
0.0046
0.0016
8e-04
0.0018
0.0014
0.0046
0.0022
0.0016
0.0022
0.007
0.0026
0.0012
0.0048
0.0024
0.0016
0.0016
0.0014
0.003
0.0082
0.0016
0.0046
0.0016
0.0102
0.0016
0.005
0.0024
0.0018
0.0114
0
0.0048
0.0092
0.0508
0.0092
0.0016
0.0012
0.0158
0.0066
0.0018
0.0106
0.0018
0.002
0.009
0.0026
0.0022
0.0018
0.0028
8e-04
0.0048
0.002
0.0032
0.002
8e-04
0.0222
0.0082
0.0016
0.0018
0.0042
0.002
0.002
0.002
0.0024
0.0046
0.002
1
0.0018
0.0012
0.0216
0.0028
0.0026
0.0048
0.0014
0.0016
0.0028
0.0024
0.0098
0.0014
0.002
6e-04
0.0014
0.0016
0.0012
0.0012
0.0012
0.002
0.0026
0.0018
0.0032
0.0012
0.0018
0.0032
0.0018
8e-04
0.002
0.0084
0.0362
0.0096
8e-04
0.0102
0.0016
0.0014
0.002
0.0042
0.0032
0.0012
0.0024
0.0016
0.0026
0.0038
0.02
0.0016
0.0016
0.0014
0.0026
0.0022
0.0034
0.0014
0.002
0.0014
0.0016
0.0018
1
0.001
0.0016
0.012
0.0018
0.0012
0.0022
0.0012
0.0934
0.008
0.0024
4e-04
0.0026
0.0038
0.0026
0.0014
0.0026
0.001
0.0012
8e-04
0.001
0.002
4e-04
0.0016
0.0152
0.0014
0.0014
0.0014
0.0018
2e-04
0.0022
0.0014
0.0018
0.0012
0.0028
0.0016
0.0016
0.0014
0.0012
0.001
0.0104
0.0036
0.0078
6e-04
0.024
0.002
0.0018
0.0018
0.0026
0.0016
0.0116
0.0012
0.0026
0.0054
0.0012
0.0018
0.001
0.0024
6e-04
0.0028
0.0022
8e-04
0.0012
0.0016
0.0012
0.0062
0.0026
0.001
0.001
0.0116
0.0022
0.0024
4e-04
8e-04
0.0026
0.001
0.001
0.0018
0.0018
0.0068
0.0016
0.0416
0.0064
0.0024
0.001
0.0042
0.0014
0.001
0.0088
0.0508
0.0024
0.002
0.0012
0.0018
0.0118
0.0018
0.002
0.0054
0.0016
0.001
0.0784
0.001
0.0062
0.0024
0.0018
0.002
0.014
0.0436
0.0018
0.0024
0.0026
0.0128
0.0644
0.0164
0.0038
0.002
0.001
0.0018
0.0154
6e-04
0.0266
0.0054
0.0022
0.0056
0.0014
0.0306
8e-04
0.0018
0.0032
0.001
6e-04
0.0068
0.0058
0.0038
0.0018
0.0012
0.0022
0.0072
0.0014
6e-04
0.003
0.0096
0.001
0.0326
0.0044
0.0036
0.013
8e-04
0.0182
0.012
0.0014
0.0086
0.0016
0.0018
0.008
0.0026
0.0024
0.004
0.0126
0.0034
0.008
0.0018
0.0442
1
0.003
0.0034
0.0044
0.0038
0.0012
0.0036
0.0012
0.0044
0.0078
0.0014
0.0134
0.0394
0.0014
0.0162
0.0082
0.001
8e-04
0.0014
0.0016
0.009
0.0016
0.0018
0.015
0.002
0.0016
0.0038
0.0208
0.0012
0.001
0.0076
0.1612
0.0084
0.0014
0.0096
8e-04
0.0044
0.0012
0.0028
0.0026
0.0062
0.1098
0.0102
0.0018
0.001
0.0016
0.0044
0.0018
0.0022
0.0032
0.0012
0.0054
0.0014
0.0014
0.003
0.0052
8e-04
0.002
0.0068
0.0084
0.004
0.0062
0.0014
0.0054
0.0014
0.0062
0.0012
0.001
0.0026
0.0012
0.0044
0.001
0.0026
0.0016
0.006
0.0044
0.0018
0.0082
0.0014
0.0016
0.0016
0.0024
0.0018
0.0024
8e-04
0.0174
0.023
0.0046
0.0016
0.0016
0.0012
0.0014
0.0288
0.0044
0.0012
0.0026
0.0024
0.0024
6e-04
0.0122
6e-04
0.005
0.0018
0.0016
0.0044
0.002
0.0018
0.001
1
0.0054
0.001
0.0014
0.0056
0.0014
0.0146
0.0032
0.0048
0.0092
0.0018
0.0034
0.0054
0.0014
0.002
0.0028
0.0018
4e-04
8e-04
6e-04
8e-04
0.0034
0.0152
0.0018
0.0034
0.0018
0.0022
0.9922
0.0154
0.0024
6e-04
0.0186
0.008
0.0054
0.0016
0.001
0.0034
0.0014
0.009
0.006
0.0014
0.033
0.0022
0.002
0.001
0.0122
0.002
0.0016
0.0084
0.0034
0.0018
0.0048
8e-04
0.0022
0.0028
0.0048
0.0032
0.0034
0.011
0.0048
0.0026
0.0018
0.004
0.0086
8e-04
0.0014
0.0012
0.0054
0.0018
0.0224
0.0016
8e-04
0.0188
6e-04
0.0014
0.0094
0.001
0.0016
8e-04
0.002
0.0016
0.0022
8e-04
0.0012
0.0492
0.0064
0.0018
0.0098
0.0018
0.0036
0.001
0.0344
0.0018
0.0016
0.0014
0.0016
0.0038
8e-04
0.0024
0.0042
8e-04
8e-04
0.0248
0.0142
0.0026
0.001
0.0014
0.006
0.0028
0.002
0.0042
0.0264
0.0052
0.0012
0.01
0.002
0.0148
0.001
0.002
8e-04
0.0014
0.0018
0.002
0.0086
0.0012
0.822
0.0046
6e-04
0.0014
0.0012
0.002
0.0128
0.0012
0.011
0.001
0.0078
0.0078
0.0456
0.0026
0.006
0.0036
0.0184
0.0018
0.0028
0.001
0.0042
0.003
0.0052
0.002
0.0014
0.0052
0.0018
0.0014
0.0018
0.0018
0.002
0.001
8e-04
0.0086
0.005
0.001
4e-04
0.0022
0.0118
0.0012
0.0058
0.0034
0.0042
0.0138
0.0034
0.001
0.0064
0.0024
0.0014
0.0026
0.0154
0.0186
0.0012
0.0982
0.0068
0.0016
8e-04
0.001
0.0032
0.0014
0.0116
8e-04
0.0012
0.0018
0.0188
0.0024
0.0018
0.0012
0.0028
0.0012
0.0058
0.001
0.0066
0.0012
0.0018
0.0128
0.01
0.0054
0.0018
0.001
8e-04
0.0022
0.0016
0.0014
0.0302
0.0014
0.0012
0.0106
0.003
0.008
0.0024
0.0058
0.0062
0.0128
8e-04
0.0044
0.0038
0.001
0.0164
0.007
0.0022
0.0358
0.0112
8e-04
0.0052
0.0014
0.0132
0.003
8e-04
1
0.0014
0.0092
0.003
0.0086
0.006
0.002
0.0256
0.0108
0.002
0.0016
0.0016
0.0062
0.0038
0.001
0.0032
1
0.006
0.0064
0.0016
0.0076
0.0058
0.073
0.0122
0.977
0.0014
0.0072
0.0026
0.0028
0.0358
0.0068
0.0056
0.0076
0.0026
8e-04
0.0012
0.002
0.0024
0.0024
0.0064
0.0026
0.0098
0.0012
0.0042
1
0.008
0.002
0.002
0.0102
0.0018
0.097
0.0348
0.0042
0.007
0.009
0.006
0.01
0.002
0.001
0.0026
0.0154
0.0052
0.0034
0.003
0.024
0.4254
0.0246
0.0106
0.005
0.0048
0.0042
0.003
0.0036
0.002
0.0792
0.0086
0.0192
8e-04
0.0514
0.0026
0.0054
0.0314
0.0042
0.001
0.1316
0.0158
0.019
0.0114
0.082
0.0054
0.006
0.0076
0.2588
0.0152
0.0042
0.0058
0.0064
0.0016
0.0054
8e-04
0.0138
0.016
0.0032
0.0022
0.0106
0.024
0.0016
0.0022
0.0016
0.0022
0.0096
1
0.0202
0.001
0.0024
0.0024
0.0076
0.0016
0.0166
0.0028
0.002
0.025
0.0012
0.0064
0.0012
0.0012
0.0028
0.008
0.0074
0.2406
0.0014
0.0012
0.024
0.0022
0.003
0.0012
0.0164
0.0146
0.0062
0.0094
0.0012
0.0016
0.0078
0.0062
0.007
0.001
0.0034
0.0156
0.0036
8e-04
0.0216
0.0064
0.022
0.0062
0.001
0.0018
0.0092
0.0012
0.0016
0.035
0.0292
0.002
0.062
0.0016
0.006
0.0114
0.006
0.0428
0.002
0.004
0.0022
6e-04
0.0018
6e-04
0.0018
0.006
0.0014
0.0016
0.0012
0.001
0.0018
6e-04
0.002
0.0012
0.002
0.0188
0.004
0.0092
0.0012
0.0012
0.0066
0.0012
0.0014
8e-04
0.0018
0.0102
0.0012
0.0024
0.0022
0.0022
0.0024
0.0094
0.0012
0.0026
1
0.0012
0.0052
0.0014
0.0018
0.0082
0.0016
0.004
0.0076
0.033
0.0012
1
0.0024
0.9952
0.0036
0.001
0.0016
0.0046
0.0044
0.0016
0.1838
0.0138
0.9978
0.0106
1
1
0.1142
0.014
0.0198
0.5356
1
0.0026
0.014
0.0256
0.003
0.0468
0.0024
0.0018
0.0118
0.0082
0.0074
0.0012
0.004
0.0036
0.006
0.0016
0.0018
0.0026
0.0016
0.001
0.065
0.0082
0.0652
0.0928
0.0022
0.01
6e-04
0.016
0.0174
0.0172
8e-04
0.008
0.998
0.0102
0.121
8e-04
0.0024
0.0946
8e-04
0.0076
0.0188
0.0034
0.007
0.0016
0.0048
0.0052
0.0026
0.0054
0.0028
0.0028
0.002
0.0034
0.0032
4e-04
0.002
0.0014
0.002
0.0016
0.013
0.0376
0.0032
6e-04
0.0058
0.0024
0.0036
0.0066
0.0034
0.0014
0.0038
0.0054
0.0012
0.0038
0.0016
0.0016
0.0032
0.0034
0.0054
0.002
0.0016
0.0016
0.0036
0.0186
0.0016
0.0016
0.3176
0.0122
8e-04
0.0022
0.0964
0.0028
0.0112
0.0206
0.0086
0.0026
0.002
0.0014
0.0022
0.0216
0.002
8e-04
0.0018
0.0072
0.0014
0.004
0.0032
0.002
0.001
8e-04
0.0016
0.001
0.0192
0.0016
0.0024
0.0014
0.0012
0.0022
0.001
0.0048
0.0132
0.0012
0.021
0.0136
0.0014
0.0046
0.0016
0.0024
0.0022
0.0014
0.0018
0.0336
0.0236
0.0042
0.007
0.042
0.002
0.0014
0.0016
0.0026
0.002
0.0018
6e-04
0.0098
0.0012
0.0012
0.0014
0.0014
0.018
0.0012
0.0012
0.0022
0.002
0.0032
0.0284
0.1296
0.0054
0.0142
0.005
0.0072
0.0068
0.0018
0.998
0.0014
0.0026
0.004
0.0064
0.3308
6e-04
0.025
0.0012
4e-04
0.0016
0.0028
0.002
0.0188
0.6654
0.0308
0.7406
0.0164
0.007
8e-04
0.028
1
0.001
0.0118
0.0038
0.0036
0.0018
0.0294
0.0034
0.0018
0.0014
0.0048
0.0056
0.0036
0.0016
0.0118
0.0022
0.008
0.0084
0.0186
0.005
0.0018
0.0302
0.0116
0.0082
0.02
0.0296
0.0022
0.0012
0.0022
0.0028
0.0038
0.0026
0.0022
0.0042
0.0622
0.0026
0.0026
0.0126
0.0074
0.0204
0.1766
4e-04
0.0018
0.0014
8e-04
0.0086
0.009
0.002
0.0036
0.0018
0.0014
0.0046
0.0208
0.0088
8e-04
0.0078
0.003
0.0026
0.0024
0.0338
0.0014
0.0014
0.0014
0.0134
0.0202
0.006
0.012
0.0272
1
0.0016
0.1092
0.0018
0.0044
0.0014
0.0028
0.0348
